#ST: 0
#STNAME: samples
#COPY: testo/fattorino_hard.input0.txt
#COPY: testo/fattorino_hard.input1.txt

#ST: 10
#STNAME: sub1
# N <= 10, M <= 20, K <= 10 (Floyd-Warshall/Brute force)
# Args: N M K TYPE SEED
5 7 2 1 1001
10 15 4 1 1002
10 20 10 1 1003
8 12 5 1 1004
10 9 1 1 1005
5 7 2 1 10011
10 15 4 1 10022
10 20 10 1 10032
8 12 5 1 10042
10 9 1 1 10052
5 7 2 1 10016


#ST: 15
#STNAME: sub2
# N <= 1000, M <= 2000, K <= 1000 (Dijkstra from each chiosco)
# Args: N M K TYPE SEED
500 1000 100 2 2001
1000 1900 500 2 2002
1000 2000 1000 2 2003
800 1500 800 2 2004
1000 999 100 2 2005
1000 2000 500 6 2006
1000 1500 800 6 2007
500 1000 100 2 20011
1000 1900 500 2 20021
1000 2000 1000 2 20031
800 1500 800 2 20041
1000 999 100 2 20051
1000 2000 500 6 20061
1000 1500 800 6 20071

#ST: 20
#STNAME: sub3
# K = 1
# Args: N M K TYPE SEED
1000 2000 1 3 3001
20000 40000 1 3 3002
50000 100000 1 3 3003
50000 70000 1 3 3004
45000 90000 1 3 3005
1000 2000 1 3 1
20000 40000 1 3 2
50000 100000 1 3 3
50000 70000 1 3 4
45000 90000 1 3 5

#ST: 25
#STNAME: sub4
# t_i = 1
# Args: N M K TYPE SEED
1000 2000 500 4 4001
20000 40000 5000 4 4002
50000 100000 20000 4 4003
50000 90000 10000 4 4004
45000 90000 30000 4 4005
50000 100000 20000 4 40031
50000 90000 10000 4 40041
45000 90000 30000 4 40051

#ST: 30
#STNAME: sub5
# Full constraints
# Args: N M K TYPE SEED
2000 4000 1000 5 5001
25000 50000 10000 5 5002
50000 100000 50000 5 5003
50000 100000 10000 5 5004
50000 100000 100 5 5005
50000 99999 25000 6 5006
50000 100000 50000 6 5007
40000 80000 20000 6 5008
