1000 999 100
29 353 7499
6 580 4257
822 956 394
136 532 4108
13 23 386
187 226 9132
31 56 132
401 503 8370
66 407 5875
50 168 3270
283 485 4536
19 20 2787
100 222 4445
27 756 9958
178 999 3422
105 607 7389
151 167 1084
356 436 8617
65 140 1784
47 657 4156
117 307 2169
262 959 4300
21 471 4699
147 221 6185
2 925 3953
18 830 1325
740 887 6164
168 632 1257
57 247 9611
259 347 6699
123 668 3541
165 253 4500
100 838 480
125 171 2936
563 897 9941
35 193 1658
161 252 8163
33 331 3139
191 267 8968
63 209 1086
45 295 6456
22 395 9808
71 203 2002
729 753 2122
187 727 1337
318 864 5888
8 12 5011
85 418 893
134 458 3335
23 207 5864
85 225 171
373 898 5711
266 907 3217
180 371 9371
316 877 4542
423 870 2547
224 784 79
240 283 6026
209 333 2382
231 943 3720
31 389 2096
377 441 6214
113 737 9154
37 321 535
567 930 6307
430 749 7085
247 610 5253
505 913 4179
585 958 6167
93 573 6378
91 183 5196
84 126 7627
199 549 28
426 982 1070
557 718 7236
514 735 6587
10 296 6680
61 124 4540
149 330 4405
159 169 5047
301 444 528
86 129 6448
47 365 9513
377 567 5410
135 314 1034
36 178 8937
543 557 9938
99 170 2307
366 688 9789
422 472 9698
30 123 7792
496 620 4697
251 667 6478
105 539 626
7 9 3494
143 411 2896
198 319 3204
216 223 2810
1 182 5024
150 604 3358
24 661 8573
669 992 4535
149 464 5921
47 159 4275
267 377 4361
148 623 3995
7 349 6523
25 154 953
383 936 6635
136 358 5465
30 309 466
428 438 8847
245 676 9758
44 73 5543
442 722 5117
230 382 9681
415 432 7857
197 300 60
595 970 6173
137 439 1857
399 556 152
29 250 937
21 109 5102
196 240 5946
177 881 9746
294 342 6641
14 84 5944
544 874 554
80 269 3096
267 820 2679
254 339 7369
185 495 2502
84 91 87
66 341 8456
819 890 422
354 391 4809
73 669 7742
431 483 2101
631 811 7191
9 21 9516
36 39 3905
179 490 3289
377 445 3758
81 217 1260
62 401 6739
299 827 8341
267 893 3042
405 790 1891
48 61 1274
290 451 7260
14 137 7909
180 550 3720
21 642 4992
30 702 9543
104 566 2966
508 711 7459
337 679 2128
268 687 8873
33 143 3753
95 733 4438
558 823 9508
49 599 8309
605 795 6455
13 265 3193
270 979 5918
108 910 1844
19 278 4361
326 785 9244
468 755 7454
398 678 4822
708 851 6878
322 640 1993
872 938 4374
82 412 1048
930 940 4056
16 27 5635
144 685 4214
333 440 7873
158 621 6055
853 858 6190
506 841 5827
284 427 7363
103 421 8655
21 36 6
4 11 9448
250 388 2240
830 840 2224
263 311 6843
780 947 8835
400 739 591
682 775 4282
216 487 1296
40 112 1098
2 10 5371
624 946 5018
213 463 1897
807 876 857
683 725 5702
224 634 7693
215 558 2869
5 719 487
20 131 1847
264 593 7538
177 530 4784
160 273 5217
17 190 5170
385 415 1524
730 861 6257
323 405 9741
282 998 8065
257 481 8990
191 260 1298
866 986 5700
174 488 5182
304 437 5495
150 701 661
321 615 2100
277 384 917
13 96 2383
195 263 2070
105 886 9891
594 799 8158
165 565 5867
7 14 3742
343 376 6175
221 763 378
322 553 8152
3 589 4435
7 318 6783
552 628 5957
79 197 9510
159 478 7876
8 281 5254
15 54 494
26 33 2026
10 740 7187
14 15 6139
11 258 3334
180 202 3568
97 122 8982
471 646 872
53 594 6393
54 499 997
6 103 4947
519 591 7515
273 598 5706
119 741 2617
383 592 5962
287 680 9310
377 618 1080
358 656 582
262 433 4606
279 528 7188
594 770 3873
48 220 7082
386 905 6184
579 859 9344
460 524 9475
529 554 955
341 545 3907
112 147 6479
193 372 593
49 75 1780
192 367 8959
33 568 594
155 236 6427
41 192 7845
9 17 9690
87 306 1219
144 393 7521
469 673 5477
120 762 9525
265 292 4547
47 885 1937
89 271 4407
153 213 1522
768 967 1341
95 519 5792
169 714 8556
138 189 3420
18 41 4807
222 259 1824
116 394 4446
146 215 6894
323 448 7612
23 71 2054
421 506 622
56 219 3678
98 224 2209
359 704 6981
15 30 7633
96 272 3899
636 670 8005
83 138 3864
268 364 1615
110 839 7766
61 430 3823
79 316 6557
115 512 5637
152 400 7979
2 25 5045
32 38 490
171 228 7300
44 204 625
2 31 6412
407 852 5399
157 238 4753
47 74 6984
74 452 8564
821 825 8699
401 419 6538
44 298 4566
383 796 6842
147 304 6209
109 742 1564
585 703 6095
293 651 4889
309 892 5555
1 4 3556
2 6 8994
121 165 8597
284 845 5812
282 443 7873
4 5 4761
203 561 6263
65 525 2937
381 631 3217
898 921 1316
126 647 9387
61 105 4227
425 779 4080
227 326 5276
279 630 9299
324 650 4523
392 461 6985
2 455 630
96 98 6399
281 494 8275
400 547 9779
57 59 817
298 891 9295
10 310 4959
388 476 5276
782 901 7239
13 186 8269
88 102 1033
322 446 8742
170 262 9296
232 991 1211
116 237 9868
12 57 5701
798 966 8833
74 600 1300
37 72 1464
292 588 9954
53 935 8298
637 700 3685
4 465 8826
716 911 487
246 399 3450
4 32 7064
402 871 2981
525 776 8178
251 597 1633
738 837 8867
195 789 2278
542 662 550
559 697 9294
503 768 665
111 136 7662
597 712 1396
1 37 336
206 308 1326
46 115 6317
202 246 887
15 62 4023
736 780 4023
328 761 2836
241 757 9242
15 398 3258
207 603 4588
131 562 7231
419 477 2673
172 533 3255
467 470 4002
328 774 9820
60 101 5703
422 649 3411
28 945 6332
218 934 8711
19 212 1242
261 849 3230
710 974 5226
39 879 8244
82 104 3850
131 334 8114
235 359 9341
63 86 8872
226 383 5486
90 813 9013
29 48 8906
217 366 7474
9 144 2557
106 127 3346
435 984 3569
131 831 9428
702 883 5993
318 555 4756
102 466 4207
1 80 4828
104 480 7691
221 638 6460
95 721 4762
343 497 4363
206 285 4783
6 404 9238
47 535 4146
17 97 836
30 817 7041
419 754 7458
659 666 3949
380 570 4889
699 716 8613
720 983 9086
274 435 3277
43 232 139
68 132 9553
170 268 9796
345 608 9908
356 493 1985
712 899 1465
54 63 412
6 22 8023
628 869 1333
189 289 8434
195 552 1487
182 915 8740
134 153 8049
412 674 6012
340 542 9958
31 119 8452
195 385 915
188 617 804
56 110 7831
61 79 2060
236 302 3796
99 832 1159
229 402 6105
512 800 7608
743 978 6172
256 587 1325
224 595 6138
372 659 1501
318 635 2437
63 133 8264
119 200 3875
32 251 6193
203 328 7218
44 93 5031
156 198 4520
556 971 1178
178 416 6267
23 47 1784
257 413 4143
370 572 1835
183 684 3669
117 375 4733
137 918 9428
593 805 509
39 337 8657
469 683 3855
87 227 8638
511 791 1503
210 510 3700
404 765 4020
138 320 5279
68 95 1422
29 527 9225
836 878 7181
17 94 8466
110 551 7830
490 698 2106
13 655 5814
28 114 2239
125 504 5152
267 380 7892
409 758 9583
108 854 3113
233 808 6935
56 201 8482
535 797 1393
139 196 2538
587 919 7938
59 937 7925
56 161 9769
219 875 6640
240 374 2837
811 908 1259
142 173 383
20 355 9174
20 163 4649
202 581 2901
146 338 7336
341 513 6420
546 815 5516
287 889 2440
858 949 3572
249 526 7050
738 759 21
66 229 2356
358 664 3834
493 928 918
206 896 8700
147 329 8615
12 149 2220
324 865 792
171 361 8236
173 290 4911
151 514 9229
102 249 1259
183 344 8756
99 856 4727
362 835 6146
354 482 5425
409 456 3973
216 961 657
6 8 7170
106 214 6711
174 369 2635
394 639 7662
151 788 9718
250 354 598
233 323 8754
45 206 5150
72 531 1939
232 717 2670
540 723 6024
129 822 4637
44 449 6149
171 230 3349
365 750 9858
5 184 3299
375 751 8346
344 486 8528
227 261 5215
357 730 2465
6 457 4418
10 150 2652
786 829 593
223 576 5223
117 244 8199
155 559 56
71 128 2844
216 425 3110
590 931 8789
99 641 4875
807 819 7529
154 158 3389
110 356 247
7 985 3363
57 135 1694
9 340 2006
83 853 8461
42 44 3973
53 172 6855
81 540 925
215 479 9992
736 844 1271
570 682 7615
62 509 9341
146 208 8120
70 569 3767
521 846 5521
40 53 2285
737 848 4339
822 964 2947
59 955 2188
98 322 3508
647 802 7844
98 529 5764
28 117 5775
546 709 756
330 336 6383
135 658 9320
18 130 9070
173 185 2833
385 767 2222
251 270 6404
143 653 6900
436 952 3144
31 45 5057
64 403 8590
123 707 1567
400 939 5698
13 636 5189
103 706 418
113 155 3025
199 574 3152
552 836 5875
1 3 1663
288 379 9975
722 988 428
228 291 1445
209 612 9407
103 348 9909
680 781 9819
53 82 8273
63 857 3789
126 315 9151
124 180 7785
228 248 1066
44 381 9419
13 239 8645
245 713 3106
919 995 5600
36 111 7340
5 43 5819
509 902 6359
97 120 9158
272 633 8561
95 948 6177
394 778 5654
20 34 5553
26 392 902
305 654 8877
362 694 7688
716 826 4468
49 277 1476
239 726 1264
99 118 8024
71 175 728
427 996 675
161 429 209
545 729 4259
48 414 9100
83 134 1323
179 801 2990
83 187 5430
111 121 7106
158 665 5699
616 689 5253
366 626 8705
115 715 6184
419 973 9509
8 24 3186
161 312 3359
50 677 9591
956 990 8809
261 423 1773
160 691 7182
56 351 9959
99 106 111
375 748 2951
229 301 2159
271 447 1723
489 508 4489
220 738 6344
10 77 5073
155 294 4367
394 720 2227
145 254 2430
404 536 204
2 64 905
109 981 7411
77 241 5706
451 932 5169
168 454 6090
435 771 2771
137 362 8975
416 534 4201
409 469 8946
21 65 9573
240 410 4926
286 912 5181
159 459 6094
771 782 9970
70 352 4862
474 609 2073
109 299 625
135 611 623
36 828 23
15 76 6492
62 113 626
267 287 9718
17 78 6910
222 279 1610
323 602 2928
304 492 4919
88 710 6798
199 498 6254
100 288 6352
232 489 1144
6 850 1874
300 962 9584
195 944 9419
85 732 8579
613 900 5790
272 422 5542
238 538 8585
344 681 9119
363 843 9555
86 243 7949
192 507 8376
29 99 4342
780 980 1329
53 88 1285
300 420 4934
3 426 4258
612 705 4133
3 987 4841
419 968 8257
201 614 9440
139 787 9114
30 179 6816
142 166 9807
860 954 3160
394 810 7168
330 453 1709
229 950 7910
62 786 6638
11 736 473
2 35 8662
158 434 6732
919 927 2234
385 648 4997
214 335 3173
25 386 4200
88 543 5226
29 266 2970
574 690 1861
804 884 1302
190 475 2267
234 473 3419
601 963 3666
783 933 266
27 141 9665
350 460 5628
25 83 4792
74 976 2423
642 803 2294
280 863 9434
14 274 7909
120 909 9967
71 107 2051
529 906 8785
93 151 4614
405 577 4393
182 894 9374
642 644 97
28 70 5684
266 699 8507
74 744 6698
44 50 3197
57 605 9704
61 125 8478
47 51 638
77 872 8967
3 26 1586
4 18 2968
142 256 5515
89 177 1654
289 903 733
181 255 1390
23 142 7397
477 917 825
148 350 107
409 590 9449
172 235 6883
459 686 4150
133 616 3132
903 941 6495
4 7 2759
67 92 9565
492 515 6686
10 363 7322
427 491 988
130 916 9161
435 868 8918
44 49 3144
1 19 647
527 807 724
79 176 2935
283 812 8168
167 821 3775
523 997 5467
87 564 4549
569 957 3839
284 582 5674
22 467 9149
134 766 6069
18 90 6963
66 760 4466
715 752 2179
189 989 6405
28 66 7880
569 584 6674
486 613 4070
444 804 7248
462 563 82
146 1000 6346
187 428 3691
183 417 241
54 305 6991
200 280 4711
23 40 5714
91 360 1721
97 100 7172
10 663 6576
274 517 7533
413 637 5945
494 660 3305
103 108 8597
142 396 1538
127 257 8568
121 969 7689
386 914 3207
271 442 7440
173 619 5742
107 152 9241
275 994 41
272 579 6700
367 977 7164
47 606 29
80 162 7488
83 745 790
262 671 1408
367 622 3825
102 216 3053
6 148 6796
301 317 8654
107 942 4385
25 42 6928
308 387 1078
204 522 9211
621 847 9920
31 276 6427
367 390 7600
58 585 3457
495 672 8267
45 233 4310
21 794 2370
20 234 3330
129 450 1840
2 16 9369
219 575 6376
71 724 3287
646 855 1641
552 624 9546
90 231 7315
28 773 5570
172 824 4398
550 842 4917
221 293 4133
377 880 1839
246 696 3957
51 55 2312
17 297 8288
660 692 2055
63 181 7167
241 895 6401
212 818 7075
124 548 9338
330 505 6426
436 502 9262
308 922 7543
30 218 1702
6 13 9776
186 188 9554
513 975 4427
356 675 571
125 146 1850
609 972 3657
79 85 2786
679 960 6062
558 993 3746
664 708 6729
380 625 8405
479 541 511
425 777 2598
31 69 3339
72 431 9945
332 560 3289
254 546 6877
436 544 1825
97 116 5940
151 343 9760
411 645 224
490 783 7926
402 833 6901
66 282 7198
377 496 4576
14 81 4757
290 731 2683
59 67 5940
233 516 3546
114 629 1753
783 873 1778
58 798 3941
20 68 5240
481 627 4360
175 210 9271
108 145 1395
246 284 7017
231 769 4370
18 303 6200
104 332 2088
216 500 9416
254 424 4966
202 596 7948
124 160 7424
12 199 2922
8 46 6779
191 746 6989
348 834 5295
105 866 6181
917 965 2672
49 345 6072
83 205 6912
169 275 1306
34 888 5313
174 929 7898
53 772 1801
302 578 9154
146 164 8433
114 571 6563
461 747 9443
407 926 3593
10 286 3347
113 923 9503
317 511 9139
129 325 4757
574 793 9520
739 809 6317
38 537 5441
239 242 427
179 474 7738
31 87 1517
89 501 8244
149 195 8136
83 601 3359
5 174 2239
103 397 9881
191 264 1994
176 521 5203
434 583 3942
64 373 5337
280 368 6935
189 211 3410
56 409 4405
25 29 6016
404 408 5895
11 734 4761
112 156 8124
455 806 5587
117 324 1791
254 792 8140
45 52 5323
94 357 1456
6 28 6000
941 951 2048
369 953 9118
324 695 337
70 816 9400
435 523 4029
441 643 179
419 924 624
397 693 5568
473 814 897
32 313 1788
153 157 7418
575 882 5043
124 191 5049
193 327 6718
241 586 196
10 728 8402
389 468 3513
347 484 3848
731 764 8740
444 860 9680
12 139 9364
78 920 8456
398 406 1308
329 378 1644
319 904 4959
21 60 7017
1 2 5945
395 520 442
29 89 4553
464 518 3536
214 346 9175
672 862 7903
27 245 1943
51 462 8532
18 194 5390
48 58 3696
164 743 538
77 370 2989
726 867 5828
52 652 9947
487 4687
613 3919
964 1648
347 13686
294 1176
997 5843
279 14572
333 4411
956 12570
704 1451
768 2886
532 7158
783 4166
809 14972
960 7439
705 6142
720 11388
379 9045
689 7166
968 4384
972 13747
259 5711
904 7718
861 3475
961 7614
236 9064
609 13186
681 9645
639 3728
698 4311
973 3442
822 13568
342 5567
500 13902
848 717
560 9787
155 10650
223 6232
967 12263
358 5780
862 11640
829 12053
708 5293
503 708
656 12405
983 5317
484 7168
754 5749
901 5120
526 7054
534 13938
873 2159
612 11874
626 12305
917 5414
737 6451
778 9975
477 8478
688 12448
576 4825
651 10529
559 3497
578 13659
129 3883
934 7316
253 340
425 13611
718 3244
302 3265
900 3085
325 12941
255 11518
902 9032
697 7111
851 13483
630 10161
679 7150
777 1705
779 14352
515 12676
782 8269
990 10989
801 2394
565 12425
165 1046
923 180
664 10892
419 12690
450 9497
486 2447
965 9999
474 4329
924 4253
810 14549
933 13823
440 3186
243 8284
616 11105
969 7924
528 12815
