1000 1900 500 254
159 164 4067
756 787 6946
534 677 9132
202 843 4269
606 870 2976
565 784 37
698 804 7028
132 267 2054
88 499 1479
477 822 4531
579 772 8643
317 816 2158
398 891 3290
70 74 1421
429 470 9542
493 955 468
528 668 8881
548 915 2953
91 998 7627
127 208 1000
161 230 1603
41 76 4435
187 556 124
587 1000 2083
699 844 696
370 880 1019
510 565 9973
63 959 8582
94 380 7795
352 616 6801
98 841 6810
454 680 1377
455 955 6071
10 56 30
353 748 9318
578 733 7667
370 419 7563
254 472 9390
25 824 5927
14 297 7808
185 781 6070
850 905 2253
126 311 3652
12 42 2222
256 489 7249
127 508 915
203 548 562
322 642 1854
2 63 9519
210 495 4030
327 793 1543
308 628 5815
603 738 7285
27 300 6393
126 826 4657
85 340 2859
556 929 6291
462 477 1531
168 388 1773
200 251 9835
568 685 8173
492 880 6356
14 38 4359
255 836 6769
27 522 9405
121 130 8293
716 975 3988
519 528 9348
123 143 6915
661 999 9919
313 346 8639
67 237 9608
81 817 7645
502 865 7830
491 896 9722
43 207 7798
403 631 2643
223 311 8219
112 378 9927
44 973 5376
547 688 9308
47 807 8601
101 263 5428
98 883 3015
181 866 9336
193 379 1280
27 59 526
484 874 9826
124 507 5731
142 845 5000
667 862 9966
205 569 1267
101 345 8603
579 920 9200
463 713 9424
58 800 4722
333 647 2048
288 347 6420
191 233 7788
273 774 7468
278 731 3453
227 259 7631
381 999 2735
472 603 3399
509 992 10
203 794 3740
458 924 2519
87 823 1672
583 665 6961
159 474 4835
102 940 8675
587 871 3678
71 771 1129
338 916 5804
70 316 4809
768 813 2989
116 119 5179
4 48 7287
593 656 442
48 574 3376
39 61 1838
483 919 9111
11 587 2060
77 856 5231
132 414 7547
37 704 1048
681 947 8032
146 960 1613
413 715 3797
588 788 5547
88 306 6935
106 838 1235
227 294 6371
263 543 8261
252 346 296
587 625 1800
142 727 3217
3 27 9759
239 615 3409
47 469 696
5 28 7966
467 513 8572
273 334 3065
164 204 8301
847 864 2305
104 740 2417
784 899 5210
82 576 4822
48 649 5521
161 235 5435
103 289 1111
397 788 1220
230 385 7951
575 638 2472
525 851 5113
76 336 9385
18 51 5288
257 297 5359
82 158 7904
8 248 9299
86 559 9505
43 87 9943
826 867 2211
392 882 4114
38 109 5535
160 897 1455
485 904 6155
239 804 5375
383 492 1905
66 172 4740
724 880 3303
885 887 5871
137 594 3634
200 215 3369
286 514 1023
388 804 7473
469 478 3910
287 688 1479
456 460 1169
750 805 5614
116 138 9519
701 915 1693
238 952 1669
349 770 5574
340 479 2324
110 921 8586
273 295 9334
491 521 1228
384 494 9469
307 411 524
725 807 3657
628 828 5776
117 752 1280
193 952 4319
379 386 6551
827 895 4975
209 368 1062
140 285 6346
446 464 653
295 619 4683
60 215 4294
322 806 1627
531 819 2446
403 606 9688
148 858 6329
31 77 3154
631 818 5039
934 978 2492
559 966 3743
49 659 9045
25 270 7986
331 632 461
202 844 6882
128 380 88
48 996 3277
131 488 9621
197 622 3492
460 558 4419
28 186 5989
769 902 9329
44 49 5523
139 648 4933
287 930 3020
210 808 7867
108 422 8749
712 943 8616
131 550 8331
324 721 3445
356 432 6324
106 197 3632
675 946 8741
74 79 2029
205 785 695
314 653 725
437 481 177
826 895 4799
50 327 8203
675 807 3556
87 179 8124
359 588 956
201 880 2068
409 684 4908
183 694 1924
48 93 43
259 535 183
10 878 7733
502 540 3281
327 909 5381
76 409 7723
62 524 6
371 976 1786
72 176 9833
462 830 7237
206 586 2500
133 139 7168
544 891 160
233 241 4700
122 304 9695
674 692 3694
1 7 2927
577 592 9854
89 211 5371
7 265 754
282 757 2170
330 385 8252
543 767 7438
144 282 8069
281 423 4847
71 153 1868
749 884 6757
371 789 7452
133 303 8559
485 716 5459
536 927 6203
224 972 7012
53 415 5823
85 422 71
378 830 4963
168 625 3012
620 778 8026
14 604 6100
200 742 5732
48 83 1813
188 689 9658
21 53 5812
692 948 5448
29 45 4665
553 966 6740
14 659 9871
42 405 5746
24 159 6626
459 517 5810
358 694 9179
469 999 2636
105 370 5866
97 420 6461
128 478 2690
220 853 895
182 575 3086
869 983 7042
92 276 3163
62 518 2263
241 718 8692
17 35 7014
224 250 9335
185 497 2381
147 368 5208
71 112 4388
197 289 1115
46 642 9254
304 500 9084
224 542 2995
137 321 8677
641 670 6839
8 608 9707
467 606 3568
342 661 138
281 806 3600
240 353 5609
424 726 401
608 684 2224
471 859 8145
1 20 2507
340 376 9923
164 173 5873
1 12 98
139 375 1190
642 759 8607
9 264 8698
582 983 4754
241 336 1685
467 802 2095
234 597 4397
406 428 2732
213 577 5616
72 262 2558
550 741 5257
484 720 2972
123 287 7494
125 930 9465
97 610 3030
394 437 2749
147 679 9684
181 240 9389
414 563 429
204 811 1309
679 769 8521
61 673 6434
382 548 6253
96 417 245
281 535 2679
194 924 3754
92 144 8659
770 831 6289
39 655 8516
229 255 6720
342 406 5595
463 999 329
308 923 3132
336 585 4041
32 47 6090
419 640 9731
18 547 5832
537 838 4528
319 979 2197
292 572 5259
303 455 8836
140 906 8268
41 120 5783
184 313 5297
263 330 3855
341 652 6628
60 181 6518
184 603 5581
226 681 1674
227 624 3244
531 925 223
365 819 9551
445 537 4688
121 635 6439
184 194 7786
620 722 8684
51 224 9191
456 677 3447
277 534 7804
619 816 9763
657 730 990
657 662 7171
93 449 60
253 712 2171
198 929 7971
46 221 1367
109 147 1139
262 453 8007
342 550 79
179 522 6232
477 549 2576
1 4 9344
894 934 348
319 904 4674
10 62 947
300 586 4009
66 192 3709
589 928 93
630 717 6833
417 725 6360
21 848 1948
153 389 3898
369 370 262
221 737 9576
373 984 8122
499 828 5770
181 362 3119
297 434 6566
103 119 6521
192 763 3708
78 689 1861
39 610 12
383 464 5788
510 839 6784
8 29 9927
719 893 8144
465 772 7859
560 707 9200
626 941 821
10 157 7837
59 301 2317
109 860 6685
656 973 4191
36 360 1965
588 611 4907
735 958 3197
45 168 1000
334 536 6558
211 478 7197
235 258 2553
335 612 8604
110 818 1416
654 994 9957
434 660 6491
23 26 4528
187 374 1315
92 187 1602
172 620 9077
38 766 288
349 918 5997
413 904 5126
265 412 4748
685 984 1945
391 781 3663
74 158 7418
247 678 5016
65 627 6335
91 246 1103
19 227 3472
680 867 3415
513 600 6861
606 676 7874
842 886 9601
158 401 6155
96 361 5654
274 812 8220
728 928 5221
662 958 9334
89 595 9100
19 594 9524
23 447 5571
50 588 44
213 928 4079
17 90 271
89 125 65
495 498 4210
925 982 1927
267 557 3090
99 195 7565
376 583 3769
424 829 6671
67 950 8859
608 924 3254
689 691 7121
948 962 4982
198 327 1449
143 863 4581
307 792 1942
335 356 9167
411 676 3149
491 966 5346
643 786 3153
39 46 9017
64 955 7186
928 963 4737
27 73 9291
108 833 941
780 845 6604
107 426 4430
189 310 6305
87 149 6994
555 761 4946
432 659 8239
345 394 2933
48 55 9306
333 851 5735
303 898 891
674 693 913
504 627 2197
133 736 8539
143 987 3014
93 927 2734
315 621 6898
56 617 6881
821 939 2160
10 877 8058
547 757 7205
286 317 1635
441 599 3189
107 372 6142
85 231 6040
666 953 2442
87 167 5254
87 155 9952
498 529 6406
1 555 4858
484 766 8225
272 328 5838
514 531 3265
94 103 2377
124 400 9038
328 534 7879
355 609 2669
363 752 5432
456 853 3258
445 758 5636
331 598 5759
746 851 8333
31 936 5455
143 448 8501
126 899 8704
244 428 5841
48 170 4725
594 815 481
434 746 8161
793 914 882
230 791 9356
2 76 1521
863 987 1199
23 244 738
228 727 4449
133 184 150
184 604 6931
33 794 7553
16 107 1706
401 836 7803
215 701 5267
391 750 5996
174 403 9710
254 635 9068
227 924 6894
184 516 3711
59 155 8949
110 236 2236
453 654 2203
626 786 6217
80 115 7771
67 152 4494
49 910 178
106 978 2786
382 650 94
220 730 701
142 148 2200
21 854 8979
72 804 9834
16 694 4892
118 131 8543
298 526 6630
139 532 7548
405 641 20
809 846 651
5 448 2803
143 962 9151
279 574 1079
154 222 6123
284 449 7761
109 202 3673
367 397 5139
342 489 207
167 977 6840
76 135 7825
343 978 4346
8 525 6789
4 37 4710
631 839 3107
297 523 7103
30 828 9391
275 369 1205
296 967 6528
69 100 6824
66 844 5311
311 320 3285
573 917 4449
633 918 652
48 94 2280
579 988 9355
163 253 5411
502 566 4445
130 905 1076
4 646 5485
5 831 2486
218 683 4715
431 883 615
720 951 6574
275 907 7153
33 708 8664
294 476 7282
409 742 1153
395 527 7092
23 25 6268
418 471 1770
3 177 1189
551 748 4012
127 600 9574
85 383 992
417 955 9619
123 614 7044
282 674 2349
810 985 6346
13 24 785
257 982 1432
556 876 356
522 613 9717
218 309 3631
441 479 9068
2 5 1132
80 160 9039
273 790 5695
557 706 9124
301 664 1263
152 801 8088
15 59 508
335 438 360
308 332 8008
142 333 9209
11 69 1716
117 292 600
163 682 5605
231 845 3347
163 643 6415
682 892 7780
298 958 9874
119 533 9294
384 797 9109
32 781 7683
255 632 3436
313 700 1784
17 993 5940
206 970 2265
822 899 8113
315 885 7459
7 110 7515
294 401 3617
512 539 2253
70 247 6926
502 530 8196
21 195 187
106 676 1710
375 935 495
174 463 1318
564 621 6636
722 932 9188
701 968 2218
344 775 8189
68 784 3143
160 590 7848
502 703 9508
144 145 8702
285 315 1216
499 603 8667
231 348 3329
536 711 8445
564 667 1069
619 902 5113
246 974 2539
479 869 5730
317 650 1388
4 19 826
88 320 1278
85 504 5916
469 714 6933
188 662 7277
3 732 4690
147 326 1974
139 568 1695
1 39 2588
232 634 2998
294 670 3049
736 919 7731
157 400 3501
241 428 2626
353 373 3418
101 387 4060
69 239 7693
17 248 1961
1 17 70
167 939 9476
516 979 8315
205 880 7534
261 581 8920
112 357 3679
308 871 2028
172 338 3194
535 675 944
333 617 8345
209 270 1305
472 586 1869
371 881 2102
381 482 6408
32 465 1640
129 710 6267
63 347 757
358 398 1727
583 783 4126
61 700 9165
162 756 4834
50 511 1416
422 744 1730
617 678 5180
415 589 5704
48 425 8645
238 835 5293
227 740 4849
546 713 2294
5 194 4721
16 98 6780
644 929 2745
99 264 1535
400 624 8665
50 541 2133
669 947 1207
35 987 8166
10 151 5289
91 268 466
28 812 8759
2 3 975
416 854 6501
351 513 7744
532 712 2225
30 469 7338
676 862 9519
141 712 1278
144 524 2714
170 375 413
65 256 2693
228 920 1847
475 912 1541
165 318 82
798 933 4770
397 687 6641
132 384 2487
232 705 918
184 578 3462
211 865 709
175 256 2673
183 545 4493
527 636 285
371 421 8628
730 976 4829
541 997 9841
133 496 1219
378 971 3952
3 10 8614
67 632 2047
630 985 6018
37 104 1601
225 322 2590
27 84 928
694 890 1316
71 963 3091
137 382 9211
74 833 7070
507 618 5801
709 791 8480
292 531 2443
235 565 3847
470 519 1415
109 546 6048
318 727 972
386 458 823
239 753 5107
583 806 4093
278 429 764
716 731 5457
9 271 272
40 679 2027
320 680 672
429 842 5058
144 751 8578
228 649 9057
495 520 1806
251 515 3221
576 609 6389
813 934 2360
84 964 4080
165 359 4526
491 524 1519
323 767 2945
172 388 3500
523 782 434
443 657 4225
510 838 6672
36 804 3836
42 418 1499
743 787 5694
234 879 4146
196 281 5217
209 554 7583
277 545 1913
108 692 4527
423 827 2572
389 771 3749
500 773 2353
116 133 5828
78 764 1261
60 758 5813
134 163 3930
27 350 3093
196 978 8898
16 60 9143
602 886 4766
120 851 4486
486 516 8375
110 295 6917
800 942 6945
422 937 9118
849 908 8252
662 969 5079
468 615 2578
743 819 2443
157 476 4039
141 179 3966
11 669 2480
512 523 531
173 745 4041
571 739 3893
208 607 2665
160 678 1822
320 715 8931
509 593 2791
20 552 1227
277 670 8811
365 661 932
163 411 1289
753 841 7340
61 691 2844
839 916 1136
90 124 1681
129 167 387
199 330 7304
942 986 6111
67 284 146
2 43 7181
207 690 9190
3 13 8594
65 630 7775
28 728 6469
22 114 547
63 548 5255
456 468 9312
56 113 8487
53 734 3633
252 352 6678
3 14 542
181 824 7009
40 223 201
138 339 8840
27 738 2426
347 999 5071
132 936 4674
491 637 6833
59 655 3046
12 848 3675
285 734 326
425 536 8636
716 966 9553
398 429 1117
44 351 9637
229 619 6623
754 970 9021
195 454 7795
563 911 6253
105 448 2485
162 782 5570
430 719 4348
58 64 3698
252 913 3214
23 362 8146
5 111 1030
543 744 5320
468 964 7046
208 725 5176
763 880 7746
148 622 2378
101 201 9498
366 944 3698
35 268 3843
237 596 262
182 909 4522
101 221 9528
771 779 659
9 150 2046
67 154 6448
248 321 1181
49 199 1190
47 443 5941
39 190 2359
517 780 5007
140 168 2029
145 978 9390
120 797 113
274 570 4409
487 849 2976
368 837 1770
37 540 7678
484 926 3718
585 810 4056
373 935 9530
641 985 4967
34 605 8435
334 444 5426
125 555 5942
647 824 9083
13 16 6825
99 819 886
435 956 7535
469 681 7260
450 944 2612
73 102 1432
28 32 3233
266 290 6876
557 559 1801
31 75 191
47 393 9654
614 652 620
67 123 485
229 709 5885
233 486 9746
135 489 1730
33 297 8949
151 162 9551
194 475 7711
38 65 9411
141 445 2062
435 513 7449
515 948 1617
262 654 3008
46 197 4904
292 739 439
199 298 2850
392 645 1518
877 975 6184
168 413 9910
309 855 7786
448 797 7486
327 877 5268
117 821 8559
727 971 3743
268 403 3758
696 962 734
277 333 4269
725 875 6825
150 520 1699
321 402 2917
295 540 8603
104 535 9008
56 109 6572
101 653 1491
22 142 949
299 888 7305
634 759 4425
507 777 149
113 335 4663
129 447 2527
36 70 2545
125 776 2824
597 915 550
172 324 4305
208 463 7060
47 71 1023
348 452 6705
627 877 1621
600 937 3230
466 737 413
352 390 9591
21 431 7243
227 972 2753
957 981 7931
144 850 3474
50 531 9652
377 979 2166
456 510 5712
4 166 1826
414 794 7989
11 807 3613
346 431 4992
261 626 1812
24 216 5875
348 639 2559
50 178 3236
6 9 9667
202 326 6574
494 876 2208
304 667 2770
501 861 5300
159 172 4375
222 257 7375
292 692 1929
704 709 3292
149 892 9958
138 836 1016
240 716 6346
299 663 7227
303 407 8379
370 913 836
838 859 787
390 652 7351
355 730 4003
15 329 6735
169 512 925
163 322 4752
459 685 9597
54 806 8784
647 918 7705
245 307 3610
403 945 6380
197 862 5856
348 951 7339
65 228 6917
405 429 7040
257 352 1533
218 250 8196
166 408 2267
388 605 1086
136 713 7185
66 67 424
439 518 438
482 974 1620
199 538 6296
10 778 953
780 805 4067
114 229 7199
896 984 4704
452 965 2220
167 930 6059
870 954 2251
424 954 859
245 982 9642
25 330 654
149 269 3607
75 672 3425
112 120 8221
417 880 8403
280 897 3283
33 57 5236
119 927 2113
272 319 8962
84 139 1312
13 156 8255
334 798 5520
696 727 5012
110 749 993
234 691 8187
647 773 853
327 634 4058
172 697 8507
89 288 7862
372 588 6369
272 838 4218
229 612 5292
35 104 1130
71 280 7780
36 136 4931
45 478 7630
211 521 1885
220 734 4595
69 78 2992
68 541 5509
359 395 8763
611 871 2950
625 756 8097
147 364 7074
664 707 2944
8 33 6357
77 857 3811
489 708 996
639 956 1958
546 901 9194
546 988 2910
443 629 2393
192 573 6060
61 150 6570
69 148 2069
539 797 7088
154 506 1049
847 851 8569
15 18 931
32 529 8180
68 72 2645
593 841 4619
140 308 8571
99 822 5838
368 584 3816
11 748 8560
384 829 7525
111 132 2483
60 175 5681
16 969 1514
48 699 1675
422 977 9378
25 249 891
478 872 894
820 985 1986
28 99 7204
28 36 6374
86 363 6927
332 608 2358
158 698 3117
714 726 8986
535 804 2041
135 621 970
609 887 9333
251 750 658
65 279 7764
724 923 2599
688 774 148
398 908 4993
217 438 6861
729 944 6548
209 312 4520
102 283 1330
277 821 5257
4 185 4457
465 934 5794
678 909 953
301 978 546
68 294 4535
75 761 4893
310 798 1055
428 670 257
245 389 1125
500 852 4984
10 21 2985
480 533 2575
117 304 8742
688 792 2898
427 773 4458
251 303 16
423 767 4724
910 985 3525
142 209 9097
569 668 2024
517 658 9534
309 504 8610
1 68 1262
109 395 7306
220 485 1433
41 553 1959
890 995 8818
416 827 4852
182 219 8344
534 703 2084
552 591 2861
249 518 2327
429 799 2055
228 806 781
353 921 5355
351 394 8645
93 106 8975
387 841 1438
227 790 5058
54 589 7273
703 881 1375
222 827 7375
196 439 6875
569 957 3234
107 619 1008
521 935 5964
416 913 6010
269 451 9406
22 421 153
149 516 361
570 678 3928
181 277 4189
50 860 1821
30 41 8897
832 929 8062
732 898 1560
122 153 151
6 95 4704
114 716 5592
266 370 8475
324 747 3556
229 641 9923
166 283 4478
496 899 8485
227 777 1451
519 850 729
385 456 5432
70 571 355
145 531 8992
273 984 5585
52 683 4559
344 660 3152
72 217 3404
71 543 3897
722 779 7558
268 835 5830
27 610 5801
137 934 5054
231 399 2515
87 671 3873
758 878 5340
171 509 4584
369 773 2073
232 995 7794
14 485 5267
619 686 5879
404 508 1424
115 595 1987
740 913 3058
30 735 2061
268 363 9784
498 832 3183
79 830 8746
636 992 9586
66 677 3324
598 618 187
70 80 5986
550 687 5954
34 818 8109
31 779 8337
382 595 2001
504 740 1701
2 51 4815
81 461 3380
21 265 5153
239 386 518
20 97 7678
266 454 7710
583 814 5093
5 14 9606
748 868 9916
349 844 3056
221 966 9635
172 409 4389
60 491 8371
590 777 8040
589 894 3080
417 439 9467
459 980 3719
341 536 4219
36 122 7495
324 889 4941
189 203 4670
186 354 780
175 198 8630
442 922 6894
307 561 4011
575 940 3087
128 767 6144
184 605 1175
270 666 3856
687 921 4424
628 792 2217
63 331 1310
83 433 1985
428 777 5716
370 743 8860
7 193 5200
690 797 3821
141 325 8992
253 964 7014
316 387 3961
225 606 8866
917 941 3850
164 687 8629
641 793 1010
116 425 5237
190 803 8822
190 935 949
119 373 7093
83 137 94
65 450 5725
451 585 810
184 214 3354
212 299 3973
121 206 8331
393 678 4190
6 40 8360
321 825 2179
514 642 4563
150 696 7081
440 626 631
565 826 9120
243 555 627
130 220 6398
89 212 9836
315 666 9209
160 349 2057
456 650 4710
46 612 7143
301 302 2530
250 296 1925
160 608 7274
744 811 1896
103 410 2756
273 869 5139
290 442 5679
421 425 1804
812 875 2733
482 957 2076
592 1000 4289
27 86 2841
207 285 2399
142 200 722
209 974 6098
188 232 8472
82 729 4100
63 234 7082
10 11 9020
820 962 5366
764 902 2103
64 269 5046
212 449 8004
527 697 412
130 436 3816
55 696 6959
149 769 9990
117 196 8507
323 488 6672
261 918 3038
6 128 4215
12 980 793
387 940 9943
98 644 1803
16 209 4757
722 735 8895
238 588 2248
622 800 4111
256 335 2403
623 708 1574
45 140 8354
140 441 3756
347 853 9877
44 88 7394
161 396 6103
22 581 325
370 646 7927
139 669 392
350 535 6134
224 699 5506
691 823 7706
629 691 4352
83 165 8337
439 905 6548
22 231 2418
685 973 6502
17 687 285
576 679 2189
51 141 5080
145 476 9419
122 501 3492
63 931 4582
197 471 4062
10 15 3966
543 546 3011
667 706 3399
431 600 7668
244 691 6329
39 668 8288
309 560 3418
435 503 2364
209 576 8199
845 914 7547
878 986 2916
28 262 7393
543 912 685
258 366 5210
304 391 2130
97 105 92
724 749 7577
670 989 8562
595 937 9324
80 971 1967
105 817 1079
99 985 1670
384 562 2996
1 2 345
827 873 8860
332 900 9348
130 751 6191
239 371 7911
97 392 9085
812 905 9305
77 121 8394
510 639 1534
286 293 2352
105 850 8209
254 261 1822
264 649 7269
215 225 1449
474 562 2296
89 345 9150
169 902 369
86 182 6544
379 484 8770
133 499 5180
157 983 2624
178 641 187
495 584 3039
3 54 217
66 492 6710
108 272 4062
332 474 3586
64 238 1681
438 524 4605
335 442 3625
49 543 2271
120 341 1947
415 652 4440
186 810 5498
46 141 9547
665 867 7855
459 483 6144
371 430 4949
33 675 5821
140 342 8995
218 290 3001
334 423 4908
77 952 9672
17 394 9406
621 889 2600
516 580 7546
157 221 6739
840 932 3403
291 572 9718
164 427 3205
24 337 2980
3 693 4446
583 954 6014
149 361 8953
212 425 8315
257 818 2624
644 921 8280
563 768 9004
27 940 1595
813 963 2946
70 601 5936
438 597 5744
103 548 3609
156 859 9034
369 694 3648
372 619 5763
659 796 4103
500 819 2149
874 940 2790
294 762 771
217 406 150
497 637 7202
331 765 4927
133 929 9732
740 959 954
318 903 9764
74 342 5379
428 452 2148
376 683 4389
817 900 494
238 864 6064
139 904 6036
165 210 3039
288 968 5802
432 926 3659
57 282 4892
15 30 1725
491 664 2340
374 994 2236
201 964 2925
221 963 9327
99 271 7719
29 735 876
707 883 2038
430 754 9565
395 702 7936
109 318 1015
26 385 5781
438 930 243
589 810 1478
110 785 7833
247 618 7113
247 263 8990
211 477 7726
1 672 2868
115 183 7491
44 219 3045
190 561 930
267 345 9571
12 81 8893
128 299 4446
243 869 3596
667 883 2765
215 284 6595
21 567 2185
391 665 8111
464 695 8163
103 165 4296
68 323 4488
726 810 4062
644 936 92
1 751 8059
202 592 5770
183 562 7249
491 939 1607
111 213 3548
124 821 1465
615 961 8201
545 622 848
458 826 5423
199 788 6820
43 889 1832
366 896 4670
573 920 6494
599 726 8708
25 933 4661
149 286 1574
884 922 2870
282 384 2793
372 896 9916
333 491 2162
98 940 6234
91 189 6478
310 394 4412
126 129 1333
89 165 441
239 281 2855
137 850 478
93 806 8135
239 278 5984
497 535 7716
404 838 5555
178 311 5223
748 777 7826
229 409 4257
135 406 4239
269 563 9865
397 462 1781
338 760 4656
646 820 9638
990 993 7776
328 762 4136
862 927 7240
268 449 5491
255 509 1280
555 795 1930
22 565 2088
24 117 9708
55 252 5399
695 932 7614
2 6 7221
28 52 6835
34 105 8575
48 815 2970
413 592 5594
327 366 7404
490 834 6352
414 764 6773
118 381 3550
19 729 8034
793 967 9251
183 836 5990
158 208 5595
849 895 3601
156 216 1176
295 440 6760
185 774 5531
611 724 4734
478 515 845
28 31 7358
66 943 7883
844 887 954
113 343 7896
140 544 540
512 778 16
460 823 8656
232 994 3815
585 909 6105
94 357 1115
6 91 1923
850 934 4502
751 798 6735
319 756 3658
331 723 7521
568 757 8105
571 783 3308
142 888 901
261 823 4267
206 254 380
266 358 1990
463 687 7573
266 399 5540
39 82 6163
41 160 6825
768 846 5744
248 657 7552
478 756 5353
66 224 5027
82 169 5834
112 651 3402
584 825 8638
87 611 8891
111 274 9075
197 275 4087
285 512 2995
21 498 6088
77 441 2422
282 809 7344
126 387 459
255 971 229
313 382 8132
141 319 9592
393 971 7587
240 359 9798
40 525 8
1 243 7210
304 977 1432
194 486 3115
204 275 4940
276 914 1589
446 562 192
358 404 7043
530 917 7348
117 302 1588
382 816 5710
324 755 5090
518 681 7677
116 377 5459
210 986 6441
32 89 6520
815 899 1495
506 564 2381
60 98 2080
136 218 6206
513 903 9921
14 23 7874
498 943 4927
188 977 1694
332 765 3249
529 716 7379
222 436 8540
77 207 4667
324 480 5760
27 875 8950
57 503 1737
26 752 1883
74 609 8552
59 226 3900
384 696 671
5 184 2131
346 410 8930
205 727 3793
3 96 6620
28 401 7443
101 236 8434
59 566 4766
137 805 7445
169 190 6114
302 803 8442
577 646 2479
67 191 6393
686 861 6102
281 309 8855
208 356 469
293 693 9933
312 572 2410
308 359 753
320 996 8592
940 949 2434
356 367 9187
49 421 3409
563 837 5721
116 894 8805
401 843 3638
408 986 5291
334 866 196
352 760 4360
437 736 2983
822 943 2553
88 101 6790
695 855 9219
69 410 3245
162 801 613
49 975 180
27 493 7919
446 671 7552
407 868 2285
140 508 307
10 344 6995
931 974 7470
19 117 1474
117 174 8749
22 188 9897
45 633 4093
138 981 2039
86 273 1261
823 933 3523
290 625 5932
87 991 7070
810 923 5509
287 576 1180
120 169 5045
459 835 9642
878 907 3394
227 789 8118
346 374 503
40 659 7095
36 842 4299
453 455 1432
347 494 3013
154 355 2043
592 959 5921
53 156 4806
814 976 8878
227 779 6847
524 640 5167
838 990 7303
164 551 4354
202 383 8665
3 22 8466
60 464 383
782 975 8650
97 493 1355
219 266 7179
15 575 4513
105 424 3123
76 134 8819
269 892 9442
445 896 7645
165 312 607
247 365 1465
517 706 699
3 8 6797
150 621 2178
364 457 5954
85 767 1998
175 466 5249
78 166 9353
548 626 626
227 729 3445
76 816 8723
132 203 4051
29 127 7442
368 678 4148
223 945 1804
261 490 3582
532 869 7053
334 623 3273
299 840 1111
115 242 5501
200 604 6817
46 58 1585
437 582 423
361 608 6323
119 840 7204
14 390 7561
340 401 5516
121 136 5208
37 857 65
511 939 6632
28 855 2821
395 615 9629
142 528 4944
25 66 8961
53 205 945
141 879 1538
411 715 1047
12 93 8675
101 108 8098
734 749 4120
323 538 9440
208 473 5781
102 260 6517
83 663 8988
541 713 2794
62 949 3554
30 171 5695
29 770 4899
93 459 6989
597 723 2369
26 126 1913
85 662 9818
104 170 1911
108 990 7095
432 779 9635
252 976 6394
457 726 4905
45 116 455
20 446 246
1 50 528
182 251 2564
152 305 6585
244 640 2991
327 629 7151
625 863 5788
42 92 977
26 44 5541
324 416 8904
338 666 4433
522 837 9780
389 809 1178
736 901 4498
164 487 6195
633 864 6138
144 180 7352
388 893 9561
376 492 3356
10 496 6963
831 847 1516
55 714 69
225 502 3501
355 614 8700
175 505 3700
451 542 3923
576 623 147
405 435 1541
243 245 589
267 602 8659
106 895 948
73 161 1607
45 294 3502
180 240 8609
348 363 7661
49 291 3876
291 643 2365
48 198 3094
11 34 7400
54 118 1412
275 999 7226
218 439 8069
463 629 4813
487 532 9716
454 579 3267
141 889 8452
86 797 9
119 301 3746
513 859 3752
717 936 9707
244 719 9930
153 275 4690
777 858 8648
40 302 6169
329 957 4073
302 314 2102
312 594 7361
602 642 4967
360 817 7824
547 788 4255
85 374 4830
81 404 6777
367 898 7436
140 990 1432
644 882 4161
340 459 4814
684 862 8378
220 936 4866
343 857 5592
69 85 899
392 857 4275
9 348 5453
660 795 7719
38 872 586
750 780 510
594 828 3375
203 636 2320
351 467 7063
663 851 1039
377 712 3688
131 527 5864
379 837 5556
58 372 506
527 746 451
519 945 8313
206 754 1116
461 918 5693
153 341 1609
462 934 8846
602 895 6952
469 615 6311
9 758 5273
477 666 1397
49 938 6307
2 558 8590
61 146 228
184 275 3683
301 365 3909
982 7359
484 3984
364 4511
473 6213
158 3625
623 7460
763 7761
712 7699
531 4417
562 4228
796 1874
992 11526
393 7298
723 14753
707 3280
190 7952
800 4315
642 52
756 5508
638 8269
339 3438
48 7179
916 14604
447 9348
47 9482
913 13865
55 12298
195 4716
708 14914
487 8993
245 6539
147 12810
470 760
506 10998
405 2070
434 4943
774 13470
265 7402
950 1621
679 14699
527 13153
974 10861
321 1598
692 9779
951 10458
954 6887
686 3673
33 1818
526 14713
652 13105
615 3494
676 6356
567 12132
372 9229
529 2944
359 14346
89 7623
205 9680
965 4822
175 2532
357 9042
35 12772
452 12317
82 726
596 552
253 1734
424 9685
783 9094
298 14052
782 10536
124 5625
890 1058
807 7090
649 10537
533 3139
409 3488
280 8158
288 14745
216 1345
833 7729
582 2713
162 1930
120 12825
423 1715
152 3183
902 13491
914 9604
937 11607
418 10508
408 12379
225 13840
654 8051
187 9910
217 4328
744 10733
169 2311
536 12991
42 12936
747 3163
938 8282
634 7955
268 3327
766 5943
365 13950
627 4446
903 5740
911 877
780 13326
159 1284
810 10937
411 4459
958 5080
574 13777
631 2984
24 12517
598 12044
450 5771
852 8291
861 3287
362 13639
953 11481
534 1114
986 12947
830 13212
870 9786
386 12794
651 14471
743 11455
740 4557
515 9683
449 2566
131 13225
564 13462
67 9067
843 7963
957 9508
883 7663
192 9746
981 11597
591 11657
264 11295
607 2387
920 14160
665 5923
776 5868
737 14697
739 8870
860 8283
746 14167
464 10966
497 10489
877 11885
107 6082
721 7057
962 9093
547 4957
422 740
587 3681
956 8505
935 6393
969 6257
572 7532
928 4029
989 4198
498 4990
494 2629
639 5270
415 8716
656 9346
768 10452
682 6675
95 8992
384 11645
703 5196
380 5616
459 4478
994 11030
696 7462
637 8117
57 9658
866 2079
980 13277
21 5452
868 11937
872 9350
521 13273
685 9252
858 5000
170 12475
681 14393
820 14431
112 14781
865 2195
525 11319
896 14887
324 7114
836 7162
772 14277
876 9612
151 2312
805 1817
854 14596
502 4429
684 1525
570 3970
267 9771
765 14854
921 14622
803 14115
764 4583
123 14469
352 2810
373 3942
1000 7078
790 1737
819 12570
983 1043
314 1487
127 5787
554 3414
729 8975
674 14222
338 4577
18 12134
998 1977
256 1741
561 4031
675 13943
523 9132
616 8483
495 5149
483 12463
863 644
668 1601
69 1132
328 10394
710 5062
987 4249
353 8680
614 12541
60 10960
391 2576
944 3437
975 6220
62 3703
176 9721
492 1691
65 2668
118 14266
517 11121
787 1768
577 13042
609 7335
307 4463
467 5700
584 1618
100 6166
480 331
549 9555
426 7392
809 5522
453 7835
943 8737
482 12967
272 7229
848 2673
326 12470
183 9904
40 4966
507 8384
279 8097
666 13198
841 5396
383 2309
755 2161
585 4111
91 10952
435 4969
173 13908
356 13131
624 12597
242 11082
128 9021
117 11317
880 9204
246 9626
271 3636
367 12533
241 5621
276 2641
849 3169
579 5908
741 6586
788 7249
90 1376
258 10194
420 14664
157 14193
185 4017
795 4058
760 564
292 3987
481 2677
403 13533
846 2223
514 14722
778 9511
801 9317
545 8560
971 13226
759 5049
664 9574
960 2674
438 8839
302 6140
967 2428
895 6778
259 6275
451 9385
620 5712
553 12860
984 4258
767 6576
600 7743
752 1831
283 14877
961 7888
299 6611
923 13675
731 13046
551 633
706 1801
444 5109
806 7346
228 1781
542 8611
621 9073
237 14865
474 8294
93 14785
714 8440
829 13377
576 1779
718 6777
753 9368
885 13175
948 9770
293 1018
670 464
825 10398
775 4223
926 10572
336 8643
358 11172
538 3331
873 14180
781 1331
378 5043
509 14572
332 10647
337 2088
397 14679
618 1280
993 13954
398 273
284 8242
79 1646
550 14864
260 4909
466 5325
884 8890
248 10232
867 7701
83 6943
505 12571
125 14769
366 5727
445 11653
702 11981
602 3877
402 7836
16 13303
537 11113
395 8668
900 7365
963 4372
946 10884
583 7370
791 13184
56 10452
777 13156
457 7192
520 1183
589 1985
178 8753
552 1034
511 6953
211 4669
658 14924
335 6211
462 6014
785 14783
814 3920
813 14589
212 10880
191 5428
569 12469
910 6274
922 2890
630 629
859 5613
750 9549
394 14579
705 13978
695 6110
697 12776
966 5072
135 2095
758 14398
660 4571
230 11135
947 3484
592 10629
58 8405
972 11136
748 9168
323 12218
793 6820
513 9300
322 2638
839 11680
413 888
539 2778
325 2380
563 14314
126 5005
908 8662
646 5023
985 7944
465 1646
368 1733
210 9096
942 43
927 11314
223 2364
454 14841
199 14233
799 4337
838 12106
396 5932
400 10873
802 6952
166 2686
932 8181
711 12661
489 10125
416 3566
317 709
115 9878
968 6581
240 4224
909 7655
945 933
344 9548
488 49
557 6098
757 1568
419 5586
822 1092
745 1381
762 9649
156 10304
287 10370
840 13840
925 475
278 11174
318 14906
667 2324
134 1794
891 9094
821 312
414 12742
329 12156
688 11328
9 9545
593 868
305 9845
354 12041
476 13876
433 2610
477 11195
720 6822
503 9638
406 6266
606 3538
632 12363
808 5955
412 1989
663 1097
995 1829
