1000 2000 1
210 805 3932
184 372 6612
52 140 3256
724 792 461
84 943 3739
319 860 4993
27 950 1744
341 441 1237
67 804 5694
30 92 2474
434 726 6323
531 763 6922
411 419 717
374 477 6536
413 468 9759
18 50 4574
276 987 3866
260 880 2131
236 249 8314
485 879 8826
49 787 9934
260 453 1384
56 104 5757
805 916 5116
381 906 8724
3 570 2506
197 784 3746
361 542 4831
21 185 8162
37 789 8409
167 808 8020
170 210 5880
165 601 281
442 610 2139
13 33 6835
45 74 9453
31 78 3891
721 947 3797
824 833 1842
8 145 685
79 107 9736
263 371 2646
633 945 1590
260 826 9009
177 527 7283
255 664 5995
454 530 7093
73 869 8877
647 904 1224
40 55 6997
219 611 5521
104 554 6965
236 550 4762
483 688 1704
206 351 7850
34 75 4008
4 232 3117
225 693 4315
111 265 2846
462 701 7514
1 569 3014
13 270 423
761 888 9119
65 848 778
11 29 1275
104 168 8174
22 811 4570
158 766 3458
873 879 6717
762 948 4869
255 434 4998
166 823 5978
225 741 8558
603 889 5671
4 68 1427
20 639 9685
50 384 6781
420 654 506
236 713 1157
55 718 394
620 688 3151
546 979 429
1 373 5990
660 842 4170
317 842 8593
693 700 5771
158 233 3463
102 769 2339
748 750 8549
168 176 8261
296 476 2670
168 433 4836
416 910 2561
427 536 2334
116 412 2097
1 401 8439
65 909 9131
601 968 5058
815 873 398
30 991 1021
209 699 5885
667 927 4506
749 865 8929
26 267 1786
48 761 5732
246 963 5405
710 948 2999
162 240 6883
497 975 5042
703 863 3564
3 877 6440
554 677 6304
816 995 2532
44 895 7803
364 483 4859
535 714 5826
103 753 5682
440 619 8322
268 650 1442
364 628 7113
103 582 400
243 670 6276
265 556 8096
44 94 2550
131 326 2558
16 326 7691
158 704 4507
8 743 8643
306 409 4136
259 346 1141
328 498 1582
43 66 3117
389 822 9260
333 669 6104
555 624 6482
103 214 9341
25 244 5700
685 888 77
149 255 433
147 182 6392
612 733 752
313 692 8371
31 379 9130
503 828 4790
419 448 5328
520 777 3712
43 494 5892
96 645 5971
555 797 7522
361 934 7179
325 792 6152
61 319 2985
627 764 3360
554 641 1256
534 601 7655
15 663 5917
78 991 6996
155 371 3293
296 355 3987
26 566 4703
880 896 2738
56 232 2516
797 941 20
181 529 8278
488 974 4159
292 785 6395
458 896 6514
23 327 9517
252 442 2928
7 507 6631
560 745 6681
43 231 8009
101 721 457
310 509 8737
116 742 8347
273 895 3096
301 468 5543
655 865 8814
581 651 2700
557 996 8979
850 978 3734
269 761 1621
42 208 1087
629 999 9171
317 890 5135
39 993 912
135 487 9339
163 317 1359
827 950 7433
450 832 3808
215 491 2780
303 411 4252
162 538 9915
244 689 7066
231 509 8038
70 488 5154
633 734 3929
335 425 9431
172 234 2462
879 907 199
75 651 2430
30 31 5957
485 659 372
16 997 7858
96 113 5215
503 515 7332
24 228 6020
556 626 4830
15 21 8272
39 40 4038
314 325 5001
523 801 2438
578 933 7738
418 783 4940
105 789 8086
345 917 9327
642 674 4992
6 15 5382
222 260 8566
7 809 1260
615 723 978
468 488 3551
504 772 2027
553 592 5970
544 853 9709
481 897 3734
485 874 6084
138 177 7846
64 849 1956
250 620 4384
116 212 4855
273 622 7345
99 897 755
68 359 9926
256 605 1564
463 843 5368
559 840 6711
459 615 7930
157 668 660
540 835 7113
56 747 8117
3 8 3340
333 940 5693
140 820 6407
63 96 5230
18 124 6348
347 614 6827
37 357 2473
287 288 2515
247 563 1033
256 386 9510
132 903 4701
194 856 4575
356 815 7172
50 328 5943
23 36 6876
213 791 6241
158 256 5900
8 158 418
128 165 2911
100 787 9758
83 846 8520
7 12 673
18 83 9288
595 736 5114
251 551 9999
594 865 8733
474 636 4283
243 247 196
144 242 519
615 626 9784
118 444 9991
407 439 6297
115 998 3486
551 665 252
209 488 3848
189 740 8467
124 227 7317
430 512 2310
274 362 5090
104 529 1491
370 709 656
606 768 7903
356 535 7698
284 559 7835
45 123 4290
341 716 4073
100 603 2333
144 158 2993
772 929 3612
115 643 9232
657 686 9841
294 408 1298
216 634 1029
267 447 875
57 313 176
23 230 6194
35 758 8473
218 351 3937
149 381 4116
454 989 1463
47 851 8597
142 314 2031
174 534 5189
286 352 4175
10 13 9297
292 957 5815
544 920 3738
590 984 9866
51 554 3073
489 810 3751
1 121 5544
211 940 1191
505 853 5882
25 67 6685
14 275 7907
328 712 1247
57 184 7207
167 738 8490
135 251 2973
57 793 6374
662 935 9004
969 1000 123
384 957 2706
354 366 6809
1 341 8123
796 913 5245
329 375 432
43 621 5075
136 146 1832
92 552 2469
35 94 6946
84 616 3856
931 953 1645
557 781 8764
361 398 8801
40 51 8232
592 661 973
382 467 4299
75 845 328
369 993 1020
200 254 4890
749 924 4148
411 422 5731
327 383 1366
414 440 6988
115 332 8440
472 598 7895
46 311 5798
61 139 5568
14 135 586
196 633 8967
10 607 8722
387 628 168
198 543 8303
301 335 2284
8 111 4916
406 613 606
143 575 8576
27 217 169
73 167 7925
205 533 4834
283 491 5212
503 960 1694
358 836 7673
185 195 8526
101 626 2906
192 854 7436
102 300 5406
625 741 4241
718 859 8560
108 329 5545
279 850 3277
614 902 762
167 763 8134
646 904 2942
222 668 1826
322 943 5259
15 159 1204
38 204 4503
211 266 4409
783 836 155
209 640 7864
150 795 8549
81 695 7928
155 393 3636
171 910 4639
290 541 2355
32 71 1778
903 952 5743
106 530 9352
564 711 9866
11 460 4351
385 486 8663
435 1000 9310
175 913 6131
161 324 4295
305 341 4121
456 882 6812
887 975 977
186 197 2260
26 791 8411
867 886 8704
719 828 2230
25 377 1238
225 398 5999
312 778 7003
19 571 7579
3 261 6249
136 238 2560
196 744 6659
413 895 1253
333 917 1100
687 729 4110
588 817 9950
137 265 9144
121 589 9413
179 899 7036
123 257 28
812 893 7848
626 881 5971
243 959 7896
169 231 237
143 149 9264
32 842 8652
641 745 6538
423 756 4617
203 381 2243
238 429 455
144 364 7565
445 561 8729
600 908 1229
390 831 173
155 187 5090
693 801 5505
511 938 9469
278 853 6320
82 872 651
12 778 2646
289 297 4990
40 79 330
346 628 3448
101 126 2813
175 616 8217
900 982 2724
540 612 7635
210 766 3670
408 433 1624
538 898 6515
20 57 6337
263 327 7840
75 100 3058
131 496 4601
704 828 5646
466 897 5416
178 813 8502
6 438 8369
399 635 348
462 585 550
30 76 5802
600 894 9485
907 944 3985
121 155 1106
85 350 5866
370 402 6594
691 806 5175
641 728 529
130 137 490
279 522 7157
61 82 9408
658 845 7457
77 923 4756
8 855 7962
536 799 3626
57 687 5127
39 63 2440
255 267 1940
286 606 7122
525 546 5142
35 144 9126
379 485 4965
527 812 5499
6 235 7457
967 990 2878
770 847 3446
687 779 3105
579 691 4430
613 883 9642
392 836 7723
219 293 9481
30 454 1988
84 450 3344
836 963 7865
436 785 3930
695 753 3974
401 537 1924
805 919 4616
159 549 9648
216 673 8002
465 660 7632
842 899 5231
210 908 4718
50 560 7727
327 437 600
346 890 6603
412 518 534
473 986 8850
68 461 5899
241 984 5559
581 784 161
416 978 2673
154 507 7811
287 553 6662
283 430 7923
2 6 6270
396 432 8727
614 975 2384
8 115 2544
728 756 2419
65 149 9523
342 746 9343
346 745 6881
260 280 6957
622 922 7087
539 731 3386
240 330 2308
117 631 2245
548 760 3223
541 583 9664
408 781 9568
324 328 2245
846 990 2955
514 750 197
199 242 9338
143 521 5613
291 788 7039
466 834 1593
32 164 2732
246 323 2035
225 425 2837
806 945 5861
323 514 1893
178 290 4526
361 546 1496
17 190 3449
286 846 1475
80 191 1003
564 833 7399
55 960 9057
260 305 128
257 766 2337
634 778 8020
216 446 9656
269 270 9660
516 611 854
98 924 5259
116 849 8254
429 950 8124
744 754 213
2 248 6508
387 994 2793
431 437 1751
450 975 3232
118 696 8904
98 342 3814
129 141 1283
535 811 6543
273 480 2979
464 600 2339
152 360 7985
36 691 6704
624 840 8847
548 634 5312
158 715 8640
767 789 1639
723 823 1077
68 331 1800
63 306 3040
170 463 2873
108 166 1504
47 668 7812
47 64 9897
190 629 9817
95 505 1385
42 332 2346
10 189 9533
767 926 4539
151 838 1390
361 700 8907
522 624 3288
351 694 3200
325 525 375
151 627 2730
47 282 2715
44 736 6143
291 354 7432
658 936 5136
76 442 4695
669 943 2050
200 859 7833
1 400 949
132 642 9755
113 818 7656
382 850 2935
43 147 698
571 631 9533
291 713 3604
683 884 2249
684 708 4294
295 704 4500
272 273 8157
519 993 9206
256 606 2760
144 180 2753
505 690 1811
146 766 1440
67 517 2676
265 580 7324
209 697 3726
604 813 123
749 809 1232
552 793 9387
66 929 2145
237 919 6509
29 87 7824
721 732 5041
19 226 5004
535 821 5047
120 312 4691
779 885 7686
390 568 6540
443 610 9696
12 58 3241
294 470 5356
591 795 3035
491 531 4075
32 664 6063
614 928 6926
124 983 2772
192 970 4894
44 132 1880
288 648 5976
633 723 3015
288 965 4334
471 967 3444
590 652 2350
46 90 3684
114 780 6227
26 112 5319
29 289 8214
427 648 9343
383 764 1538
183 219 4553
82 532 7629
103 415 8074
199 574 976
483 532 5036
479 715 5254
382 667 2065
634 937 5615
154 551 1539
516 733 1258
10 54 8178
17 262 9988
301 434 3964
824 956 4502
68 449 3054
245 479 6469
290 762 8107
323 740 2239
119 209 7007
172 603 2951
6 9 7205
102 692 2471
341 979 8210
154 236 632
6 533 2878
70 262 3902
139 647 615
136 180 1819
127 215 4017
135 299 2270
201 784 9393
238 494 3185
242 894 6261
303 436 3084
89 885 3685
691 962 3795
412 686 8827
499 623 7174
26 48 2753
408 436 6504
206 623 3452
103 426 2250
160 296 8755
186 399 7074
71 84 6036
101 108 785
23 376 9873
525 979 4710
51 175 4618
88 302 8628
424 564 3596
65 615 9095
9 405 5610
135 260 2432
93 207 4742
761 952 1866
146 174 996
144 484 2966
1 28 9519
318 401 2393
17 228 8153
486 695 8764
172 608 574
452 464 5418
74 405 678
211 299 6690
48 85 2635
81 828 2363
136 930 633
678 934 5203
240 748 1748
412 646 1654
65 477 899
62 312 343
368 894 7049
601 835 777
202 414 770
469 926 2678
577 814 2236
123 936 6153
114 281 4128
206 295 8203
7 259 3874
394 766 704
539 822 8646
389 672 311
773 952 146
543 570 5349
32 861 1907
419 527 3119
115 290 9743
81 640 7321
562 745 6301
925 993 2895
46 981 5749
22 493 8489
287 292 3465
185 631 8240
311 552 3117
417 737 9064
292 465 350
746 918 6689
11 14 7337
160 469 2998
123 576 3090
51 80 1644
6 23 3311
39 128 7109
554 754 189
616 897 9940
39 56 7231
414 722 4252
93 229 6024
575 587 8417
204 388 9087
102 820 1442
659 986 6711
60 663 9026
49 516 5199
61 397 2056
488 705 3110
92 94 6259
301 834 8503
82 448 1335
497 751 2316
430 593 1645
35 162 2510
438 976 7561
912 954 8748
14 27 8604
172 474 3782
56 250 2156
28 825 4618
410 449 3680
324 946 7375
205 253 876
241 589 2184
384 815 5304
139 221 3442
250 263 6956
770 954 1889
71 816 5580
499 708 9646
72 287 9158
395 740 3297
945 996 288
725 842 9043
8 130 2775
585 935 7503
66 470 6528
213 360 1871
613 852 2782
474 806 909
46 70 3514
515 979 2730
406 425 6651
954 996 4328
450 503 5243
27 547 3179
12 164 4639
457 749 8820
194 539 5789
75 124 2373
285 561 8430
177 358 1709
483 687 14
98 792 2869
426 807 8837
298 394 6390
87 536 3975
105 708 4056
80 463 2720
124 325 1605
144 676 824
240 295 8128
474 969 5028
400 406 6375
163 203 5533
354 843 9485
385 388 3472
172 466 6363
577 763 2857
433 567 6487
291 457 2893
68 172 7135
38 229 422
162 275 8578
438 458 8010
129 349 1259
748 992 679
472 695 2055
36 996 1527
320 784 7608
90 114 7174
301 396 2435
146 475 5756
136 345 6116
135 938 2677
217 241 5696
271 495 5663
47 170 4241
44 866 8131
377 579 4859
105 479 7307
586 866 7741
312 352 6520
383 837 5761
57 523 1235
545 639 9990
474 839 1921
20 157 8157
131 134 3970
553 905 1700
103 211 6616
111 320 77
603 618 5158
714 836 8705
89 473 1348
69 316 5643
352 802 3735
520 619 9016
15 307 8152
112 343 5664
108 196 2329
700 846 1560
459 994 8901
903 905 772
140 646 1318
196 501 8777
54 363 5570
12 186 2499
681 942 5394
564 872 3196
358 740 4415
83 127 9534
72 97 9127
434 887 1888
416 587 3038
267 620 1002
429 683 7843
343 898 4147
719 921 497
330 572 4315
1 18 2485
31 821 363
521 626 3357
283 420 5350
5 11 946
664 997 7593
8 138 4072
210 502 5109
329 992 8896
40 283 2493
199 510 4555
401 854 3927
684 937 4507
582 696 8619
551 757 7841
304 338 6072
564 952 8686
532 773 7316
656 914 6101
74 870 1890
495 867 9576
120 294 4389
26 744 9043
211 830 2940
271 527 1101
484 822 1905
61 462 8614
211 629 343
202 495 8662
41 838 6559
209 377 2904
421 571 6138
282 382 6980
177 616 442
832 926 7192
927 991 950
389 970 7482
9 24 5321
349 495 1952
186 893 5567
198 690 137
47 202 5224
470 708 41
735 805 1601
26 361 1396
10 188 942
55 291 2782
254 258 1190
154 339 8536
365 578 5300
199 254 1441
490 760 3745
44 131 8592
97 829 2444
91 887 9558
102 717 6232
34 617 5440
550 818 9194
491 534 2430
274 275 8019
645 933 2702
252 390 5044
281 357 9902
143 722 409
550 840 4780
351 866 2174
128 564 5714
32 680 2784
241 276 7091
30 38 664
621 647 3183
671 740 6658
242 774 5933
236 848 3319
62 161 6549
8 10 5039
178 539 6507
466 836 734
312 332 9738
48 435 3134
70 111 8418
205 779 9181
40 86 9525
110 146 5574
319 525 7766
40 339 745
905 992 6553
577 940 9451
468 898 8379
625 786 8328
464 893 5247
532 681 7584
387 788 2489
271 996 2016
656 952 8378
228 598 1088
592 629 9826
450 807 8099
38 978 4020
200 286 6242
265 384 5470
236 968 1851
411 546 5443
393 844 9577
156 367 2575
643 909 7961
741 870 2206
444 768 725
384 939 1921
26 181 4031
437 633 2505
60 242 7060
618 958 5832
578 996 3627
573 949 7812
187 422 5446
499 538 4097
469 742 6773
463 669 7238
560 729 9975
210 676 6164
38 609 6414
200 592 5988
199 889 9539
439 575 7421
135 868 103
33 315 332
51 851 2245
747 776 3123
482 627 7030
387 504 1071
24 61 3552
3 62 9520
51 88 6170
420 525 8160
243 517 285
405 604 5167
557 899 2703
65 429 9000
45 322 7718
77 99 1946
392 722 2041
213 646 4079
132 689 6301
144 283 5857
286 431 196
774 960 3861
22 870 7560
171 209 8905
194 639 4873
45 59 9568
501 773 8119
43 348 2294
675 895 8201
715 965 7923
61 81 9924
439 635 6491
401 436 2344
138 452 9601
193 897 2057
17 19 908
275 747 9322
457 547 7886
278 625 756
155 385 9937
253 282 1451
53 453 8666
133 715 9767
44 560 2060
37 819 1397
41 596 7051
531 656 5813
553 912 8609
224 347 2324
224 577 1975
145 929 77
87 725 7888
47 879 4694
125 730 9844
524 859 452
362 738 5921
6 216 8462
467 707 4901
685 857 2962
11 37 1612
3 17 6446
165 537 1868
22 769 3305
563 584 9405
178 197 9493
884 979 1438
365 888 2327
247 517 52
46 60 7692
380 777 5985
49 464 8058
156 576 4793
411 658 5732
238 933 54
402 613 8610
498 944 1974
385 728 6822
28 876 2974
178 397 141
200 637 9358
90 582 6633
356 949 3775
727 781 8938
414 755 308
852 882 6776
322 906 3839
285 511 2953
260 348 4062
89 719 6498
100 474 4041
167 602 7160
692 841 1996
235 530 4937
336 724 5005
314 346 8282
649 803 5712
2 356 4939
81 117 8111
110 222 9917
266 380 1539
656 782 5531
389 967 2933
6 42 9300
215 996 9503
554 774 9012
241 996 5696
322 335 4310
337 546 5912
506 722 1836
717 748 4619
25 133 6924
34 447 5952
609 630 189
168 872 6046
385 482 2377
406 581 6960
127 684 3213
41 427 9317
665 777 8549
547 638 5196
225 622 3368
302 310 8224
637 864 1533
45 198 1006
397 609 8948
448 804 2370
118 316 6232
384 468 2211
560 717 8141
114 982 2512
331 875 4122
526 937 2498
215 521 5534
93 570 5033
377 775 8567
370 888 705
303 762 172
369 715 7237
637 672 9016
172 207 6265
135 416 6791
779 955 9740
520 775 9420
65 156 9337
226 822 6736
40 515 5436
546 862 6474
34 643 4240
832 920 495
49 398 5736
246 301 7824
152 165 9209
388 427 9855
775 987 4377
319 328 7062
573 982 3812
374 833 155
3 546 5816
628 904 1513
201 590 155
392 465 2956
927 984 7444
426 428 1751
208 215 6228
3 5 6054
453 826 6624
868 971 1784
563 653 3467
60 254 7347
120 130 1161
111 239 1042
521 997 5807
632 927 7717
85 227 3928
353 914 2126
155 494 8306
457 675 2762
880 963 7837
651 756 402
746 933 596
381 616 9444
424 504 3316
491 689 9661
245 713 613
555 888 9537
53 792 5505
467 697 7825
66 659 3512
153 305 4198
127 534 4784
95 483 3355
168 498 8466
403 1000 3683
448 583 4902
217 949 9963
594 878 1878
503 696 9866
324 495 3544
217 813 1923
483 860 9044
538 715 6085
314 471 9796
247 469 2353
728 909 1681
493 827 9076
73 722 2221
10 628 2704
754 888 9076
308 818 2252
26 297 7430
991 993 7619
287 333 4694
84 93 5569
21 65 8390
276 478 1005
481 504 5856
48 106 7667
317 481 9016
9 47 6266
158 619 9437
308 670 7341
56 277 7403
52 103 6529
755 911 6530
428 720 4263
289 643 7574
580 647 5764
249 655 3081
664 963 7954
153 367 4218
573 759 3986
63 327 2598
122 398 5375
243 259 8858
27 295 8406
121 494 9375
281 668 1768
735 789 4169
436 897 1867
396 727 936
844 941 8666
394 811 6706
65 819 3023
302 326 2155
105 193 7944
40 49 7382
524 726 2068
106 118 6739
388 462 1250
94 636 1522
438 864 3173
226 528 7889
289 305 1171
27 93 4178
325 397 1158
100 880 5115
17 35 8315
79 224 3035
236 561 8189
313 457 2081
280 951 8976
361 587 6039
201 425 8500
167 822 28
844 854 2618
902 930 6545
248 563 4012
111 313 2462
37 956 907
40 597 5522
174 304 4925
81 298 6442
143 690 1667
249 391 621
863 866 5384
10 872 9435
129 353 8482
85 917 2985
454 910 2484
28 72 5325
175 276 6125
422 898 8008
209 800 8525
455 532 4237
654 956 8762
63 767 6249
205 278 494
494 554 4951
181 320 6896
417 877 1526
657 917 5102
639 723 5206
642 789 1980
134 889 9948
181 473 6461
715 866 5229
563 844 6839
445 503 9255
426 875 5405
279 445 772
335 964 874
142 206 5641
10 513 6547
515 998 7918
344 500 319
32 105 3829
942 974 181
126 205 2830
113 190 3774
95 671 1459
297 505 1263
57 136 2560
217 285 6405
589 937 4129
93 861 4174
299 443 9216
7 886 2747
620 787 8666
231 484 6328
644 764 974
454 781 8637
165 199 9296
260 261 8207
325 825 5857
72 532 9254
564 706 4135
304 733 4801
337 536 4029
491 685 1055
384 716 242
680 912 8531
392 447 6785
281 500 4482
634 938 1795
131 499 7873
81 287 8600
464 709 7021
74 328 5553
320 601 5327
767 770 8235
468 927 7678
437 694 3482
246 556 2166
528 782 8643
310 554 6978
204 982 6396
20 657 1384
530 789 7162
57 969 3841
226 878 5016
182 412 5985
533 632 9869
264 710 2978
117 462 8993
346 637 3107
15 22 89
450 522 5005
587 832 6876
85 451 7602
28 153 3661
256 594 1850
173 486 227
543 969 5084
365 548 7961
69 595 5351
795 892 7613
74 110 9707
703 960 6108
95 551 8263
41 402 5471
131 466 1377
24 46 6606
62 520 2439
380 638 1028
95 908 8272
257 635 9630
540 934 9234
225 250 8502
780 946 4884
9 73 7019
117 526 9383
117 443 1783
131 450 2878
607 662 9928
58 458 2260
27 45 4566
83 634 9798
325 612 8722
104 200 6905
190 660 3001
50 53 1777
296 329 9498
143 397 5411
400 926 2326
383 950 6966
225 633 9083
152 169 3959
218 502 3903
17 155 5989
117 837 9631
96 726 9028
270 409 9150
6 499 6342
884 942 8926
184 219 961
198 489 2810
482 510 1766
397 886 9990
52 183 5808
690 881 9971
803 937 8303
54 130 1965
196 673 7999
434 443 4725
151 370 2117
86 160 9253
66 994 6140
190 192 5261
19 134 8387
57 116 6078
226 389 9095
212 441 1318
9 238 6910
295 639 2414
89 145 9775
200 524 260
436 790 4588
14 25 5225
141 824 6733
433 749 5389
101 714 9638
3 214 7691
89 122 691
58 220 2147
872 999 2202
620 904 6652
247 826 1528
288 319 5716
785 819 5141
254 937 1806
102 533 6902
66 527 6754
937 964 612
275 480 2831
364 795 3266
499 815 1576
681 938 8677
909 932 3881
609 664 2188
5 142 8187
228 519 3049
150 473 6400
253 269 6186
56 180 5635
563 964 2718
409 963 2254
5 368 7679
297 890 9305
136 900 7267
323 508 2996
419 617 9269
34 179 7378
420 946 6848
444 977 7840
103 143 7609
61 804 930
2 988 6045
744 949 3514
953 980 214
583 960 6093
266 901 2968
137 237 805
6 285 9749
300 971 8498
167 769 7574
151 274 8086
363 444 5998
194 245 4192
710 817 9434
591 855 379
70 455 2302
251 938 6991
5 897 7214
200 701 1467
403 810 9961
575 596 3114
135 201 48
599 725 4329
557 732 9586
279 573 648
20 406 6680
254 554 9766
583 697 5644
336 991 2277
114 279 367
161 408 6847
793 915 3556
350 823 5123
280 918 9056
529 838 8839
579 938 5705
190 830 8572
380 419 5022
296 739 3909
32 806 839
161 271 6487
688 858 6831
215 374 3957
237 471 4337
227 619 8111
611 664 4959
233 268 5925
241 874 3932
374 608 1652
306 331 7318
731 844 6683
324 938 1648
457 932 6514
24 171 7109
166 392 1304
622 875 2381
674 802 5908
332 543 1269
155 758 7622
287 957 3908
88 378 7876
161 426 1480
168 576 9508
549 599 928
211 436 1082
45 119 2949
568 701 1519
741 985 2047
254 495 1489
274 404 5386
166 297 9862
276 627 7527
566 961 5840
300 937 1935
779 873 2468
1 2 6897
279 546 5642
168 223 1134
908 929 6225
40 393 6806
128 129 4091
19 44 6913
12 109 6338
147 903 9539
525 766 9835
171 178 5973
232 342 8682
193 350 4739
592 799 7717
527 967 8130
90 717 1748
19 69 5979
854 870 3526
83 397 6489
235 315 5419
4 16 4891
113 663 6945
79 165 2781
599 765 1392
36 415 8035
149 253 107
237 430 4466
488 836 4739
470 730 3855
260 270 5475
55 247 4614
31 357 5006
97 398 7587
267 519 3797
298 423 6793
703 980 9011
15 26 782
22 34 7675
565 605 1161
53 366 581
2 3 8875
147 555 7123
397 668 7514
626 932 7665
234 890 4626
592 810 9892
372 677 2579
26 837 5375
222 246 5626
593 651 8979
149 418 2675
134 194 4108
578 963 2849
532 673 7221
148 410 8233
790 861 8291
94 984 5131
147 365 1516
68 230 9952
385 477 4954
123 511 228
67 376 941
692 966 9319
602 798 1864
256 472 8866
150 334 169
157 726 4073
214 707 5429
462 789 4495
258 540 9394
235 311 8306
909 912 1376
564 644 4300
443 448 6953
43 891 1984
118 544 964
10 651 9797
338 568 7247
3 7 7927
50 102 593
50 152 1302
1 4 5566
829 880 7846
237 937 671
66 130 1280
1 20 5637
68 150 7926
869 995 5740
302 545 3291
165 326 5513
582 702 6791
244 407 1687
160 319 2755
627 716 7188
239 938 9317
629 657 6224
159 601 4860
369 619 9285
186 326 2078
235 930 9694
610 871 3928
455 459 7894
303 461 6994
270 292 8631
82 674 6950
114 860 1841
707 937 9453
905 937 3930
233 414 3958
429 991 8344
138 407 1283
19 182 8999
119 787 8687
277 718 259
728 779 8735
374 682 9922
649 679 3575
520 912 9838
74 692 2214
108 765 1299
41 91 9969
877 984 556
183 421 6514
382 657 7379
682 802 6895
356 786 6908
360 387 6176
554 868 785
7 41 9855
68 117 4705
260 309 9741
203 804 1812
471 721 3534
624 881 5433
384 873 3139
66 989 7091
676 803 4295
284 907 2463
58 821 4342
23 101 2327
138 344 6389
17 730 2912
580 682 5605
576 723 4547
431 702 2399
303 720 8648
142 973 3238
481 867 3361
109 447 6074
4 173 8887
347 833 4384
66 94 7831
672 720 9193
63 876 2422
206 791 4588
92 543 7575
164 391 7263
522 711 8922
130 151 2574
32 862 5027
209 248 9085
569 801 8862
82 787 5475
37 43 5235
570 780 6424
334 911 2603
705 940 9363
51 464 7072
423 794 4222
259 695 8182
55 367 7235
391 403 8230
505 577 6919
168 740 6464
325 408 4461
251 509 7605
46 77 3750
614 735 6008
46 154 3580
29 141 4829
795 935 872
178 954 7837
275 706 8233
282 929 7549
91 495 3433
166 543 7430
6 374 8060
59 877 9782
297 497 3577
6 534 2903
89 499 8433
32 287 3041
260 630 6324
169 685 4449
85 95 4550
570 870 9894
15 438 7458
109 406 7103
111 566 1566
1 509 7836
453 977 3149
576 803 8418
265 686 649
769 861 7439
168 768 5627
647 715 7359
445 737 3741
55 508 1090
60 778 3721
76 856 6119
649 885 427
248 821 9284
7 959 6759
158 190 9260
397 870 2405
697 962 366
132 693 3228
168 633 233
359 956 9591
575 703 477
717 975 1755
117 921 336
294 961 3706
421 648 5600
23 845 2231
77 752 9488
190 490 6864
359 838 6106
107 717 7808
574 859 7659
97 323 6377
7 876 3399
345 622 1457
48 98 162
730 846 4384
51 389 6753
67 308 1271
546 901 2503
5 972 2912
245 407 1894
18 824 3112
400 773 5794
186 754 9741
114 999 8507
161 557 1066
1 478 767
491 674 7713
99 172 6923
485 949 1085
54 148 7081
430 711 6918
202 334 3639
53 104 3245
828 983 7093
400 924 8485
268 385 7170
285 494 6023
298 560 4706
58 234 4980
617 649 7341
28 39 5421
221 781 8625
277 850 3232
298 344 4473
46 931 7240
563 837 4366
275 319 8836
144 420 4357
392 586 8541
551 651 8237
265 376 7567
162 318 953
52 292 2320
546 634 1318
256 618 90
76 704 9261
2 223 2510
371 988 2907
562 679 5949
131 943 7096
422 598 2045
264 584 5425
257 884 6872
488 994 5821
158 484 800
144 752 9157
300 774 7448
324 423 626
392 576 5828
124 189 3919
649 698 16
26 663 8429
105 321 5091
661 947 4330
693 698 1622
771 970 6580
135 220 1873
595 597 4130
120 340 5232
773 966 1029
435 839 6680
454 875 7514
183 299 8064
92 666 9363
44 89 1748
95 782 5559
138 936 6657
204 698 4868
68 253 4785
256 492 391
367 555 2288
66 697 176
121 938 1855
63 891 2192
173 782 609
140 417 2181
246 536 1090
700 844 4497
334 589 976
261 525 8968
57 833 9308
117 163 472
522 565 6837
18 958 5374
633 678 3654
129 782 4788
477 520 7598
161 577 6590
19 525 1607
105 369 6606
11 218 6132
217 338 6073
38 52 5443
196 210 8565
706 823 7729
379 591 929
168 594 6181
519 804 3494
251 562 4270
506 909 1616
236 337 2109
28 910 2400
840 900 3955
124 790 4486
155 281 3598
258 424 1586
458 771 7929
597 629 2834
193 373 9678
115 272 8479
70 284 4691
315 413 7535
294 965 9638
313 410 8135
250 469 6715
387 796 7749
245 558 365
134 213 4034
188 514 9335
128 703 8057
200 264 9925
57 218 4935
172 931 7265
87 628 4541
712 948 8418
642 828 2227
581 736 201
502 574 4202
200 985 8978
284 726 482
788 815 217
287 783 1917
284 303 1612
173 925 1829
21 243 6109
220 970 116
89 395 3669
120 310 5724
99 274 8756
175 262 3448
788 838 9257
112 688 407
204 336 2281
775 999 327
24 677 5513
641 920 4691
756 826 6837
625 659 4883
201 882 918
214 648 6886
29 30 8414
110 361 6518
704 983 4806
579 872 310
836 901 7124
513 817 7051
186 270 8439
245 308 8430
16 32 8568
605 953 9813
652 668 5438
287 746 6820
31 929 7758
583 894 3422
146 819 7123
119 503 3204
332 834 4517
6 264 7458
289 632 4892
284 591 5752
42 125 516
23 120 2654
208 395 5877
24 289 4723
213 252 6742
219 399 2922
169 479 3750
694 813 5095
83 947 3524
37 168 2318
596 720 7912
113 526 7172
49 77 8413
124 727 4546
93 782 2138
389 475 8591
74 317 4229
621 915 8849
181 681 2637
24 38 867
541 588 5994
142 456 7600
45 509 8576
3 416 2902
431 506 4793
368 738 4883
548 698 4235
23 225 6116
507 882 4383
923 978 2872
191 4441
