500 1000 100 20
119 234 9949
101 141 7434
13 376 7015
29 50 2894
59 210 9167
108 338 1900
97 372 2720
69 96 345
214 438 4613
30 207 7352
53 211 5336
203 492 1412
245 460 5581
79 104 8318
82 490 242
222 314 6991
181 187 9912
261 324 5959
50 389 2061
245 480 4350
212 344 4117
2 44 6022
112 439 2897
440 441 8106
11 154 5196
202 205 181
303 435 2793
255 385 692
312 376 8262
1 5 2000
30 463 768
2 15 65
119 171 6430
119 392 1997
82 334 1675
201 259 8396
119 206 1412
265 445 4373
43 88 8584
228 297 4758
28 440 8892
53 288 9552
185 394 4033
136 348 9384
315 454 4347
197 426 8256
363 456 9892
174 336 7328
30 495 53
460 485 9749
7 51 2638
188 281 2806
17 57 8546
7 9 981
39 378 3800
5 23 3611
134 168 1898
111 277 1865
37 352 3312
38 369 7620
113 427 4948
86 248 2433
144 426 5688
148 341 6544
205 206 579
10 236 9108
123 307 8337
195 373 6523
2 36 3562
222 367 3476
114 404 3307
110 316 2809
89 122 5691
136 378 8616
138 229 6386
140 390 8451
19 43 920
29 164 9625
300 392 2970
260 337 187
60 144 6048
202 383 9194
27 35 5987
100 116 3738
38 161 8132
57 103 2091
221 444 5145
212 247 6694
234 412 1505
3 279 4764
232 269 6342
101 171 4413
222 308 2402
21 281 1866
246 363 5508
225 416 3379
327 388 1983
3 69 4165
103 224 8179
342 486 9615
40 90 9676
153 230 7483
72 205 757
36 255 5516
217 479 942
286 351 3963
35 412 8325
281 327 7160
215 243 8291
333 356 8235
131 150 2057
216 449 3413
85 173 7637
2 59 1824
27 57 2140
13 14 3868
135 205 7020
67 153 2579
381 465 1495
147 249 2375
171 413 711
65 98 5396
345 438 3858
84 94 7390
175 218 2109
5 272 5106
59 445 2537
355 391 5990
337 378 2346
154 195 7008
147 452 1670
361 395 3752
170 463 1104
84 91 4428
121 387 4442
64 113 803
249 332 8170
26 61 437
114 259 6333
45 240 3347
114 220 5764
51 53 448
57 193 204
259 440 4372
35 335 5561
63 470 358
163 341 6832
268 402 9541
2 66 3381
56 384 1535
4 199 3448
26 91 3081
283 417 7017
404 449 8942
42 110 5629
125 231 4844
13 197 3777
31 229 8138
286 463 4434
75 167 3425
34 367 8284
48 90 5485
351 471 5566
12 38 9246
286 482 3376
274 456 4156
140 235 5490
474 491 8371
276 343 2461
242 273 1212
4 417 8826
390 471 8141
104 144 8911
393 488 356
357 497 8753
39 54 9402
197 200 5616
56 324 7611
58 336 5170
21 458 1355
172 460 4715
248 261 1231
44 56 1881
129 409 7904
120 307 9683
27 345 7011
383 446 2390
70 157 5644
76 407 6296
70 112 1348
193 472 5585
270 336 3302
239 368 5646
115 274 8489
29 211 7740
35 401 683
20 147 4175
91 465 7396
29 121 3622
49 55 4350
128 367 2662
178 186 9790
295 368 9841
280 387 1379
207 442 3419
288 323 4590
56 238 5083
60 120 6871
35 114 7278
60 124 5594
210 294 2258
315 385 415
184 302 7986
271 477 6732
8 16 7359
36 85 7527
165 273 685
6 24 5897
149 429 7842
10 107 3070
34 330 2264
23 394 2154
259 461 3732
330 368 6202
470 476 1276
83 166 4905
59 66 5776
369 426 5881
4 17 7529
171 451 5319
96 424 3723
67 71 6910
188 248 4225
64 78 9101
234 275 6178
14 482 8344
142 278 7038
53 169 9032
163 414 9281
405 427 4151
17 18 8424
93 403 4722
368 399 5485
155 178 9036
303 493 7477
354 385 2390
18 284 5279
4 97 3919
4 340 6277
55 269 1483
24 267 9016
137 492 1249
28 172 3140
210 424 5095
160 173 4397
3 270 5616
289 498 492
280 282 2940
298 485 8188
402 426 5391
126 222 8169
190 389 8476
98 225 8233
136 455 2878
170 339 9776
71 480 18
154 295 2795
382 453 2507
132 188 5561
312 497 6008
2 6 8407
378 487 5000
109 180 7449
304 378 9235
384 478 5551
192 375 9287
109 195 3373
58 143 2881
90 178 6543
372 401 5856
172 366 819
339 453 2011
143 458 4713
66 142 7763
18 37 4532
11 45 7408
131 262 2402
218 451 9826
174 338 3066
136 271 1173
11 58 9841
31 270 5681
210 362 6530
65 135 5590
76 294 5409
208 353 4408
380 474 5040
403 490 4063
145 406 4839
95 192 1772
11 447 1453
237 268 4644
73 89 4843
303 415 6096
145 255 5508
49 450 6987
164 264 8716
118 420 4764
337 468 5032
295 444 6151
152 319 3470
134 396 3551
146 207 3847
61 84 8095
69 311 408
344 385 734
6 447 9012
107 379 3679
60 238 7344
132 366 9031
125 497 4840
152 418 7701
179 214 6704
209 315 8697
87 144 3305
232 393 5972
23 327 9171
257 260 8596
285 321 3812
207 464 6454
227 290 3847
124 327 7727
10 66 7935
224 275 8871
88 411 5033
115 134 2045
159 212 9287
30 52 9352
18 356 4402
163 232 6535
370 407 9595
5 7 7713
3 11 8278
33 251 8505
36 73 5109
311 428 1026
51 299 9654
348 423 6601
113 335 6233
371 462 5751
27 256 4659
132 133 7868
4 25 3469
150 480 4338
163 187 5920
220 358 6545
36 119 7417
251 280 4603
296 355 27
322 420 9325
45 412 6169
136 204 3060
240 416 2066
28 426 2731
166 252 6319
79 274 7125
103 474 4502
116 447 5875
222 268 593
137 444 5535
73 396 5309
441 470 4679
103 288 2924
59 303 6253
167 309 9646
236 375 7022
103 291 3718
151 378 6118
169 214 2350
181 310 1231
42 200 1336
415 427 2027
41 430 6258
414 499 7580
15 219 1224
132 216 7292
84 439 6807
180 210 988
74 138 4790
5 433 783
107 155 4673
42 174 1404
114 154 4694
47 62 6744
27 227 6097
94 373 4777
119 266 9003
150 436 6439
128 206 8538
250 287 9324
315 392 6876
115 342 2261
244 437 6649
167 418 6595
21 32 1896
139 143 1174
8 133 2356
191 489 6470
236 310 6439
273 303 4939
259 327 7197
76 281 4706
219 482 4875
93 300 4861
118 241 432
116 241 6210
191 377 8547
90 145 6576
202 289 7852
131 371 8468
23 178 6040
327 450 1773
6 178 4723
184 418 9256
132 296 888
152 304 2462
255 364 2015
169 184 798
240 432 8169
492 498 3133
189 404 543
42 128 569
118 441 5706
195 435 854
443 467 2625
73 168 7358
269 362 9161
157 365 6457
37 210 7604
53 258 6681
20 145 964
204 267 6958
294 390 892
38 137 6423
183 239 8585
126 160 5574
8 294 1665
133 355 6512
347 447 8500
18 30 2587
82 401 3374
29 191 5417
122 181 737
198 293 7083
49 296 4528
36 283 2241
59 165 4741
468 497 5934
67 76 353
195 331 7389
74 382 3258
1 2 7596
236 278 7305
148 174 8484
20 27 1459
241 259 5636
60 306 9211
46 391 1243
108 449 2182
266 276 3519
206 373 3430
41 63 475
369 470 7589
41 139 150
93 214 5851
28 286 8800
341 419 8842
54 414 5382
25 41 5769
111 494 9144
6 336 9022
79 327 1519
199 266 7002
12 221 3525
322 445 5437
384 453 9794
360 405 9014
126 161 8063
66 113 3284
67 146 7411
274 495 7851
299 322 8261
266 482 3909
223 253 7289
80 81 5042
455 457 6181
3 174 5065
95 257 8418
59 456 2753
35 109 4671
158 215 1702
25 63 5592
58 139 3813
108 298 3301
72 176 4676
326 330 2891
109 137 7888
222 291 7362
33 40 8306
113 208 4198
123 149 1018
9 21 6214
198 429 5472
7 376 2586
129 227 7294
174 384 9674
250 321 6497
23 108 9964
332 363 1372
393 397 7725
3 4 6031
101 265 1943
349 461 9186
85 244 4554
26 163 2982
19 33 8048
161 198 677
39 347 7173
46 185 6183
2 346 7002
182 216 198
303 337 9923
16 126 2811
11 217 9915
256 305 6229
79 105 7102
22 367 7400
77 99 1439
151 202 6470
279 380 4226
48 302 509
39 198 3998
28 132 8185
46 384 4646
98 482 4651
373 381 9303
54 64 7692
28 106 3347
72 151 3332
328 379 5140
189 199 9737
326 441 4526
22 397 8027
302 421 6969
161 312 6694
12 170 8962
87 122 7508
186 453 2902
213 332 2410
128 190 3637
291 425 7404
122 211 7035
189 357 8769
93 449 2896
148 154 4725
230 268 1071
107 222 8429
137 352 7116
326 340 497
21 64 7591
446 496 1857
284 424 1408
282 339 2163
322 340 9516
196 422 1736
174 455 7129
18 42 7921
102 120 2164
296 402 9027
7 13 2511
64 414 2726
41 494 171
168 491 7234
59 211 4094
60 396 1396
137 190 4370
100 301 9508
27 153 1662
15 326 6600
429 461 3028
48 162 1765
98 402 9924
176 459 5240
61 254 945
247 305 4376
3 159 1270
76 118 6848
32 226 211
10 234 5016
16 422 6519
8 143 3266
40 127 429
25 86 7680
135 250 3097
159 189 1819
73 360 4854
286 331 1110
55 349 324
271 329 9889
159 488 9171
199 321 2355
177 446 9489
111 383 8235
100 176 7125
113 318 3005
43 411 8894
327 343 7085
137 164 6603
247 475 823
55 138 5158
17 94 9019
180 379 291
26 93 459
19 476 5126
13 490 759
135 281 2013
84 208 9560
109 359 3461
86 125 2368
103 362 2436
313 437 4397
468 492 3575
66 241 6078
314 458 4372
122 177 5665
25 117 6478
15 481 7177
144 459 3579
118 448 4905
25 34 7124
179 354 241
438 466 4595
365 375 7487
330 466 5477
215 373 2877
12 105 320
137 319 3920
148 481 6009
51 218 1368
136 189 6776
11 48 2798
18 182 3911
182 288 260
54 265 4726
12 60 6584
448 477 6800
61 434 4776
77 303 6479
321 493 7498
96 393 4731
432 439 3237
29 176 3131
2 29 1304
90 123 4777
125 143 8235
134 319 5919
330 478 7983
298 320 619
32 129 4521
80 347 8416
281 430 1599
159 298 4099
218 436 6792
70 485 2965
110 327 9476
317 366 96
224 474 7454
165 285 6443
155 473 9762
23 293 7293
185 237 7972
242 365 3375
18 28 9345
367 433 3014
329 463 2679
67 438 8875
30 273 1627
124 148 1576
10 16 422
105 151 364
161 349 4476
258 477 3390
100 370 2291
95 194 908
174 335 3786
151 294 8563
75 82 4614
254 280 91
132 290 1797
56 362 445
342 387 3648
25 111 9238
58 195 2161
14 75 9881
377 443 4502
108 359 2302
142 350 9855
224 242 9139
196 343 4161
79 232 1626
4 238 8328
194 238 9132
69 234 4605
247 292 9379
335 452 5002
31 460 964
155 479 6753
234 346 9713
49 67 1951
25 231 3310
11 209 6034
67 238 7022
193 400 5899
63 444 3602
22 131 2448
373 455 8615
198 475 5204
300 421 1315
276 349 273
9 15 1813
350 469 8688
139 140 4809
58 152 2980
362 492 9773
280 281 8598
413 496 5188
157 386 7057
96 318 6165
143 333 9312
361 376 1142
57 391 2723
138 240 7746
208 329 2640
30 142 1267
164 266 3443
15 74 4036
10 435 6101
212 214 759
176 342 5229
218 222 4834
70 350 2438
25 251 1047
262 420 4020
401 441 4356
208 368 8868
204 328 1651
1 269 1290
7 10 8458
87 159 9273
245 471 5806
39 80 9866
81 190 6317
228 444 2207
140 434 6335
167 466 333
38 249 8260
176 415 7392
9 224 6803
273 369 2923
69 79 8852
63 492 9172
59 359 6815
399 476 1145
49 294 9960
201 235 4885
19 26 9851
322 388 4460
41 449 4497
148 334 9549
57 215 8224
295 358 8976
183 246 9617
135 317 1509
397 492 9870
84 461 8060
249 394 2664
177 226 3132
135 224 3733
105 197 6519
73 85 3676
213 490 1803
254 450 8673
94 404 3335
325 455 8442
70 213 6763
74 252 940
488 500 9325
198 308 2022
233 437 4964
47 105 6867
123 359 8963
148 404 8483
75 392 6259
21 176 7972
31 489 2805
18 83 4747
339 436 5536
12 295 8779
40 229 2837
305 454 5948
274 325 2813
87 440 7017
215 265 4358
128 179 678
2 3 8920
311 459 9963
20 31 7534
129 285 2000
293 453 7524
244 413 8011
99 354 1585
323 353 2601
20 65 6630
368 410 4849
45 288 3340
55 100 8395
348 467 9203
149 260 3593
75 263 2837
238 260 8267
23 92 6573
178 301 2205
324 418 5235
159 263 9206
184 445 8344
79 135 8382
203 234 3251
418 463 366
119 332 6733
399 448 8543
11 12 6143
294 457 6091
179 314 1883
66 223 9903
57 68 263
288 434 5576
28 410 8785
161 309 5870
136 225 6286
5 39 1601
265 442 1633
17 303 2999
193 440 3270
49 157 4788
24 350 6316
271 473 2975
59 203 624
71 396 134
9 348 3588
170 398 20
1 382 9138
84 87 1106
214 330 8983
307 467 938
88 486 9453
46 376 9839
53 196 1845
65 451 2789
495 496 2039
286 459 9391
8 99 9410
236 352 2925
77 312 1286
170 431 2880
255 369 4359
311 374 7777
18 20 1747
387 463 1131
136 262 7903
162 384 6886
59 72 2809
120 138 628
107 193 7122
37 225 8523
282 381 9441
306 397 5297
387 458 7916
162 238 4953
179 312 8575
12 103 494
105 156 5391
247 421 3179
155 497 3647
432 452 1314
43 253 4886
6 228 4135
51 444 9089
25 368 2528
59 71 8320
180 212 125
38 72 1931
101 167 3906
44 77 2788
397 440 8069
187 364 3177
146 434 4514
464 496 9047
7 249 468
59 98 8203
128 195 4072
12 229 3926
303 490 2181
57 95 1153
112 130 4976
264 483 8395
114 149 8178
361 435 466
312 372 3632
144 456 6677
45 461 5343
255 285 4549
430 471 8689
132 336 9308
151 484 3494
120 136 1607
94 499 2480
28 97 6663
62 245 4093
45 155 7674
98 404 961
20 46 516
118 313 7997
57 117 7
156 198 2124
148 349 9595
161 264 6904
251 353 6019
5 8 9190
79 195 5244
76 299 9732
67 365 2169
276 361 2155
61 102 4728
48 306 3890
148 219 7835
75 335 7793
3 190 173
45 344 2265
35 47 2621
103 491 1953
399 481 7217
382 398 6291
279 448 8671
50 101 2435
232 276 668
324 388 4519
136 158 9482
64 421 4299
61 70 1629
39 495 104
24 325 7942
32 49 9909
276 369 4368
218 408 9135
21 206 5262
332 386 3840
166 203 8716
130 201 4997
225 440 4947
298 368 661
236 247 2797
2 19 4893
280 491 4360
154 174 8832
179 192 9870
455 490 8437
8 115 3454
229 324 4217
177 342 2075
177 477 4480
154 412 9517
20 244 2276
294 317 4653
200 302 8568
238 302 7441
57 274 4773
2 174 3541
210 351 7904
264 345 8726
84 233 970
325 362 5332
359 469 2
278 433 769
119 175 3713
70 183 6534
250 434 3101
437 500 2894
23 389 6702
6 22 6514
207 337 1223
81 11584
487 12446
292 2140
450 14340
277 10976
150 1829
300 11199
152 14211
183 5924
403 14847
311 420
80 2989
235 5575
342 7251
390 2204
431 6194
419 5583
422 1032
121 4922
411 5507
341 5816
475 11104
282 6658
26 6019
124 13210
347 13541
130 14433
457 10652
304 10957
443 14490
477 12661
289 3528
91 1554
481 439
88 5256
423 9819
383 14933
465 3422
116 5042
420 1187
267 1545
374 10741
122 4798
328 2181
310 1284
462 2372
125 12494
320 12963
239 5048
140 8699
498 11183
226 1696
258 10050
86 10098
494 7396
177 4458
414 1080
357 8533
41 7117
448 10611
393 8072
43 5324
371 1360
134 9282
378 14600
50 10745
314 14949
486 4846
262 2473
254 449
223 4530
141 1204
102 8594
139 3803
468 6163
458 13079
353 10500
61 13220
370 11355
34 1016
484 12709
169 5039
253 7895
196 8287
399 8122
131 738
297 1286
405 7640
248 6067
78 12193
322 7129
231 12093
407 10218
308 12424
271 3408
93 4518
204 14253
398 2407
428 12353
111 14354
