800 1500 800
579 655 1948
9 13 5132
563 641 3459
217 246 3679
1 2 2421
64 112 6473
191 258 2697
294 414 7982
88 259 3676
113 494 4696
19 335 139
178 572 3743
629 733 9251
248 739 2331
776 781 8149
253 328 6890
110 315 4670
174 211 6683
3 609 1482
243 343 7688
173 617 4979
14 34 9059
124 433 4798
439 667 3735
426 734 3647
86 709 366
76 181 1558
66 389 2678
32 415 509
35 581 9254
285 760 8534
181 185 420
379 383 4633
208 410 1545
42 277 2236
9 97 7180
155 705 6426
134 474 6276
368 626 8482
429 433 9345
339 781 6469
214 379 3512
55 585 1512
263 714 9930
4 61 459
527 605 2537
27 566 9351
109 347 8560
63 760 3578
56 341 8185
278 741 8960
213 684 2563
249 396 8402
54 111 8434
133 159 1371
196 457 3212
202 468 2111
5 480 208
313 541 3604
2 21 4775
229 503 3974
101 296 8771
84 88 3283
172 210 7505
52 484 2276
388 443 1701
24 175 4553
93 279 406
365 441 1010
434 479 209
175 209 8817
240 354 1814
455 502 4538
570 748 368
433 553 225
141 205 2289
331 550 367
637 737 7771
315 771 834
294 770 5951
90 701 4668
472 725 296
36 42 4652
379 537 2102
4 43 8964
65 509 781
41 639 4781
24 95 763
288 775 7992
124 532 8500
57 132 1403
647 770 2914
436 558 1844
312 702 7583
60 754 2767
322 688 5870
5 33 6263
296 365 4096
197 471 1721
75 506 1813
145 422 5848
483 756 4023
513 697 623
202 612 1489
69 795 2028
656 714 5271
729 790 7814
65 751 7314
602 659 8645
599 710 3007
592 674 8844
83 662 5090
5 8 7422
18 569 3300
100 255 291
216 386 5665
719 793 304
150 461 4915
274 528 7143
105 471 2538
484 535 4202
438 768 9242
548 589 686
63 352 8397
205 454 8505
589 702 1206
7 599 892
40 41 2513
5 6 6894
456 501 8184
1 3 6469
121 220 9106
204 533 6741
74 566 8628
60 71 2285
158 180 9098
172 368 7005
225 765 1860
392 579 9319
44 131 7531
103 434 9754
427 718 6203
140 585 4261
404 679 7764
240 674 2389
442 618 4878
243 388 760
59 421 2126
252 736 5191
647 747 1714
388 457 4839
571 668 400
2 745 5077
28 29 1713
228 549 8532
397 490 9018
74 80 3483
582 746 4146
213 345 4405
167 680 4421
201 239 3015
106 208 3873
18 585 4847
175 260 488
119 485 8137
651 762 2611
26 622 5454
465 605 6852
190 195 9764
30 62 4916
1 14 2892
239 362 2911
286 649 2254
174 729 6340
82 723 823
352 682 8813
71 164 9888
396 406 2206
221 276 1525
128 162 7350
177 556 2457
11 148 6564
285 645 9352
458 684 620
299 491 7182
251 302 9164
161 204 6210
116 300 8294
148 712 3927
263 581 4887
140 485 1345
448 516 4673
211 475 6654
118 704 1680
51 122 9860
33 370 5928
62 186 451
78 721 3336
254 419 3109
214 260 5413
322 542 9547
439 563 9652
172 265 1060
6 19 505
577 752 1759
452 624 4783
187 615 2626
135 416 5595
568 793 174
8 54 8217
167 252 9027
241 521 6489
367 641 8251
295 747 8641
286 349 4467
243 553 8581
229 449 8419
229 237 3142
87 142 7721
145 466 7723
216 620 9026
357 465 9785
590 777 7154
248 376 5983
368 765 1783
466 520 3518
30 320 2948
304 704 8691
767 779 6694
45 290 9546
120 185 8916
10 206 2923
426 618 6139
67 365 8827
26 316 2243
5 48 2653
193 281 5688
588 596 1884
3 130 4904
277 468 6416
12 17 6590
259 289 30
121 728 9801
116 411 5346
18 736 419
312 510 1895
351 397 6566
519 540 1983
172 728 5928
204 765 8867
1 214 250
175 404 4644
196 380 8297
67 410 6882
105 266 3849
86 144 9206
255 550 7643
51 480 3432
64 154 2532
330 790 3650
317 346 1139
315 539 5532
21 108 6609
172 681 6521
302 483 4441
101 797 4368
166 777 5883
128 604 5986
157 163 2906
530 619 3804
97 546 8465
72 147 7593
27 150 9368
13 623 888
229 670 2573
276 784 9670
290 749 7053
176 692 1874
114 282 7801
58 139 213
94 625 2810
114 742 3768
48 93 7115
222 530 6628
14 73 7680
568 614 1355
126 478 8063
412 601 2369
588 634 3218
268 742 6171
236 762 6448
57 546 9264
13 16 9482
20 348 7424
451 554 5445
262 326 38
311 776 1059
747 779 1045
1 375 9757
21 343 4440
216 494 7511
481 744 8889
374 506 398
341 660 2849
691 749 8683
23 355 9241
644 709 2212
104 207 2915
132 464 1737
249 432 516
526 699 2595
20 45 2170
233 543 830
67 219 4200
152 241 3177
42 91 6168
266 470 5854
201 391 8293
44 72 2351
421 764 4335
10 98 2721
90 123 9263
299 518 9594
8 10 7051
90 711 5293
407 447 2723
440 479 6666
285 306 2356
153 193 4793
82 263 4719
4 38 9875
457 653 8863
332 659 517
37 369 2629
97 318 169
450 589 6648
450 777 1891
45 158 7175
96 246 2991
150 413 7506
605 680 1982
317 475 4205
24 127 7259
418 798 3527
205 366 8441
44 159 2336
26 552 6461
303 571 7749
108 173 3913
84 152 6354
34 43 8990
301 486 4815
349 552 5699
205 758 6119
433 695 7602
20 133 1708
560 632 1310
29 155 2787
216 335 2365
100 304 8686
321 323 260
118 192 9383
63 199 3543
28 527 7105
108 592 2440
211 275 4175
40 119 7393
267 556 2541
5 63 511
42 484 2695
69 420 4032
334 358 639
265 784 8392
327 546 6485
367 543 9969
233 253 4250
386 666 4173
11 188 791
277 322 3865
470 540 2635
448 657 4746
116 215 6945
71 110 9040
308 753 8598
285 445 3962
251 584 2587
164 752 231
138 214 266
243 277 5644
140 478 3096
380 588 3715
600 732 9358
268 436 7176
37 184 6256
32 593 7267
768 781 1040
68 109 5843
58 221 5956
58 307 4366
64 471 3900
276 727 8997
350 660 4476
111 188 6133
130 312 9170
112 741 1731
278 590 9059
297 417 7620
5 203 941
252 261 3272
454 598 886
3 11 5219
64 715 9310
463 525 4422
85 171 1345
171 430 1844
250 310 1521
99 197 3650
17 100 7859
394 401 4597
62 74 4987
341 423 3368
415 457 3102
486 577 2880
191 327 6597
198 783 624
273 444 6869
154 214 5020
168 668 9006
579 689 9839
29 432 9049
56 86 4209
6 799 1829
346 383 8102
214 378 4025
37 371 144
77 270 8881
99 101 6000
703 744 5178
89 294 2205
189 556 5158
11 20 4650
21 146 429
101 244 7675
342 639 1210
1 5 1136
221 794 4041
432 731 1457
204 226 308
304 366 848
11 36 6169
277 403 3948
145 661 5120
207 467 6657
73 426 6816
302 374 4074
3 12 2045
610 800 3591
87 140 2557
458 683 1797
407 601 9006
394 494 1355
61 202 3866
14 111 1525
510 599 7439
378 427 3244
496 594 3471
42 333 7861
99 525 7175
325 369 5341
20 56 3721
33 65 4406
84 431 8531
99 305 9724
2 662 106
255 679 3251
114 341 5863
131 332 338
64 623 6639
321 746 5147
73 377 2106
100 126 6882
558 675 197
183 212 5891
123 321 6896
140 174 2820
298 643 9856
172 644 333
82 444 1542
131 450 3401
511 627 8712
581 790 5095
631 677 5953
122 418 8517
125 619 4641
15 115 9408
279 602 6683
262 387 2495
7 15 3265
377 544 9080
168 425 3448
131 324 6246
297 379 748
379 797 9206
252 685 1163
124 574 9048
91 521 4055
105 172 671
239 452 1829
703 711 41
71 183 9343
265 764 6130
190 243 337
71 578 6769
72 742 5144
158 344 894
156 391 426
47 388 2153
228 246 1447
18 500 7670
169 240 7220
119 614 3715
4 26 7297
25 105 726
90 722 7928
7 673 6724
733 797 9148
499 630 8169
147 252 8759
120 403 9727
452 654 6170
36 730 366
18 192 908
698 701 9188
346 382 7630
90 346 6042
680 754 928
70 223 6620
73 649 5445
125 663 306
183 701 5757
53 82 2811
322 718 4920
113 114 7601
89 351 6869
248 423 9912
142 475 545
139 555 9942
20 515 6257
49 552 1728
113 145 4735
368 796 9592
155 484 3346
174 513 5898
272 384 1347
343 763 2112
339 691 5139
555 676 333
45 170 5824
179 389 5626
455 477 8608
26 363 5278
392 671 6737
301 318 696
309 796 8128
124 692 7416
100 603 942
106 434 6370
28 99 2808
124 261 6307
24 87 7335
233 587 580
84 236 108
164 561 3294
122 287 6743
318 767 6628
36 151 4099
35 330 7965
314 616 6681
32 57 9458
13 28 696
262 683 8258
143 220 25
94 141 8864
93 151 3514
314 570 8163
292 357 8219
413 695 9026
307 467 949
245 759 4663
416 585 547
49 606 1999
285 424 9210
385 430 2341
297 637 2725
34 347 4301
323 742 7673
88 510 3818
270 485 2719
308 459 2274
159 575 7272
418 711 5314
177 529 2202
7 225 3778
200 438 9993
382 698 2763
474 502 1163
108 789 5070
94 169 7968
53 160 4361
280 288 5196
33 208 1551
352 781 8360
263 329 3641
322 562 7190
500 549 8203
210 213 6481
265 741 137
323 668 9387
15 299 4303
328 331 5072
209 301 3556
8 580 2983
152 645 2636
267 726 4592
89 212 9585
500 578 5109
238 599 1615
381 788 237
385 737 4143
118 198 2206
126 417 4266
240 315 7757
124 336 9241
53 394 1449
16 307 4919
12 257 7304
417 446 1576
127 538 1397
318 631 6940
215 591 3539
326 639 1193
464 511 8241
173 650 9355
339 426 6017
226 757 8389
21 494 9489
420 651 958
130 202 4436
18 39 5721
434 492 2019
101 155 3567
210 776 1009
14 582 4548
13 50 3761
362 407 7509
69 421 6230
35 46 4125
186 216 2988
430 734 7897
616 647 4721
66 313 4850
2 511 577
316 767 2194
31 149 3840
168 623 2590
432 703 6897
125 732 1206
616 784 4639
398 626 3
196 790 7068
46 524 5151
468 498 793
296 577 2491
254 686 7562
5 7 1387
78 565 7736
58 482 7222
286 545 6925
312 685 6498
183 714 3118
130 464 3633
101 231 2849
24 404 9184
273 548 5218
507 555 9627
35 395 3503
306 718 131
86 558 5401
60 69 9743
56 714 757
531 773 9775
95 309 7208
170 379 5088
402 429 9066
349 551 9955
12 27 8455
2 646 5487
630 732 4581
25 708 8588
69 293 1586
60 84 592
506 564 7699
470 707 5248
217 285 9792
711 762 5404
387 499 8504
710 742 2701
215 230 8023
314 324 674
128 416 2938
20 753 8873
141 787 5528
401 455 6243
267 292 9187
236 454 7737
593 786 6383
184 648 5731
17 442 4
407 577 2833
14 509 8951
226 278 65
267 342 7083
273 339 1421
83 92 2654
128 318 5995
225 462 5706
10 94 1993
448 686 3421
152 200 446
256 555 4361
96 524 4918
205 242 5882
103 284 4992
37 345 3784
712 754 554
241 324 6736
216 238 5791
310 635 1887
338 716 9277
467 543 3715
100 591 4051
29 76 4075
548 607 5656
47 350 5995
133 240 157
54 332 9726
59 291 6075
369 472 6526
234 776 2375
410 635 5432
10 304 3209
26 78 9440
114 363 1122
355 372 2164
141 223 3307
199 400 6811
429 773 4773
33 60 4209
28 302 6822
114 375 7988
152 518 1628
182 787 7740
71 272 5710
43 178 9230
498 658 6209
15 775 3213
583 740 6407
340 410 6867
221 223 9515
300 535 228
40 116 4267
33 720 7162
723 742 6348
48 177 7618
21 23 2982
463 486 3924
287 692 1742
395 412 8236
158 373 789
276 315 5206
352 420 1859
24 254 6171
408 669 8034
81 725 2295
582 657 6962
160 615 5070
251 780 2400
102 322 8002
16 304 760
28 30 9973
119 193 7889
126 141 5410
440 716 5141
559 624 3121
54 141 9420
153 189 8565
354 789 8632
52 269 6134
153 176 4192
620 727 6886
81 601 3055
95 196 5288
105 381 7847
416 632 9400
245 698 3380
108 369 2147
20 52 2414
103 273 2964
26 338 4444
565 638 3260
163 218 6264
462 768 4
241 294 4585
300 432 8119
775 794 9777
44 692 752
282 351 5753
25 353 1557
370 638 5675
221 314 4201
262 439 3546
507 605 1812
439 479 4115
277 639 9183
555 717 7553
470 751 6356
140 285 8771
40 500 9188
28 108 1545
429 588 135
6 58 3021
120 400 9089
108 573 412
92 754 4283
211 271 8572
106 243 4503
333 336 8930
514 784 4675
106 770 5457
448 528 9958
157 699 7644
417 669 8660
282 571 8205
108 138 632
45 467 4038
156 201 5713
20 249 1911
92 709 8958
642 758 339
31 750 2349
90 299 6897
169 366 5280
46 175 2533
373 770 2810
738 777 5714
469 557 2188
197 356 1316
207 367 8500
713 733 4046
32 765 2652
99 106 9629
15 347 4276
60 631 4912
149 292 3094
427 553 6999
458 678 7672
7 657 4587
70 455 3840
320 563 1378
610 756 7657
45 776 3263
169 224 1824
22 40 643
207 536 9202
263 542 9761
402 553 8294
368 637 4116
472 713 7098
46 418 2481
466 617 8643
229 737 7128
336 716 8693
112 457 3064
142 583 4676
581 620 3928
79 636 7603
99 628 9413
528 559 5974
177 640 3242
489 575 5847
163 199 6385
148 287 7577
371 687 5479
53 608 5838
170 264 8317
182 662 8985
588 710 2628
331 542 8769
100 486 1201
10 443 868
605 724 4034
28 778 3814
3 9 938
57 118 3146
378 480 4185
50 155 4215
506 530 9551
309 532 1110
340 632 6363
89 783 7178
396 505 6821
201 398 7553
215 708 9669
414 532 822
220 617 5311
17 249 3434
116 157 9618
335 735 4142
134 233 7795
203 405 4150
32 685 6155
262 576 6878
51 102 7633
68 168 1514
8 156 7600
497 504 5245
22 271 9179
256 287 5684
93 493 4850
569 606 9429
224 255 5637
757 799 979
250 375 7833
135 347 3740
180 435 8037
274 779 8454
47 511 3637
39 128 1891
112 221 8935
253 611 117
720 786 7624
240 620 9663
23 505 6377
155 728 3979
198 719 316
417 578 8412
234 610 245
175 676 9631
408 409 5709
26 416 7494
343 589 9270
28 47 3552
341 538 2099
32 175 3910
206 530 5324
90 598 8516
320 775 8917
423 740 1470
368 469 5377
155 277 7959
271 519 6633
306 672 1623
331 705 4586
403 588 4901
355 623 9579
31 107 5140
317 376 2008
200 577 789
358 362 932
246 772 2050
199 497 6158
164 347 7062
82 387 5613
666 672 2507
113 643 4555
164 216 5386
118 252 9946
98 247 7752
39 44 1602
156 690 8083
346 562 9288
28 32 4315
342 402 2477
154 501 2602
24 59 4742
367 429 1221
19 25 7289
91 222 5030
89 767 3756
51 137 2505
3 151 7601
645 750 3133
368 686 1884
103 229 2467
24 235 680
9 340 7663
548 642 3100
88 186 6645
591 679 3369
324 584 9667
184 799 4793
146 537 827
302 311 1993
318 647 3177
345 394 7064
584 706 7840
90 608 4334
431 695 147
498 508 2914
90 703 6190
80 524 1837
33 221 980
309 682 3811
23 567 9101
10 22 2834
498 507 8270
77 665 8951
33 37 9456
15 24 6133
585 622 2126
47 180 1218
51 566 7906
187 660 7969
86 477 4722
153 383 6437
21 129 1945
214 638 1409
356 397 6095
34 785 9298
213 449 8
563 612 666
88 205 7858
304 583 8038
183 756 7922
403 501 6453
1 109 3677
67 359 3248
157 672 9907
239 661 4854
199 470 8353
365 738 3872
53 87 5348
10 479 3754
179 399 3421
151 419 3709
617 751 1955
170 660 1852
397 582 7610
244 458 2600
377 693 9421
231 293 1624
382 568 8611
61 245 4635
256 760 4932
142 256 3757
87 317 334
147 523 6496
212 745 2102
148 727 2634
110 491 5204
275 437 281
38 51 2695
324 528 2202
444 496 7154
83 153 2360
50 688 4137
264 425 9690
358 729 1299
51 124 8616
59 117 1705
32 311 1116
25 182 4642
531 563 843
68 160 2450
325 500 8321
193 473 620
109 191 5046
312 337 9293
189 754 435
6 774 4497
289 560 5392
30 595 7513
278 719 1210
50 79 6912
185 255 223
617 728 9645
222 272 5457
14 422 5719
319 478 9526
252 667 424
38 428 1960
46 222 8962
29 360 3076
281 526 2771
32 103 8560
230 572 3644
46 310 7698
50 136 599
108 460 4536
7 644 5026
45 437 5235
395 637 2464
70 649 8509
58 173 8877
416 441 1160
96 327 562
57 288 9228
190 721 9712
191 763 9729
55 96 5183
339 394 1946
169 426 3525
29 113 3393
133 632 19
531 540 6277
12 476 7123
188 393 9875
36 75 2695
39 53 9953
201 604 3274
397 611 9224
154 363 3099
74 121 4447
305 676 4112
558 791 6969
233 531 3839
112 280 3265
335 491 5954
262 719 1493
3 160 8662
318 319 4462
136 600 8027
301 445 4676
441 473 7692
601 629 5921
405 480 2978
598 752 6488
80 795 4931
117 314 5823
254 266 8600
191 557 701
309 556 654
601 693 8279
265 502 8070
293 517 6204
530 604 3939
190 573 6529
420 756 2563
141 398 5735
393 440 6492
282 735 8125
187 307 3124
340 782 2071
93 274 7348
367 771 6548
100 143 3997
236 460 7443
12 676 6705
466 489 9151
105 232 7613
456 691 5833
97 462 6206
210 222 2994
55 699 1147
442 696 9925
475 758 4431
472 621 9842
360 392 4461
99 352 9447
263 705 9860
185 420 9428
276 531 6159
126 283 6202
38 570 9178
66 379 2015
68 789 8261
236 579 3016
76 509 6200
105 120 2256
133 593 9397
495 710 4936
160 777 9516
593 691 4699
430 587 2649
534 764 269
285 314 542
267 415 1168
199 411 7829
249 534 9305
419 618 865
15 187 1537
22 564 1964
470 785 9985
87 384 5957
352 752 6236
210 298 6860
390 697 2033
241 248 9609
131 279 3956
6 613 9388
91 723 6296
73 77 1134
154 270 1708
124 145 825
47 262 2981
675 767 2784
222 518 3653
121 503 3763
2 89 4605
112 385 2794
35 55 7825
61 253 748
241 286 1657
401 624 6758
186 656 2185
423 680 2415
240 416 5888
122 345 2
204 283 7721
46 326 8949
209 295 2846
209 630 9955
552 724 2424
460 735 8481
38 262 4135
462 466 4819
476 692 2313
4 158 1875
413 652 4891
550 642 1432
324 559 3159
144 289 355
201 267 5131
378 408 9927
313 560 970
60 399 6331
384 571 5374
218 388 504
228 356 6749
266 325 9387
441 666 5598
58 234 954
38 556 9713
348 685 2810
17 137 4930
490 586 7187
57 121 4848
64 439 391
18 295 7386
97 142 7470
158 212 868
300 390 7593
243 791 7954
24 421 6070
116 589 2565
270 763 9971
104 463 5386
129 725 3561
336 371 1807
287 737 9084
123 343 7113
438 722 1260
220 763 8957
170 463 7102
251 346 3734
25 67 8061
28 134 4523
301 329 2443
27 54 9356
71 265 1594
78 85 8010
289 705 6827
37 717 3375
309 627 6714
447 656 6635
299 562 4957
369 696 8066
31 589 7101
127 164 2763
70 135 685
423 772 2789
296 582 3607
236 613 78
47 490 327
307 361 8399
430 639 6933
425 775 7913
726 786 2125
238 453 7835
273 685 234
185 190 1361
245 334 6894
21 415 6333
49 406 5909
503 761 6426
426 763 4670
60 66 6211
266 750 9528
338 597 7907
173 539 6214
267 331 9100
6 162 5785
94 401 4827
390 423 6369
595 711 6385
332 776 2487
269 461 4745
4 31 1818
647 659 2586
166 273 7463
539 548 1655
217 696 1247
150 451 962
403 512 9803
51 364 1206
71 725 2908
234 636 3637
233 260 771
334 769 1818
131 679 9601
240 601 8803
80 83 4996
560 773 4417
30 773 4374
17 99 4535
47 146 5019
113 133 3459
463 731 4888
115 228 4854
294 364 4025
157 581 597
26 90 9005
32 227 8893
191 233 8904
32 474 6114
175 448 5394
57 374 8528
620 675 7291
250 778 1711
92 436 5906
96 366 4910
265 560 7157
103 570 7456
8 179 1221
474 788 479
538 584 4846
263 297 3654
300 408 7907
303 708 4039
14 18 9517
114 268 8327
227 230 6119
415 617 3814
324 579 813
99 217 3914
167 712 6839
349 527 6099
361 419 6679
416 755 4559
238 350 8845
37 70 9835
103 574 7329
489 722 8537
51 161 6138
120 154 9637
51 267 3360
225 579 8072
315 482 3835
729 794 3218
425 633 7590
82 112 7969
443 560 2546
370 518 962
437 551 4878
215 508 2743
487 535 2055
463 479 5655
652 766 5888
494 495 354
98 105 6384
171 312 8479
2 4 7578
365 721 6868
22 49 1494
386 456 8205
640 794 2680
291 420 1387
318 481 9345
229 321 7134
88 601 3451
430 787 3016
75 475 5752
16 104 8083
142 608 4851
531 699 7651
190 369 3779
561 664 7296
251 303 9280
254 696 8946
126 257 8203
172 677 6013
733 758 5789
460 721 7042
165 251 8857
477 536 1210
151 694 6123
15 194 9941
417 775 5264
272 700 3053
97 532 4815
220 743 7784
337 338 32
112 167 6455
453 664 5535
52 76 5474
39 165 1514
246 286 231
51 426 4075
90 377 1486
30 449 3716
441 467 4118
324 575 8404
312 674 5399
47 574 9222
225 598 2892
480 699 1137
443 605 1852
27 317 5708
68 125 1926
502 587 4956
279 725 2564
63 68 5241
414 495 7870
403 768 3172
170 256 2331
258 721 4582
233 443 406
741 766 6091
184 602 4909
59 416 5680
459 661 7916
111 479 7687
51 64 1201
72 397 1773
180 642 8553
268 522 8331
108 715 7842
108 526 8534
42 648 3805
539 800 693
47 113 5735
131 445 7830
476 561 7651
205 487 9933
144 250 3735
25 472 5297
447 673 6356
375 434 8436
136 615 5837
218 584 4245
117 752 3347
118 356 1244
213 335 4457
673 778 2212
512 703 214
53 638 6338
326 747 8328
286 792 1129
149 714 6593
329 488 2876
450 561 1986
138 487 7671
96 110 533
274 514 296
330 655 3494
142 644 5303
49 308 434
417 673 1326
29 429 2517
32 295 2966
237 422 1487
36 638 2017
108 547 705
403 438 9375
184 640 2794
215 670 7575
618 768 9723
370 743 3495
611 763 1978
68 81 6974
351 506 3019
8 35 1248
138 799 1688
30 419 3500
40 754 5548
44 64 69
17 609 2892
126 166 5403
469 601 3413
133 308 9168
734 49
121 173198740
701 163903310
167 397063548
421 299
544 232
500 11142641
631 449387571
426 624789564
319 820187770
46 44
553 10
132 20
165 14
589 1888
346 606532867
566 207867042
395 641604316
311 767844683
133 223863580
774 698944324
684 758634034
674 939627699
340 1329
598 1820
586 1647
522 847336626
489 48
110 1073
193 522595609
773 660266480
246 105588753
671 440795396
347 1377
750 479177406
387 2
620 1413
526 309830394
271 367502863
370 228584427
769 537980438
502 1618
590 11
75 234953980
708 755674452
195 681816477
528 31
691 155
357 451116913
231 380702192
758 310971569
558 329
381 38
134 1770
643 903227314
560 522136457
696 921
740 21
475 526880165
19 632151833
488 505917703
761 636
162 512448903
249 37
177 30
715 1629
564 7
181 42985399
380 572500020
250 43
510 156150638
611 1692
13 747569164
244 1651
663 455
57 204
344 39
366 368974933
580 446209763
473 148440538
547 224738464
4 1419
430 691943733
627 2
17 954
483 1990
712 809207928
87 423548676
772 312
308 5
767 12
694 43
790 971493310
451 759959209
397 769
507 35
506 29
428 1896
51 22
742 684
683 770
126 21
222 49
112 352116449
517 15
6 32
493 382
654 22
169 419724221
781 198584461
81 27
238 230217485
383 146
664 679554196
775 37624741
640 44
251 525
82 184
737 611826824
27 4
221 298
556 882388199
261 50
717 27
45 18
699 435773647
576 701002933
649 1642
530 646559124
571 49
137 20
677 541783921
330 1605
727 34
237 28
34 411311789
53 964381580
518 1509
385 1460
511 681559581
525 373339232
605 39
135 1383
441 819886655
63 909353293
12 682048775
172 656332591
147 791
739 891553371
581 864
601 8
744 50
65 758862038
185 310003398
89 50
399 623273142
220 1981
47 405
793 198972256
662 407298070
144 866482566
131 46
116 243204175
90 37
607 634
470 519091024
84 720
390 2000
166 87929406
233 1337
438 204
569 858942799
666 1911
760 726291102
105 738
316 1
369 42
348 821027904
527 24
532 171142701
596 788891911
435 582617505
58 1419
3 272427773
50 1935
762 34
484 955226108
257 986239620
610 39
94 140
456 427295754
49 727744337
638 27
321 779919509
44 42
573 1470
364 970879371
653 383
374 953637122
179 526863985
100 130860913
503 1930
572 192861939
771 1107
295 995103680
728 851190096
336 998772928
200 976783653
247 15
52 401669290
785 19
490 550907208
317 606148557
80 476
618 33375407
570 632
191 709780460
645 1874
535 570503686
76 142603195
68 107
673 801620702
707 910119820
263 566
227 1578
351 50
206 1158
788 308783929
171 23
33 48
176 1580
433 856330632
624 718333673
37 713799796
608 708091627
647 916197373
85 924
77 87355970
187 13
442 100129867
325 992
552 1515
243 1739
36 544
294 471782742
18 388816256
1 460
345 436661210
676 1442
359 20
358 22
192 820
741 30
398 137854014
25 982324908
718 339
667 646533913
60 393569374
555 26
22 844303847
305 217400521
360 487
73 274643522
670 510399056
388 965066227
622 745625013
661 821826895
232 30071636
139 9674135
796 771466320
109 734622208
204 535376368
272 1124
597 31
266 429
151 734
541 745439369
158 43
67 252314686
766 514762876
642 256395027
196 17
20 28
138 109300330
142 511029924
521 40
56 982331444
303 844798608
159 958
146 42
402 336845874
355 38497340
459 1622
567 1546
784 909792406
536 1032
644 162578497
690 402295003
157 1358
124 30
54 541750876
700 883398925
613 1106
136 738418717
226 592959335
310 811607161
523 566012562
736 506338951
114 45467369
178 23
403 641808537
104 780776045
487 39314064
273 888311494
716 586781784
69 2
763 586350209
215 45
182 1458
632 329580647
98 812727700
495 429683932
174 978898281
754 837223596
574 289501422
419 891884603
509 1295
371 32
791 872849507
300 13
280 1959
277 1396
314 133
407 371774360
565 278729920
209 948192559
259 3
95 691246331
460 598013166
141 80390437
514 46
562 2104097
519 1242
606 8
516 475839093
621 8
616 29957092
617 768328487
480 98
477 318645736
349 37
283 415525664
393 43444262
497 157963815
262 1046
710 464929159
289 1334
55 1297
61 175937550
512 1774
230 1661
482 340421749
494 88168059
678 19
296 82482706
458 822849396
284 319197407
478 523311113
747 71863960
154 856860808
706 884049798
184 961281666
609 42
650 705
679 982577506
309 34
720 761841828
225 30
554 871991855
753 81073991
223 394465247
448 426043540
341 15
669 874328393
107 10
168 915
628 782732129
313 61878953
735 1262
602 269
183 921464441
612 306706231
59 964
8 358958276
117 825216940
603 423157541
461 25
281 952
79 970
431 214748942
545 386
156 539237798
533 913533799
160 9
352 4
783 40
306 298550764
301 38
492 150197568
327 3
443 1055
634 38
29 20940166
331 525
591 229448237
757 1704
285 942904998
276 400759895
588 3
394 1346
697 1820
648 490374090
745 35
656 41
629 193022553
409 422
299 361
148 33
235 955030564
72 298817180
194 14
578 324355766
287 799388059
729 477822933
83 1868
14 461
668 659
145 873959856
86 694017596
115 144593218
779 45
452 670527
291 12421653
111 39
269 1733
342 443
324 433918711
447 146037539
594 637859056
437 45909278
623 756795149
123 188003765
681 454026080
777 398900504
320 577311737
436 1896
242 37
731 204773404
91 831854915
444 3
561 101785133
434 51506587
161 14
486 41
163 1582
723 918583488
792 33
687 41456171
491 658602669
420 1562
335 1093
692 914113473
378 40
782 45
408 86390271
293 220298333
205 1259
93 336815963
406 574
218 18
465 267235331
24 287148237
585 393305924
363 448652266
752 1840
719 29
675 104482222
468 26
30 197
546 16
595 122894504
288 806805904
450 21
170 792
469 474871727
304 237060391
659 996
440 20276182
759 423947154
198 896
485 27
732 438918144
28 204976409
454 285
38 714
457 717664692
615 136688327
290 780762222
245 393944281
334 161189657
26 977
150 11
515 946547724
97 235
660 980385024
328 548742087
453 1339
7 809286076
391 237930442
776 324
203 1651
635 151
413 1060
16 1442
672 71838334
577 1762
787 35
449 553838428
396 728474912
119 342953466
520 928009448
143 766293963
70 1538
798 40
66 179203484
746 305982536
373 564288113
429 684527711
99 807159725
96 233130849
714 938545234
239 41
726 872310984
234 256
108 736739443
264 422096438
705 11
15 462447481
2 212
563 839
32 425189064
103 129
551 23
501 1483
559 791244351
155 47
658 38581120
537 28
180 29
228 463762977
800 730912791
106 16
680 494224492
797 15
254 1645
323 574007900
472 1382
625 615054256
505 538
498 40
549 43
343 232
733 250954305
268 387143736
768 37
127 461550664
197 296
35 798945214
9 201116383
464 1222
312 1103
62 521316744
513 612151859
693 663064225
417 129625954
267 446467819
462 1249
130 135
713 391162445
755 1020
140 852191684
333 543614713
474 518
529 149083944
599 406
400 247749904
646 613536514
655 69
795 140
377 478935889
353 179
703 748
382 1884
186 1166
149 824528581
128 26114154
212 424489943
770 546113560
260 47
548 745859985
637 311291006
279 71555872
219 1480
481 226424974
404 1795
711 22
88 48
129 16
702 871242678
201 461687030
524 193287128
665 939487714
354 26
43 1
210 104082179
41 756620221
253 181
496 807792196
270 172997358
439 658830958
302 698847606
789 844032456
214 1644
329 1557
367 10
92 1147
386 731383914
188 450119121
265 42
418 161
686 135
125 1515
641 37
213 548535735
794 629493057
540 85190414
10 155003275
724 697685628
786 681669614
240 199
21 799391340
11 831197917
71 910845369
550 623169637
688 44
292 7
298 594
248 764260875
748 520577850
592 931
579 1796
102 1455
368 710807562
639 160
619 135203586
189 517497684
258 242802312
229 401
587 30
709 301
593 77245932
730 426101298
704 1690
682 21
74 6
582 244576480
534 761630574
657 43
211 622687218
542 565
207 113611014
471 395188437
626 856
600 599521475
307 43
173 221195159
414 48
636 591846947
415 583814240
799 500624934
455 708603
765 58179186
749 41
508 387
23 12
424 239064671
725 26
202 744307804
278 456
695 566
372 104408123
31 715496761
274 250808706
476 27
721 18
425 33
504 481267726
318 1936
633 837905923
751 876
48 10
630 956
427 852
224 452933533
101 86758907
698 967
164 516121350
780 898253344
39 7
389 11
689 1738
445 715964645
64 706
568 492641609
350 253051776
685 11
241 239763699
282 14
326 82089669
40 15
432 996870962
361 34891088
152 136307864
557 567803820
422 424815344
778 100138703
322 16
286 170481973
78 219
446 31
499 946270872
651 692505070
531 127
539 1093
120 593439615
337 895
252 751345803
463 135870171
175 166650117
356 20
315 721605035
118 31
297 427
604 358
652 115628477
332 684
365 4
42 860785533
614 30445908
583 369025107
5 1027
208 381691480
122 347920216
543 438
339 71734777
575 129889468
401 47
738 35
411 38270482
423 3
392 904316591
216 20
410 608
375 1885
466 34
217 1169
153 53266077
416 1566
764 861
584 605029433
376 798605797
722 1473
479 23732827
236 501862645
743 84800374
275 630748280
338 970163736
412 164880221
405 948287697
379 789222615
467 906953067
255 364314933
190 507795482
256 289429855
756 395247947
384 31618122
199 210473730
113 687
538 52227607
362 397
