2000 4000 1000
262 523 2605
560 1321 9114
2 121 6500
603 1157 1682
874 1548 2251
950 1784 7928
268 394 8585
718 803 9578
725 1311 7187
203 1163 3709
875 1504 7369
442 1092 1412
877 1907 1955
107 796 7861
156 956 3208
667 1809 9936
1218 1958 5343
570 1290 4832
24 650 9097
1274 1316 9080
396 664 6999
169 325 8110
128 1422 4310
1142 1240 1612
20 122 6513
48 303 2283
192 852 8903
475 1387 1797
591 1581 706
1544 1733 2888
1109 1461 6507
608 763 3824
197 1350 2609
41 1463 6845
242 353 6332
647 817 39
1069 1847 8838
993 1281 6678
105 620 5929
514 1188 5637
159 376 6344
122 592 3528
274 291 751
384 500 103
603 1895 8231
25 1168 1351
45 1686 245
431 677 867
575 1338 9467
543 1548 4408
137 878 9870
1655 1975 3859
505 1732 5706
71 1882 2602
479 852 3844
855 1551 3222
1205 1286 5326
71 1075 9247
515 1060 5137
17 69 6946
56 1431 2121
21 1995 7465
739 1862 3298
848 1173 4367
1193 1499 5814
180 311 9981
19 820 4697
1205 1557 7385
858 1908 8740
25 1098 6086
1404 1980 7473
800 901 9038
156 930 9984
330 1313 362
172 1158 2295
271 1275 5208
747 1726 8552
194 707 3365
551 1513 6498
319 1658 1571
317 479 3472
766 1297 8097
438 1481 5483
412 858 3114
384 1586 4466
153 1066 8269
464 1799 5585
908 1098 6743
946 1988 2312
89 94 690
97 1777 7513
1 57 9199
315 1516 3844
376 1462 1582
85 677 3962
215 1215 7826
870 879 7990
19 1019 7009
196 1611 9095
52 1525 4573
1684 1957 2397
765 1042 1761
438 1943 8615
609 1208 6752
176 359 9941
622 1202 4606
1576 1683 2157
1752 1994 1328
1538 1552 3502
586 1431 3584
383 518 1846
198 521 4537
152 195 2691
778 1651 5868
338 1441 2765
1022 1431 1613
964 1927 6226
179 665 9971
1595 1864 8992
617 1276 8310
435 575 2669
1117 1765 4987
688 1139 1486
492 1867 4185
1044 1789 6957
80 690 5179
1089 1738 3614
769 1907 7534
269 286 4489
1090 1798 2778
407 679 6389
1589 1895 7733
1039 1349 1579
60 235 5666
139 836 4238
1246 1672 5098
1112 1658 6042
127 1883 7857
906 1678 238
996 1698 8664
78 916 8659
116 232 4076
876 1022 5394
705 963 1590
158 1219 9526
1495 1850 8000
444 1389 9364
826 1699 9308
99 943 1119
66 68 8770
197 1033 1962
1778 1887 2933
293 1164 627
625 834 3359
10 216 1784
389 1037 1876
3 4 9074
181 1135 4878
403 1037 8185
129 1272 9388
327 1211 993
490 1316 9867
304 1640 7141
96 139 1847
440 1031 3643
173 1583 8602
297 1902 1861
1559 1856 1878
790 1545 5713
145 987 6633
303 1006 458
113 818 9839
318 825 9518
134 261 3478
1580 1586 9257
187 282 5190
52 260 2870
550 1990 8124
251 266 9581
226 1764 238
535 1160 7015
1048 1312 984
261 1438 7262
1005 1023 1408
204 929 7227
293 1730 2526
270 315 4902
591 674 1978
43 73 6044
23 52 1985
1453 1472 4463
31 1841 6355
325 1584 6812
239 839 342
852 1453 7072
1248 1996 8493
349 1092 2671
1098 1705 148
717 1616 8466
432 1048 1338
402 1994 8109
380 1170 8785
1220 1329 5452
3 125 1072
694 1870 85
701 1633 7068
961 1201 8421
1661 1883 4206
352 445 21
590 1018 6235
146 165 1437
1074 1871 6590
267 369 5676
1313 1621 5795
75 1535 3358
493 1215 170
799 1740 4635
841 1288 3209
355 931 7698
1192 1251 6156
530 601 3612
1703 1964 3646
965 1761 3250
260 444 4956
1034 1106 4063
1711 1967 7582
473 591 3991
1708 1814 601
812 1281 5062
506 1652 6124
533 922 45
1651 1936 2460
449 1617 1793
728 1110 8321
1492 1792 6366
1483 1793 780
9 56 3200
1033 1124 4173
699 1465 5195
748 1596 9687
1010 1609 6091
714 1021 2944
334 1396 3767
266 1315 1292
454 1329 8967
117 309 6974
620 1829 6963
921 1424 745
428 1231 741
93 330 1284
1354 1916 2623
29 87 2245
42 1667 5568
21 37 3835
147 215 5618
104 874 3144
55 1788 4837
746 1466 577
1528 1987 1727
472 853 7479
790 899 926
171 1356 1470
688 1300 4496
383 1958 177
1131 1377 4782
813 994 7278
865 1653 6575
746 1767 98
356 676 1881
912 1229 8321
134 849 2295
801 1252 1525
787 1372 3212
225 1336 7782
1410 1613 2311
737 1253 8903
425 1861 1483
135 612 3756
276 672 5293
120 1179 527
718 830 1698
417 1260 442
325 1253 4730
642 1502 3804
1383 1425 1243
1061 1391 460
235 1379 2634
442 1689 1891
344 1582 1834
659 720 5354
141 158 201
93 94 7772
953 1237 7791
947 1928 2111
287 951 1386
1797 1852 787
745 1247 3608
364 1946 9071
162 220 9387
245 1719 5844
583 1195 8899
45 450 8885
33 1073 3653
135 147 1072
1020 1145 9798
278 1849 2404
48 55 1415
125 1813 5345
530 1090 7995
838 1842 8833
569 1923 1809
11 1987 4394
52 293 1344
1801 1839 3446
358 1670 690
831 1809 2403
186 195 780
456 1656 8743
593 919 4224
325 1561 2071
231 1002 2439
268 882 7546
291 1292 3732
232 528 8667
70 995 7596
968 1179 4023
92 1177 1808
74 288 257
555 1939 5171
438 1199 5179
1122 1245 1955
1336 1407 4123
193 211 6351
1017 1160 9950
457 1122 5491
772 832 7631
1236 1454 4186
313 415 2062
818 1469 5690
901 1384 4557
638 847 1612
86 104 875
1538 1811 5238
1441 1845 5752
250 1616 7246
891 1181 8652
1183 1722 6056
460 1663 4791
847 860 4299
70 113 481
899 1428 1686
1466 1505 6575
1927 1968 2927
1104 1701 6063
564 1317 6299
172 447 8838
171 1831 7527
920 1532 764
607 1292 2882
49 327 6802
46 364 8545
16 237 9469
593 1325 3499
960 1771 3520
185 409 744
671 931 6012
68 177 9577
619 916 8382
137 1034 7285
981 1878 5128
603 659 3753
1894 1936 778
211 1220 1171
1063 1375 372
856 1971 5709
97 756 889
477 603 4109
35 1316 4703
44 92 5273
891 1344 7035
481 1218 5264
200 255 4553
1137 1965 3719
335 1756 7388
138 206 6676
972 1301 2248
698 1858 4878
106 987 4283
69 624 4553
1414 1918 2513
695 1204 3181
713 1688 158
574 736 9733
159 536 4863
424 575 685
1354 1540 7977
1007 1313 5247
66 208 5715
325 502 6808
1110 1528 8420
972 1675 2488
515 1063 2289
51 243 1943
1091 1169 5194
812 816 1525
920 1083 9617
516 751 5209
982 1895 5179
221 852 8266
977 1686 974
1518 1868 8312
37 1526 8539
1068 1189 8309
1405 1602 8939
56 1471 9975
382 608 8185
77 222 3540
556 598 5183
41 338 8487
1446 1476 8086
375 765 4394
175 768 1069
39 833 8557
634 893 6905
92 285 7170
438 699 8787
615 1958 7742
927 1096 7995
145 1437 9510
29 88 6851
978 1198 4162
254 1695 9899
1570 1984 3797
498 902 1066
138 162 1255
47 1183 9089
1386 1430 7297
414 537 2512
640 1259 6774
584 1270 4155
209 531 3718
221 309 8594
625 1715 4108
1439 1451 1279
672 1460 5059
463 602 8929
698 1833 4403
48 1032 5151
54 93 4892
241 900 5603
599 1619 8151
265 654 6100
860 890 4118
54 1067 5161
1165 1871 2190
368 1347 4725
775 1893 3010
1150 1711 7964
42 186 5605
319 1057 9328
354 628 2054
543 1067 1610
344 665 895
77 1076 427
1092 1837 9267
1312 1834 9531
1472 1533 3554
1163 1403 3380
362 471 8348
630 1215 520
4 9 3685
975 1205 6896
71 658 7593
20 366 7378
174 600 8427
1285 1992 1767
93 1873 6147
786 1700 6902
206 451 6012
1035 1206 9475
57 1127 442
705 1005 2793
1576 1978 6704
1240 1935 8393
1008 1735 8150
202 225 5446
549 660 9939
43 1917 4101
1624 1851 9417
1845 1942 4675
424 1390 3126
1190 1224 4102
124 1281 5136
1202 1277 5854
62 1768 2294
144 1592 8427
849 1864 4221
65 565 8220
322 1540 5260
687 882 5764
648 845 3221
745 1961 5807
60 72 9266
202 404 4757
254 1159 2143
1159 1287 8269
305 1828 8641
1340 1885 8922
1759 1877 5670
264 1239 1202
404 645 7684
1048 1642 8540
1015 1372 3065
770 1526 2632
879 1125 8332
252 1595 1321
925 1767 3346
219 778 1228
290 757 1861
85 1858 6719
514 777 8273
376 519 1424
158 1054 8911
652 1382 5366
13 389 3232
105 1018 7322
51 84 8942
912 968 5616
587 1933 2200
922 1248 2546
629 1212 5314
755 934 1930
273 1360 2552
433 861 7634
776 963 632
156 666 2975
83 1691 5384
1043 1504 8693
1203 1866 7544
254 363 4022
763 1013 4682
76 1063 6309
1587 1607 5225
516 979 2939
1696 1888 2946
134 495 2891
243 1529 9767
159 621 2101
660 748 3601
12 129 5249
419 605 4905
591 1283 4247
557 769 5000
363 1847 783
571 703 1715
354 1179 1607
330 1034 3592
439 1285 7591
415 460 8461
1480 1968 7771
360 1234 931
1734 1958 6611
374 1079 5470
136 166 612
198 1652 1457
1213 1349 4917
447 846 1026
66 351 9705
84 213 5657
24 550 7307
572 1686 6726
1165 1444 1832
147 1513 3037
1252 1869 9639
1623 1954 1892
52 81 4642
605 1790 8078
496 1043 4443
262 408 7707
139 1044 2933
1594 1709 8855
1519 1736 4853
839 1112 4466
1290 1524 3041
1204 1585 7239
1400 1463 7878
1125 1417 3215
16 909 5135
103 183 6755
1662 1968 4338
396 1837 3982
134 915 8638
1422 1747 3178
164 785 3858
506 579 5793
655 1500 2979
1111 1983 5650
837 840 1525
70 482 9205
630 1997 3646
1489 1533 3829
1757 1924 3097
44 1647 1552
429 778 6072
247 967 934
1027 1922 4854
281 1503 1963
839 1799 4074
43 74 6780
1854 1939 9258
20 137 3243
57 80 8389
80 668 7664
623 1100 4710
234 1135 58
709 1828 9209
520 1936 7213
155 1619 4565
407 846 9894
150 1404 5779
240 590 6939
408 1930 1841
1394 1774 5849
796 1752 7811
288 1444 2885
701 1192 3775
332 1388 6520
105 695 7118
370 378 2149
34 268 9492
152 1141 2940
64 373 8134
1507 1907 3909
367 1894 5667
241 389 3109
708 769 6859
236 1203 6252
309 496 1430
265 1106 7428
138 911 984
156 288 8137
268 778 1093
508 516 1259
136 1781 8314
294 1118 1963
1182 1400 8420
70 1081 5510
135 1154 3457
15 662 9452
1462 1798 644
568 1110 9926
319 537 4571
26 79 9292
512 953 3134
366 610 1084
573 1830 7679
131 1399 2909
673 775 4359
466 688 6271
281 290 6324
530 618 3883
750 1522 8653
139 491 4050
671 1943 6660
114 717 2491
1374 1714 5483
332 386 1357
1052 1180 3854
600 1366 7244
283 483 6595
1280 1825 8592
27 1064 8309
363 1797 8029
18 25 8389
545 1054 6377
639 957 7720
83 1905 6082
1120 1396 3940
395 1498 1850
1172 1646 866
31 1022 3828
115 227 4979
451 1192 4677
534 749 4182
198 1486 2011
93 1859 1065
966 1933 7325
1767 1842 2277
529 1114 2037
202 879 7066
742 831 2310
11 195 2919
925 1321 7247
1207 1243 8983
390 1340 6538
168 1821 6116
243 1693 5580
217 546 3632
1013 1433 9323
692 990 8169
1219 1782 306
3 771 9856
885 1079 160
747 913 3565
108 1650 8849
535 1869 3975
202 1699 9583
792 1354 2402
517 1590 3782
566 686 7545
503 1096 1993
831 1790 2491
431 1172 3626
91 160 1763
372 1235 742
618 1025 6277
113 1793 3333
839 1483 5047
669 1494 6200
90 1618 1575
329 1185 1752
948 1570 2776
1101 1246 8161
901 1300 3048
77 940 3216
1898 1929 4450
415 1639 5101
618 890 6956
9 975 103
306 634 3824
825 1098 7648
709 1426 4290
381 617 3088
1203 1884 5407
56 374 7927
1156 1741 5752
546 1656 3783
240 1069 8278
247 383 2904
1059 1982 9631
162 1792 9562
1079 1782 1818
661 1309 3883
433 1312 1166
483 752 1500
15 45 2617
120 210 8577
611 1438 3467
1088 1897 4198
568 1361 85
1605 1738 5829
14 194 2367
754 1818 3496
750 826 9235
1461 1631 7627
256 720 5837
773 1666 4152
334 1921 9882
404 1940 8463
803 1565 1403
342 454 571
740 1728 9208
1103 1598 2442
1006 1564 5073
688 1446 357
587 1022 9502
907 1026 3165
132 1367 504
1120 1523 980
377 1910 1927
1377 1713 4673
696 1902 5647
851 1218 3687
638 732 5736
176 1297 1183
803 1501 3978
739 837 31
326 356 5032
219 1371 1959
41 144 2008
356 1044 8820
918 1694 7615
721 1282 6109
851 1537 7113
719 1088 6399
1133 1745 9750
767 1863 1654
103 413 8796
405 667 1337
986 1019 5908
1253 1560 8034
707 948 1819
8 12 1347
214 1846 8828
958 1358 9280
1372 1813 2539
107 596 175
779 1374 4059
780 1397 6546
32 54 6049
393 742 2671
155 468 2230
20 746 655
489 841 9890
126 273 626
10 318 3227
1061 1382 6298
507 1772 4139
166 340 5713
582 963 6620
26 209 6703
115 1004 7411
1040 1628 6766
477 1300 8184
1627 1731 9482
737 915 5007
1130 1853 1654
151 419 3694
457 800 180
479 745 5791
917 1783 1493
443 549 657
213 1468 9952
336 1173 7319
30 429 7996
526 1048 919
675 1886 830
1433 1976 6551
627 1464 4396
5 170 8138
1324 1905 8464
425 1070 3608
328 1926 1487
490 1658 9763
5 1318 3951
270 1499 9625
532 1426 2552
256 791 4829
1225 1379 1655
92 107 5153
1305 1424 9531
1239 1301 8065
657 1577 4236
843 1805 9487
202 1565 3402
395 597 8884
280 319 8770
345 1167 7288
1292 1442 4551
162 327 3411
60 223 1468
376 815 7502
426 874 5822
725 859 9419
737 1281 7847
1589 1749 1948
55 763 9107
212 267 694
959 1645 1010
742 1074 8150
348 428 5834
1510 1550 405
67 1855 9064
163 345 6540
232 1146 9940
516 835 9899
860 1915 2059
615 742 7517
257 301 856
454 1140 9440
839 1571 3995
144 1136 9074
944 1158 638
43 1492 2370
280 671 886
96 246 4272
240 372 8585
1478 1484 5321
340 454 4900
1227 1996 3360
362 1618 8405
631 1049 4244
383 1042 6643
632 1972 1261
671 1081 2974
229 1456 7976
63 332 8428
1504 1983 4232
729 1418 8126
968 1948 4399
1728 1733 5666
468 506 316
118 390 1929
90 1832 5482
1113 1395 1000
756 1767 5771
974 1861 9811
388 1060 1456
960 1020 1486
874 1668 7092
469 526 8689
198 583 1452
340 774 7373
1114 1758 1936
658 1839 22
1285 1430 7514
41 228 9235
53 439 668
614 723 9557
1642 1880 7536
1089 1150 9515
158 1482 9032
36 764 1318
49 1449 958
543 616 6122
186 1996 8894
375 713 1525
151 1703 6203
682 1708 8703
235 1308 570
164 1184 3938
785 1742 1542
1135 1457 374
359 872 4692
460 1649 5172
677 1236 1652
631 1659 4755
216 1006 3696
448 1532 7727
255 807 2913
348 1949 5277
284 1464 8538
1680 1683 6429
313 524 2974
1395 1851 6280
93 110 7727
432 522 712
719 1493 7289
131 1705 8595
1520 1863 8174
680 892 3874
550 932 6708
1392 1933 8278
147 1159 6118
404 1493 7877
1454 1485 3991
1577 1817 7064
368 1728 5237
837 1093 1199
896 907 3293
207 511 3946
345 1445 9245
542 1357 2619
381 514 1109
668 1380 8789
969 1392 135
509 1594 9079
1257 1917 1472
56 200 8225
33 40 1122
689 1563 6940
391 1736 1965
176 1560 2444
750 1106 8539
351 1272 1606
674 914 4928
14 1964 8584
655 1892 1587
384 1431 4206
1474 1868 2318
611 840 5404
6 173 5285
241 1299 4539
699 1070 9242
514 1823 602
1014 1565 9257
9 184 5679
673 1381 9767
872 1980 2950
1359 1514 5576
1232 1714 6624
946 1001 3410
1201 1990 5452
621 1281 6875
437 531 5815
26 126 4166
1620 2000 6868
1041 1877 8259
213 233 3579
553 594 2557
288 1048 7137
851 1344 7530
112 228 4298
743 1633 8974
568 898 8643
659 914 6773
154 250 3153
1528 1639 3913
1531 1670 5139
617 693 2957
1530 1677 8273
1452 1854 6171
150 636 9650
23 1727 6384
779 1898 4780
332 354 3977
213 1997 8640
64 159 5402
314 1964 118
212 1060 5080
121 1527 6726
1047 1918 7224
754 912 8795
126 461 5396
30 300 5224
480 1383 8423
1253 1864 4193
343 475 3022
516 1417 4492
38 103 2767
1303 1692 3101
1154 1791 5329
1064 1751 5373
277 1770 9305
613 1483 7660
567 612 2123
78 949 9607
1271 1581 6316
79 161 5486
570 580 3018
989 1959 2209
1151 1570 9091
195 1381 6532
850 1153 8361
99 1101 8238
1029 1734 2816
129 1507 1257
1345 1474 1233
196 384 7649
2 7 216
1175 1293 4933
1003 1801 1849
481 1007 1460
162 1360 7153
41 410 2659
146 838 3685
579 1289 3230
809 1502 1700
1 31 5305
410 825 3454
44 83 5993
35 310 4268
650 1418 4704
219 1133 8694
289 1911 1136
146 153 8718
1200 1954 3438
29 134 3542
956 971 250
41 838 6374
1346 1759 190
232 830 4628
484 1339 1262
863 1157 9407
547 952 2044
238 1056 428
567 575 5378
321 805 509
302 776 6693
978 1530 1877
401 1780 7252
794 1366 6742
78 178 3878
501 969 1775
331 873 8292
267 368 9527
80 296 2191
587 1009 9337
1178 1259 424
1734 1757 6138
643 716 6159
115 402 6466
1680 1740 5394
563 1247 1267
8 377 9704
404 1087 3581
543 1306 384
792 1826 9492
13 17 4799
555 566 4978
359 1648 5261
54 373 646
182 1002 2680
830 1232 2827
11 259 2370
380 1547 3531
508 1686 5191
17 30 917
733 1781 2250
85 1582 2694
188 1123 6628
702 1144 4131
1716 1865 9560
830 1200 8319
26 1303 6792
145 1785 4544
574 1697 8585
96 488 5412
1428 1993 9380
508 1008 4373
470 1725 2141
219 460 7412
750 1336 8187
1567 1743 3624
540 1398 4132
97 294 3828
682 1024 93
69 528 5016
688 841 7143
766 1990 4342
138 1920 9117
384 1773 2719
211 316 7842
144 174 1592
321 454 5236
140 298 2984
96 538 2257
297 1600 2803
274 1374 4007
179 406 7142
555 1945 1002
229 553 5323
112 843 5278
174 1665 9444
991 1754 7023
270 344 4297
897 1082 9123
199 1561 5185
1635 1649 14
470 532 602
403 1511 976
1867 1966 5719
1631 1898 3985
912 1320 6061
422 1468 8266
464 1247 8526
47 1292 670
486 1399 4625
43 692 6300
780 1274 8127
1011 1843 1047
1625 1850 4898
61 1589 2598
1228 1380 1342
1664 1788 8532
63 647 9320
208 1706 1731
1050 1804 5821
734 1456 3984
427 1577 3101
500 1653 1909
682 1158 3002
97 169 4374
592 971 9484
64 1264 7871
1578 1999 7592
319 1973 2892
270 381 8505
1234 1707 779
61 1784 3653
826 1373 1340
13 849 4734
341 1991 4394
1403 1463 1686
324 1955 2594
600 648 6922
1319 1945 4294
6 257 175
941 1486 9508
280 1697 7084
304 1019 5385
252 709 2853
1173 1796 8785
320 1512 5049
28 660 1480
248 1562 6243
1046 1080 8573
373 553 386
383 1472 5353
540 795 6625
946 1581 6730
251 295 3852
984 1480 7489
723 1876 5146
1325 1557 2156
1434 1795 3322
219 1082 3841
323 601 1026
284 573 277
52 251 9401
264 351 5255
799 1457 4650
1087 1321 9583
737 1152 3024
361 501 9471
827 1455 913
671 1051 9375
161 1733 3403
1625 1983 2825
386 727 2780
832 1880 2296
1449 1549 3866
62 599 5102
1711 1890 137
1065 1072 7484
1000 1516 2021
1499 1941 5811
95 422 9671
1373 1709 9257
214 1751 4550
495 537 1832
12 27 6942
157 673 8167
5 1820 7116
368 685 8807
385 1058 7517
508 1946 4824
728 1567 254
201 1781 973
885 1587 7137
406 848 1241
1498 1679 4127
353 630 4962
750 1204 6315
286 436 8644
1098 1610 1460
956 1468 5771
619 1458 4224
115 348 7308
1321 1426 8992
1123 1274 9204
512 1127 6905
110 1724 3432
678 1692 8830
374 418 5705
716 1211 4224
270 403 651
1105 1262 9876
73 201 8225
54 407 1547
252 1002 9345
1367 1434 6709
702 867 701
15 1211 4846
790 838 7214
1224 1324 2921
1065 1902 4745
1359 1773 2182
1573 1951 761
237 450 9216
121 1641 5189
611 1087 4962
139 1030 6993
170 383 4961
975 1618 6128
36 725 6866
874 1001 6512
547 824 2453
678 1693 783
30 82 9611
21 237 3846
191 790 2848
756 1918 4632
94 788 4084
135 738 5178
1151 1712 3641
534 566 8010
1126 1520 6115
1320 1769 5093
686 1046 6657
250 779 2288
1029 1075 1433
565 857 4527
1133 1304 7260
242 1019 9777
15 482 4902
1113 1710 2333
844 1138 1424
25 1191 3945
529 873 2455
46 190 5299
604 1919 2615
224 1159 1100
1180 1950 4463
1155 1475 2138
199 1386 890
30 520 7061
670 1069 5100
923 1810 1025
37 1403 1455
375 1682 8243
922 1095 6771
265 1043 1083
1078 1261 591
150 437 700
381 580 7221
742 1218 4108
637 1004 5691
13 18 6067
1162 1290 2937
356 361 8083
1577 1903 1004
948 1741 1003
815 1003 6583
64 189 1936
932 1381 8354
1071 1468 4603
308 664 4293
1530 1712 8913
1010 1793 2718
8 603 7072
214 1956 9528
335 451 3892
593 999 2892
323 557 4740
1335 1989 6172
1654 1819 1598
478 522 8814
960 1676 3057
1734 1770 5215
810 1286 6350
316 555 455
983 1875 6657
413 1350 6893
1030 1187 2929
820 925 3065
658 1353 9433
20 61 8275
824 1301 537
687 787 3641
744 983 5399
777 1925 5895
89 112 1773
338 693 7173
424 697 7990
184 1169 6181
1653 1808 5356
1372 1852 9200
404 1362 5071
418 1853 3151
287 595 5829
227 270 764
778 1248 4028
318 371 9421
1354 1596 7427
1913 1979 6407
749 1053 3938
450 1194 534
571 581 8540
13 1364 2816
58 138 1330
330 1729 9020
1146 1223 3832
601 1024 1146
213 729 3685
80 284 2752
1 6 3614
815 1731 3838
27 730 4469
1474 1594 9277
66 231 1373
349 1448 366
211 1307 2758
233 1633 9388
1048 1682 4563
374 1880 7424
17 1514 8319
1497 1682 4658
255 477 9517
1100 1549 4108
11 65 8269
502 643 5927
1466 1497 1189
1061 1699 8674
108 543 7952
318 1280 4780
325 1846 6203
17 22 4710
139 725 5602
515 1370 7023
7 1395 3130
249 1027 7108
1385 1996 6691
167 871 1854
4 16 5291
826 886 5939
517 1050 5329
287 701 2616
744 960 9042
488 867 8632
57 744 5905
673 1507 5991
399 502 3072
55 1706 4502
1 777 1192
55 215 2183
1585 1663 7282
267 340 3459
251 1906 8585
10 1489 2946
798 1188 7365
1097 1453 3980
549 895 6958
1411 1457 5524
102 1783 9145
144 1996 5994
903 1958 7791
1069 1650 6281
1022 1176 4734
1447 1746 2054
261 320 7071
168 388 1428
507 573 579
826 1126 90
305 695 6938
44 274 4442
765 1077 9631
428 1634 4250
222 1227 82
1370 1485 3265
136 1163 9919
1119 1316 1474
1141 1821 3881
644 1461 9317
1093 1922 6661
353 1879 2773
190 516 9727
1444 1759 1840
30 196 8208
18 588 9417
843 1481 3322
162 459 8490
713 1295 8842
178 233 6379
1 265 4382
702 781 775
791 959 8808
204 716 5509
121 395 4092
1386 1590 2936
213 737 4613
100 453 9993
287 1374 2281
662 1357 2654
605 1021 3650
2 400 9524
168 322 5361
28 62 5941
68 710 7569
1731 1973 6134
700 1172 8319
571 1216 2334
369 1392 4234
982 1467 5575
144 185 6433
211 1875 8289
616 1081 4850
248 947 1770
1007 1677 252
15 43 1819
511 1378 8688
235 1054 8248
854 1180 9494
995 1464 3217
191 209 2204
289 796 6115
251 1400 6121
32 473 7221
30 317 6716
401 633 2503
1932 1939 2499
207 798 3241
450 1131 3467
336 1184 426
316 1920 3143
563 1696 3056
1051 1844 8188
363 620 5579
881 1424 4638
22 189 2946
266 1679 1699
12 1126 9295
963 1867 6098
37 221 3515
559 796 7874
413 1309 9603
684 1368 390
781 1056 6406
630 1251 6617
1618 1657 7149
677 1853 1667
870 1167 6221
111 256 2759
27 95 9761
204 1929 6952
1551 1733 8026
120 508 7020
1716 1813 9012
349 1110 5374
623 1150 5235
261 1377 6523
1443 1934 4741
1684 1862 3878
1374 1756 6151
512 1117 6004
1249 1432 1248
442 1052 8901
167 504 4573
480 973 8306
396 1138 6224
240 997 4187
219 1960 8005
263 353 70
128 1278 8473
128 1488 4074
1437 1480 132
37 397 1592
748 1577 8976
1609 1677 5154
242 391 6534
516 1822 4107
1002 1928 2174
34 77 2967
1275 1938 8133
796 843 7656
493 991 2013
266 382 878
716 1702 3345
1207 1814 7286
617 749 2786
1620 1735 6247
1221 1276 3110
14 1026 2546
1180 1233 3794
114 993 5934
200 1403 172
1545 1841 2988
1453 1590 810
155 1244 3857
1850 1932 792
849 1622 952
1219 1474 4713
714 1907 8011
949 1217 8053
233 1981 5446
259 735 4626
65 118 2969
923 1059 7857
9 1423 7468
383 813 9563
16 966 8293
455 478 7068
126 1047 7178
1012 1782 7156
623 1296 9274
1171 1620 7677
345 509 8231
306 1894 9216
757 1516 9219
79 1658 6062
7 48 3788
1329 1497 5678
140 458 3827
148 1906 2881
471 687 7683
1019 1851 8268
425 927 5367
1311 1905 4526
779 907 938
415 1149 9074
211 692 6786
813 1117 666
691 1396 3768
428 507 3139
963 1121 6106
614 1180 5288
491 1345 7867
1005 1198 8553
156 1183 8190
480 656 3110
975 1757 7929
1151 1652 5597
55 799 7966
136 523 7582
229 564 5594
1391 1563 3603
260 1739 8368
1001 1447 5953
534 1723 7153
227 1691 1124
54 1693 9660
616 1315 3609
986 1532 6018
231 759 5031
513 1128 7464
1044 1510 8381
493 1775 8425
109 244 1819
119 1458 9396
1825 1884 469
231 1283 9599
151 1113 9771
128 513 7230
455 1947 6982
293 325 8672
122 457 868
254 867 8896
47 1695 8794
804 1541 5645
194 341 2245
1076 1145 7520
339 367 1134
1353 1933 8024
149 181 7957
326 809 25
876 1031 9807
1267 1399 286
1207 1479 6475
1427 1894 3974
123 1899 9893
346 1616 2708
885 1941 8987
341 1150 6023
738 1917 3636
733 1581 7217
138 240 2463
324 329 7413
311 493 5193
678 1630 5691
629 995 2642
254 1392 4281
242 1298 3135
672 797 9641
833 1054 3772
814 1617 5772
131 146 1116
466 1439 1940
131 1175 991
331 1231 3496
146 218 9127
56 216 4997
343 623 8596
364 1761 4852
152 416 6405
720 965 314
698 908 1826
930 982 4521
172 1757 4826
617 879 9088
574 1805 4267
383 1929 8863
1779 1838 8081
1336 1526 7882
807 1643 5517
1370 1855 307
1223 1655 7577
274 1968 5181
491 620 4586
273 772 220
379 1333 1417
56 435 5404
65 114 1342
659 1788 4020
488 592 7878
742 1154 9374
54 136 2309
187 1076 6589
673 1279 6605
1082 1158 2926
1286 1503 4367
666 1709 9402
1488 1912 8503
52 271 3508
1157 1565 6342
102 627 4266
8 77 8843
196 1186 4386
1096 1615 3613
392 1606 9263
1358 1984 8942
1702 1953 970
646 936 158
975 1746 5533
938 1645 5175
831 938 6807
90 1105 4319
900 1018 8011
363 576 2926
114 1226 57
1265 1266 7625
1211 1634 6333
487 1066 8218
757 1900 9881
1233 1272 6633
946 1459 7983
526 834 494
660 1755 5403
205 1508 1683
439 495 301
108 1801 2045
1094 1275 928
133 1867 2603
883 1058 7456
153 855 24
1266 1629 4931
46 411 4368
454 1865 8494
408 1850 2225
843 1427 2468
197 424 7110
255 355 8500
271 303 6462
890 1111 9183
109 587 995
1001 1382 179
88 149 9917
1007 1461 1308
171 217 7352
222 1660 1150
467 851 6585
250 1586 3619
332 480 2957
1665 1742 9615
352 809 6718
601 1504 1752
910 1266 8611
1115 1516 776
613 1061 6679
925 1336 865
360 1828 267
719 1242 5857
451 1886 8466
176 1983 1533
180 1745 9296
1004 1355 6967
242 1879 3346
473 1955 7000
213 921 494
120 249 9766
101 444 4170
12 1326 9515
112 1601 6070
164 1301 1945
52 66 4558
521 774 6247
713 1890 9791
1562 1661 7829
186 328 6644
33 1660 8176
1547 1700 8461
1030 1238 9116
631 1206 1647
315 353 4491
276 1638 4688
31 115 4835
1018 1503 5582
885 1475 124
383 915 3075
336 1311 9327
807 1947 9861
370 955 3921
792 816 4785
1095 1474 3201
14 653 4909
101 1079 1558
702 826 279
39 44 8490
504 1327 1113
419 1770 8261
519 835 3835
424 461 1316
843 962 9733
1369 1938 9745
1893 1972 3650
80 82 2936
161 357 3011
686 771 845
396 920 1632
208 887 7867
44 98 7934
915 1668 7085
204 789 8990
987 1075 8982
33 533 3383
573 1017 7079
1044 1477 5095
51 258 8713
102 715 6499
1 5 4557
1014 1751 4622
700 810 2400
682 1163 9299
671 1436 6443
578 955 1642
993 1795 101
1273 1336 9903
443 1143 6118
104 337 2266
136 970 3883
879 1728 9462
1228 1740 6308
149 1156 309
258 1062 3425
32 1429 8970
184 512 9764
164 589 21
319 701 3282
816 1850 3863
802 935 2561
635 1872 3187
805 1958 3105
585 689 7076
190 299 6211
101 1068 7095
1029 1637 7723
851 1051 7130
532 1580 884
630 1288 7732
496 1597 8484
503 1256 3561
52 627 632
1227 1717 4193
245 1606 3244
143 859 7025
612 708 3666
126 1548 3997
788 1257 498
211 359 8967
8 13 795
1221 1945 64
563 793 8745
212 360 8151
5 28 854
693 1258 9948
224 1685 4862
1921 1997 5940
138 1076 1455
431 1332 724
1878 1974 9540
685 810 8799
122 656 9054
869 1243 6688
55 142 745
818 1526 4666
744 1375 3638
279 423 1305
963 1535 2551
369 1354 7492
228 1561 288
456 1901 5151
603 1998 5723
39 1290 6700
611 638 795
243 1363 8909
983 1155 4782
601 1811 4431
280 1169 1674
1150 1671 2590
1120 1744 7630
1171 1471 5692
202 487 431
602 1813 7647
796 1501 9578
535 1157 4692
667 1190 1433
83 1131 2303
387 624 7922
434 568 9419
504 816 9090
629 1575 5313
304 1240 3141
894 1351 5489
335 1314 6567
351 358 461
25 33 8156
195 262 1177
576 665 2206
1325 1418 9284
261 1774 4738
1212 1740 5383
171 364 4703
39 527 5641
295 509 3038
287 888 3328
20 287 6897
663 928 3566
1068 1330 5163
44 1930 9764
225 596 9769
219 1653 6707
338 567 7653
102 490 7033
109 1812 457
821 1510 2973
40 716 3807
535 690 3631
491 1823 9657
56 106 8564
34 86 6951
64 1003 8456
167 302 807
351 950 439
53 119 9786
458 914 7247
210 508 5682
594 1779 4565
890 1495 6153
1572 1678 8386
96 449 4778
250 556 3240
747 1544 743
1069 1492 2231
623 1159 102
1346 1524 2194
751 1168 7791
474 490 8793
1012 1944 4322
447 844 3462
221 773 7116
1089 1446 5166
1419 1622 1739
406 1640 2290
819 1219 373
1395 1919 8423
958 1781 1956
82 1620 6988
768 827 7791
119 512 3087
116 605 3701
1227 1499 7240
492 1552 1690
929 1058 8164
1089 1824 7691
13 29 4761
876 1807 5986
405 535 4786
844 1434 5921
801 976 8527
1629 1711 5661
1292 1503 630
645 711 3887
570 1909 5096
285 399 3428
795 1094 4862
654 1137 4117
293 544 2261
1221 1280 6729
1466 1888 3234
396 682 2879
54 145 4376
411 939 8816
783 1844 8493
625 667 1510
493 768 1176
106 976 6925
1645 1933 4740
358 766 157
88 1001 9957
1254 1340 982
914 1341 7289
1451 1698 2017
60 570 5734
948 1601 5249
800 1527 1188
1311 1453 219
2 3 8539
197 1024 1120
14 464 6093
295 503 4991
224 912 4464
99 1936 161
680 864 6158
776 1294 1444
1046 1369 3705
1196 1968 9822
1017 1045 1108
612 624 2569
6 38 9897
724 1521 4143
1338 1438 6519
163 281 7669
784 1550 9569
587 1324 2817
265 1270 539
127 584 4109
763 1266 4590
1099 1750 9702
346 649 4469
166 447 3339
1645 1660 5106
154 1479 3501
660 1745 6924
806 1949 564
1568 1965 6220
1552 1579 4134
227 234 8608
35 264 1283
54 1205 703
1603 1816 721
1014 1476 5729
239 1261 8651
758 1858 5663
311 691 3783
1137 1605 8093
264 349 6805
563 897 1615
774 1785 5192
1534 1661 9797
107 333 2783
268 552 1601
1206 1632 7161
1594 1712 9740
604 1641 132
745 1800 9047
902 1402 3697
322 1559 1936
1670 1751 5867
435 1221 1542
436 471 9538
1641 1718 1999
1035 1716 6683
163 1905 79
106 155 2876
73 792 4819
614 1507 914
37 424 1138
1636 1760 3911
863 1953 1000
1214 1232 683
65 1585 9324
24 60 2570
600 633 6050
263 1332 9949
700 721 565
241 988 1893
187 263 2480
1260 1653 5872
1469 1780 670
502 510 7664
14 1991 6010
142 176 9670
558 1365 6232
506 1438 1888
82 278 2098
94 1391 2018
759 1207 6823
403 1154 9415
116 792 866
420 1161 8465
68 754 9621
159 1371 8025
1014 1130 2158
71 470 31
1053 1199 5595
566 723 9824
129 906 4942
792 1821 7438
1198 1373 8940
407 1214 7381
708 1323 9387
491 828 3011
204 1608 8598
1153 1671 5134
1133 1635 8867
482 1517 5722
624 846 6338
432 927 1158
416 1598 7418
926 1872 9120
171 668 9534
194 545 7976
711 1130 3250
633 1223 3591
698 1693 2029
364 474 2529
51 392 3400
150 981 2447
1098 1451 9662
561 1791 9407
504 1813 3701
107 361 8804
846 1741 9366
752 1871 2016
305 1220 6893
1335 1545 4395
5 409 729
1260 1541 4387
462 1299 6344
132 1120 3227
379 1624 4297
782 993 5309
1794 1859 2523
1117 1593 8385
572 903 3651
386 534 855
39 945 5432
138 156 2867
10 71 7071
1973 1977 5375
622 1071 1734
49 148 5823
273 1750 7519
229 561 6484
300 862 6898
411 1275 5006
1518 1616 3852
51 293 2733
418 984 2950
242 342 1449
282 1358 5070
178 1616 947
1068 1364 5496
1028 1409 3634
64 499 7636
426 1322 6199
1141 1237 8806
640 866 4945
579 866 6869
151 556 4010
328 554 7692
818 1071 1816
474 1209 4675
1223 1744 8928
277 909 8502
592 650 8572
1318 1664 83
1022 1902 6531
107 1968 6414
5 306 3163
131 1758 5795
1129 1283 5962
515 548 9059
788 1310 2727
635 1703 5717
451 1523 910
1056 1786 3755
280 1628 8000
454 1951 8854
1592 1668 6578
31 958 2882
1070 1534 1028
1063 1740 2613
657 1581 22
847 1536 9121
34 36 72
61 1864 5776
777 1822 9135
135 251 5367
698 1454 953
869 1136 2391
491 886 5692
681 1815 8546
104 1238 8429
431 952 759
31 1768 7787
345 1485 3253
344 1623 7656
1152 1796 4279
1453 1930 9343
518 1598 4627
326 1220 3614
35 1157 7307
763 1104 5053
430 1189 3068
189 546 2072
829 972 5899
104 173 9290
277 1275 3009
699 1353 366
328 1293 2864
922 1645 9844
408 412 4268
698 896 6230
34 1929 4186
786 1396 8138
632 1792 3254
18 21 2201
258 1115 6170
482 1457 9566
687 891 561
60 254 7085
102 728 986
894 1415 8678
1521 1860 221
476 1303 3784
82 236 5586
43 521 2579
530 1648 3909
695 1287 1154
499 1753 1229
1269 1429 2957
648 1446 2915
423 924 3035
820 1630 2212
525 1168 2460
12 1163 4833
106 1591 3160
63 219 6193
1084 1933 5155
1423 1522 8051
814 891 3117
1322 1925 4125
76 530 1030
150 609 6509
1148 1295 605
772 1028 8885
656 1185 8563
439 593 403
368 1654 4641
434 808 7976
344 451 7944
411 475 5343
40 420 2105
1350 1999 2298
278 1324 4025
996 1171 4976
90 248 127
483 671 4446
656 695 5150
859 1156 196
1070 1713 7582
29 1299 2989
172 305 9661
677 1067 7157
269 525 2506
260 750 540
81 362 8251
146 1158 705
433 1398 4045
649 1889 961
817 1245 2084
239 1477 3431
369 416 6863
1833 1974 2531
236 1468 7179
636 1097 9879
262 664 2709
490 1747 3524
706 1408 2183
118 704 6721
1393 1681 8890
19 50 2761
482 1450 5655
230 1333 3263
605 1719 4409
497 1261 783
712 983 6159
1129 1660 159
1461 1794 2282
367 372 6390
1367 1798 2297
846 1116 3740
82 308 161
927 1985 1230
5 1680 6276
1168 1386 8321
905 1662 3055
950 1371 8489
1013 1153 5626
1076 1553 1715
1104 1285 8023
382 1129 3619
541 734 1234
798 1006 814
997 1250 887
1147 1648 3594
306 427 4855
366 642 6928
51 1802 6779
333 1567 5240
693 1109 2594
738 996 3221
655 1676 7771
23 1379 967
1690 1973 8050
494 1254 4477
623 1115 2720
1453 1701 8936
238 1440 9276
825 1755 8637
553 1422 4847
1739 1831 7083
366 600 8619
1015 1055 4228
98 581 6652
281 742 233
318 1443 5116
1117 1965 7995
896 1050 3609
380 474 8463
1615 1962 6790
79 143 162
153 972 416
4 299 3616
833 1543 8306
66 1002 7695
1291 1537 5813
318 585 8170
141 434 3625
991 1911 8216
89 1196 7339
191 214 4545
82 95 95
535 1443 6383
1593 1838 7800
1359 1452 2585
539 1749 9984
614 1483 9805
472 515 5687
735 1328 7573
26 1859 8980
1247 1701 7173
524 879 8630
106 855 3401
391 929 5577
1238 1262 9565
173 1262 2011
57 313 4894
342 657 9957
368 933 4176
649 915 9420
1011 1289 5091
397 1462 9824
797 1880 3478
1142 1495 5418
445 786 9708
1190 1703 6671
327 1935 1103
1146 1496 7742
4 1205 1393
1228 1790 9088
8 43 5059
1664 1830 167
704 952 5645
793 798 9912
421 542 6412
1325 1580 78
1064 1240 5435
1169 1178 1935
571 993 7927
936 1945 4739
402 980 3863
189 405 2770
158 811 1852
953 1802 420
790 1992 5452
1686 1969 8095
1017 1889 7338
1676 1971 895
136 1475 1386
1811 1841 3499
717 1592 205
653 685 3459
390 1129 1276
370 1680 2506
1356 1500 4990
765 1228 9054
110 1898 4788
1430 1826 471
356 557 5521
548 904 6940
489 1832 3306
14 1288 2264
195 685 4118
192 981 8899
873 1845 1039
274 1508 7140
713 1266 5179
246 1426 4759
782 806 212
567 794 351
63 89 3969
855 1970 7118
1038 1606 5764
347 1845 161
34 619 3072
862 1996 9219
801 1993 92
628 1766 9347
734 1619 4200
544 1418 5513
1428 1775 3475
1764 1835 8268
436 648 444
135 339 8142
829 1590 4611
727 1856 6742
65 782 846
725 1926 329
95 111 7419
150 670 8972
386 1694 8515
713 1777 4713
175 1452 7134
513 1260 4674
185 352 4292
351 1102 2224
274 954 8495
657 1387 4500
997 1948 6366
1346 1359 952
203 410 8426
1420 1688 4501
1172 1661 1031
261 684 1294
895 1487 1648
515 1952 6259
65 180 2144
1679 1795 9950
563 1297 1134
616 1515 6954
435 1142 9493
121 171 6419
104 336 9652
124 417 7374
572 1750 8319
1620 1764 6201
1427 1959 3668
1375 1424 1292
788 1373 2285
125 1528 6326
327 925 9896
920 1434 899
536 1411 3664
487 1593 2857
608 883 9996
236 1028 6239
164 1029 1815
90 1843 1546
399 1000 6582
558 996 5011
85 1269 6886
1580 1874 9078
191 1532 7405
889 1129 8547
1094 1220 1163
1079 1777 7939
1355 1610 7156
417 683 9450
19 23 7363
810 1674 1737
486 1965 7568
224 1145 6926
2 1531 113
103 1709 3890
487 1538 4308
53 1537 4171
226 1887 2755
1167 1599 2045
537 1499 615
127 873 1524
730 1276 3304
167 350 4799
84 1491 5350
1139 1391 2444
1264 1556 6477
1313 1370 6223
1051 1697 3454
909 1621 2246
1173 1829 6726
1036 1489 1585
202 844 7608
114 135 3134
371 1263 9762
61 1692 8451
1122 1478 8605
41 625 4336
322 473 2429
1088 1188 2009
443 682 3085
1709 1791 7550
1573 1840 8153
30 90 2431
826 1040 1669
621 850 3270
1319 1657 9837
302 1695 9974
77 751 1059
162 1274 6778
89 1892 6141
924 1513 7826
525 1351 1824
1720 1867 76
139 1486 6985
736 1986 2516
88 239 7133
464 1003 7484
868 1542 8150
185 904 107
31 412 3097
382 1657 4158
627 1138 8850
842 1174 1798
821 982 994
439 1485 2713
19 230 8490
53 326 9089
556 1598 3808
290 541 4730
165 608 4562
52 95 5474
803 1641 9823
66 1044 9673
232 265 6761
679 1321 1268
743 780 9932
719 1416 3097
1156 1193 3398
374 804 9137
953 1462 2882
361 629 4598
639 1493 4025
817 1470 2624
1279 1863 5312
1066 1470 6335
76 144 4626
763 1227 7347
195 719 2927
1452 1592 5130
1021 1610 1424
1301 1995 4946
426 1844 7253
284 987 3689
626 977 1285
644 1960 246
1044 1552 2707
1073 1599 4522
667 1118 9839
51 680 1748
149 1993 539
806 852 5339
915 1348 6336
994 1974 4307
357 1550 1083
430 1672 2795
448 654 2433
202 1909 3894
208 745 6840
1566 1986 9225
443 1279 1398
190 213 9711
105 781 8008
605 1129 2933
36 606 2089
607 979 4831
1261 1414 5154
976 1459 3744
69 941 7314
192 1695 5784
546 1947 3637
769 1012 3622
158 167 953
1217 1237 4583
91 141 9317
228 1042 1051
1427 1435 8849
416 870 8632
529 1239 9375
45 78 8367
259 304 1409
201 576 9960
551 1342 3905
606 1880 8434
265 414 3938
1300 1427 8507
1079 1173 5005
1721 1803 4273
1794 1970 4052
116 829 9718
793 1614 9538
981 1038 9737
411 1592 9970
344 1399 5257
297 722 8719
696 1860 3295
266 540 7798
1591 1977 412
110 329 2573
181 683 5014
181 674 1005
491 510 9192
988 1092 376
627 1574 704
855 1421 3440
1597 1814 8488
797 897 6501
254 1025 5448
97 101 728
608 1422 3214
380 1425 6947
1155 1189 5734
316 1131 8438
904 1566 2639
705 1049 1400
1668 1831 8341
1718 1849 4340
167 1315 7696
1197 1695 272
1230 1800 8707
234 756 2906
1522 1796 7376
79 1800 7441
1138 1704 9126
1593 1891 9767
75 102 2132
76 117 9790
1442 1888 5787
1373 1584 2381
504 860 1785
913 1365 3852
792 1150 5401
173 804 2224
410 721 5179
148 1727 6979
1158 1703 8392
789 1379 332
561 1300 9665
374 1291 5389
123 1059 2478
871 933 3215
175 346 2066
1075 1135 2747
235 356 8062
129 1138 8456
1131 1302 2556
458 808 9437
1042 1222 2206
403 583 3989
421 1521 2758
462 476 5316
784 1091 4053
752 1980 8527
122 1897 5025
223 650 6962
638 1285 7084
1331 1968 2063
30 1560 4848
459 1250 3361
1284 1319 7158
145 1570 1021
1165 1237 5259
1688 1788 4018
131 192 7260
4 85 4968
1010 1818 4133
1149 1226 839
259 1887 7444
662 1509 6372
257 1585 4753
484 761 3726
737 1827 3596
102 623 1887
191 835 8347
821 1157 1811
1252 1547 3832
475 1749 2306
301 1241 5908
469 869 2189
596 599 8210
175 767 3108
664 1853 6367
1234 1719 2795
902 1893 2485
11 870 808
299 323 8131
991 1686 5217
512 1492 9654
1018 1440 2048
303 1413 9324
742 755 6123
1472 1735 7251
1563 1787 182
174 485 5459
575 1459 6395
643 1116 7247
780 1588 1922
443 1589 2372
148 1119 580
50 289 7015
201 277 9659
12 15 6968
676 681 1115
882 1820 9442
496 562 7484
633 1736 8970
225 1817 9487
1442 1829 2788
36 438 4753
1593 1799 6156
425 813 8794
479 1077 7778
1274 1476 3345
600 658 5082
1312 1556 6416
346 514 9655
1467 1968 9783
428 1697 7599
780 1972 9145
1118 1165 6163
1058 1271 9407
191 1230 3540
135 1859 2194
1244 1909 1795
1285 1856 7843
624 1787 4732
12 14 6137
876 1225 6267
477 635 7904
113 1118 2195
890 1441 7502
381 705 3462
1029 1191 9691
1288 1482 7374
120 229 3842
467 1877 9083
724 1131 2716
622 1962 1221
508 1284 9080
1301 1335 3562
494 1269 4204
1153 1379 8427
1367 1749 5908
325 1019 868
196 484 8580
1197 1769 4875
658 768 4960
957 1770 5734
10 163 1340
301 626 7089
498 1192 1968
726 803 7580
597 1082 3563
742 1760 4769
50 100 8388
1273 1475 5716
981 989 4511
896 1089 3250
299 1642 2266
115 712 5988
755 1053 5373
479 1555 5586
1178 1327 8670
48 409 7484
1628 1772 5079
1117 1313 1757
1326 1337 678
156 209 3659
141 1722 1981
90 396 179
761 1461 2814
121 273 6792
400 1039 7149
96 630 9266
92 252 2837
972 1639 9837
1556 1886 2462
655 799 4439
220 1369 3511
259 1932 2602
1389 1926 5138
151 1558 5797
904 1107 9146
996 1732 1657
189 1480 5374
559 1992 8115
332 1962 9603
309 1542 4004
211 256 2586
468 1485 8255
849 1393 1107
1705 1947 8726
215 366 5265
485 724 2137
1060 1229 7567
30 253 969
76 322 6956
1438 1985 7945
34 1331 2551
73 130 5610
307 1050 3498
414 1830 3256
1650 1825 1565
481 622 8266
184 376 8679
728 1911 6122
444 822 8112
565 1873 5906
1439 1754 5583
988 1659 9717
818 1055 7318
150 1544 2888
4 1295 3919
208 486 348
129 350 4683
794 879 6278
1594 1730 5884
906 1189 9108
926 1228 2975
718 1576 3856
1125 1733 2887
201 632 7230
373 725 8806
100 207 3305
510 609 5708
51 405 6485
329 646 2919
43 432 4893
1842 1850 7573
306 1328 6840
88 204 8548
321 1011 9402
663 1612 6155
1110 1480 6962
91 887 6479
254 503 2727
557 1504 2861
243 675 8412
45 1667 3412
972 1962 4322
1087 1963 1033
31 312 3566
180 251 7987
1767 1889 860
1267 1349 1223
219 1278 8483
1043 1703 9151
1565 1768 8073
55 70 3003
610 1668 6569
1282 1426 5770
198 212 6437
159 1045 8004
135 1408 2759
1148 1254 5311
1004 1715 3384
1297 1541 4304
182 811 5984
1183 1919 3027
390 918 2525
1084 1604 5667
550 1478 6080
1012 1329 2567
572 1555 3059
547 1162 7074
474 1933 4238
724 1587 6292
251 1918 9783
81 157 9952
365 1125 8620
1051 1937 6951
189 992 947
118 1471 8595
712 1021 4098
1120 1846 7761
543 942 9921
1079 1952 498
398 798 2954
611 976 7500
13 20 3167
442 529 2463
1867 1998 5504
261 1406 5873
514 1506 6340
65 133 7038
763 1023 2111
188 1694 1965
1204 1622 1428
619 1198 1660
305 1707 5363
480 1108 9834
128 377 724
486 1989 6240
1141 1535 9511
297 1900 3665
433 435 6738
768 857 9293
791 1441 2862
254 711 5326
697 1746 6880
710 1728 2678
750 1926 9668
314 905 3467
241 706 7031
378 881 6061
640 856 612
685 984 7572
197 208 7866
9 1507 5626
29 365 4861
524 918 7998
1417 1738 1743
1599 1628 7397
165 896 8720
135 1833 5929
996 1573 2284
453 712 4212
322 1597 2356
564 1123 2962
1612 1661 1526
22 275 6624
431 1867 2867
430 1587 9466
217 582 2170
97 435 751
1041 1881 8438
18 637 8426
314 358 4011
1607 1865 955
99 202 8821
17 39 1120
1174 1337 322
1007 1393 5563
234 386 1231
139 962 546
10 91 2288
490 973 5502
1055 1905 3622
369 1351 3908
394 593 9967
1399 1980 8308
269 734 4605
462 669 3339
418 1514 3331
639 1638 9616
373 1437 4522
958 1683 9173
1204 1209 112
395 1305 6867
800 1165 2252
1055 1457 6628
528 1591 3515
57 230 8607
290 307 4264
434 1360 8813
830 1358 5901
407 954 1852
179 247 8198
34 1220 2196
806 838 3299
302 939 3126
1219 1574 1022
262 619 3487
272 1665 4046
293 312 1205
939 1837 627
969 1255 6244
450 661 7300
720 793 9830
162 429 4486
13 1551 471
983 1909 4573
281 1749 4199
256 1688 8602
41 1114 9060
1764 1997 7728
214 751 5121
31 1299 2462
809 1444 4627
1000 1748 1387
1 205 3148
74 622 436
113 1554 8807
36 1343 4743
755 1649 1451
39 1664 3444
1254 1529 8910
1076 1690 3972
136 977 3918
359 1179 5889
802 1011 8792
1395 1510 9292
1468 1799 4418
80 1074 9257
576 1163 2086
363 1631 7903
734 1700 2184
248 647 260
908 1314 6549
1353 1735 9219
161 331 1670
40 1277 641
631 652 6831
1240 1567 3604
1499 1884 8152
288 324 8970
267 1208 332
414 1216 7406
1171 1870 2550
464 554 9020
865 1168 3189
325 1597 2620
1356 1778 2850
268 1798 559
800 1969 5999
79 562 68
1118 1684 4782
191 1479 1591
340 726 5985
1589 1737 4270
820 1966 7979
469 635 6165
418 753 1311
1206 1569 465
1101 1643 3118
808 1614 429
69 292 9477
401 1729 2427
388 978 7170
621 668 6454
263 1034 6578
554 1227 156
1455 1607 740
579 1162 5566
905 1566 4522
193 1981 8302
291 732 2209
194 1861 2263
584 860 2336
378 1035 1957
577 700 6906
994 1497 9407
804 1077 1159
634 964 7404
631 1854 5063
1142 1663 909
559 1180 1447
993 1085 1419
556 1962 4280
309 1485 7675
18 389 7029
436 752 4414
130 1239 8842
188 843 6559
1577 1946 6616
1050 1415 4633
125 1237 7865
427 1265 5926
240 865 1442
376 1352 3415
24 47 5465
588 1891 8404
117 1194 220
46 1189 549
1157 1420 3575
1405 1847 9475
85 109 2579
485 591 7114
260 465 2024
207 284 2239
614 694 5838
657 829 7928
96 1707 4175
327 1084 4149
1268 1616 7238
47 1857 4061
1806 1896 6197
255 1436 2236
601 1848 1711
785 1405 2132
450 1901 7
205 887 4234
555 733 5227
335 1197 7682
601 1962 1478
646 837 8249
738 1078 4427
136 1823 3238
637 1670 694
335 393 4449
1653 1925 3658
954 1799 5375
238 898 62
227 1439 4611
392 558 2772
1057 1583 618
315 1508 5348
27 378 2544
1570 1986 7561
84 286 1491
1071 1456 4651
41 242 5744
143 1148 1618
112 120 1002
1071 1533 9267
296 1720 3898
822 1517 9501
1164 1940 8297
1721 1797 1026
804 1951 394
876 1669 8043
108 907 3414
1065 1760 4601
275 1673 7011
85 1648 3171
1418 1425 5815
1151 1227 8542
873 1716 3453
246 1387 4153
748 1154 1333
636 909 3115
1623 1863 3335
1525 1734 9188
210 1056 9820
1923 1943 7059
155 1907 9276
797 1389 7677
93 727 2494
442 784 472
299 1529 6320
1291 1950 5511
291 758 428
13 505 119
1269 1511 5155
990 1444 1002
357 398 7932
252 462 3692
461 467 8597
323 1492 7291
5 193 8360
377 1064 6082
598 733 9238
346 574 7469
1273 1376 7511
2 241 7088
346 477 1233
1139 1968 9464
617 762 759
212 694 5228
29 946 7108
622 801 2991
900 1224 5915
173 1236 1479
552 1110 7361
175 1992 2238
77 175 655
695 1082 3950
692 1539 4229
437 1723 1544
629 880 4163
583 1477 9010
776 1912 1421
835 1224 8950
382 1884 9850
678 1470 7763
57 1178 6369
1447 1490 6865
335 1069 7539
338 760 6904
1594 1961 3912
45 124 706
614 1626 8600
659 827 7321
46 144 2444
415 524 1532
616 1408 937
1458 1495 9007
1042 1948 8953
811 1342 6101
696 1540 7089
1320 1644 5298
907 974 7518
303 934 5847
224 484 9414
132 1099 5830
284 391 219
359 842 1864
7 11 8157
451 1291 9380
220 1091 5904
621 1151 4292
500 1534 3569
405 819 2124
159 1423 9608
397 1636 4487
430 533 3314
1025 1868 2188
38 1235 4586
321 551 7454
460 1988 5206
213 1306 6213
732 1213 665
168 619 8437
1395 1703 4631
211 1410 4268
1619 1797 1902
1566 1668 2849
132 517 286
948 1904 9298
264 1201 4866
37 105 9330
923 1185 2124
546 1346 7731
48 307 1212
1129 1494 8432
63 1333 5666
424 977 1601
133 874 2215
1192 1587 206
1337 1601 7750
359 563 8020
727 1732 8178
286 990 9963
51 99 5608
135 877 4651
58 152 9698
1006 1557 7200
897 1267 2182
85 198 2255
289 1442 861
135 334 9598
116 123 4918
1156 1588 9893
884 1067 2697
1087 1681 596
1803 1910 3231
1511 1732 6911
1737 1881 7783
667 1334 4463
286 547 6035
51 772 5613
398 442 9604
233 577 8181
217 1466 4387
595 742 1853
276 1769 2389
744 864 3875
136 472 5365
802 1227 9066
569 695 6731
1642 1860 6163
221 498 262
702 1356 4233
91 717 4102
40 1479 9729
636 1478 1770
1854 1888 3172
210 335 5313
1394 1916 715
982 1883 9085
14 24 1992
505 1793 4754
1060 1178 7257
653 678 3749
1497 1584 4205
787 1578 4728
782 915 1239
556 717 2675
419 614 458
651 1482 734
823 1837 2947
433 441 4798
451 1844 9334
699 1834 7900
281 1745 9822
368 951 4438
1037 1182 2778
1118 1196 1600
277 415 8940
376 1655 3890
1331 1866 1587
86 226 8101
310 739 4647
592 1997 1678
1556 1901 1098
791 1421 783
360 1674 9600
602 988 6125
1000 1038 8426
510 1955 7923
1199 1923 1683
1105 1221 9330
891 1293 5727
571 1009 6030
1563 1838 8385
166 388 6182
318 421 8795
442 1089 1894
101 128 3115
98 971 7475
277 917 9119
41 59 2167
728 1500 1148
103 114 7673
880 1576 1044
497 1900 4439
479 1825 6402
109 826 9231
282 446 8804
1451 1894 3754
215 387 8630
1760 1970 8642
281 640 9428
1517 1656 6474
928 1086 9120
1226 1898 6118
125 922 8687
1273 1282 885
397 546 2967
1247 1750 6483
541 586 4167
147 1022 8114
305 387 1089
339 440 9281
358 770 1705
1086 1625 4803
628 1166 2597
231 1181 4845
129 170 3049
89 1957 7891
262 280 2276
621 1801 4390
716 983 5558
230 1246 9233
388 1222 3656
1106 1937 7646
322 702 648
755 1986 3785
469 1518 6157
372 433 5638
16 386 750
36 359 7996
833 981 5501
253 486 1614
300 469 1164
637 1906 6790
1310 1415 5197
791 1454 6329
266 1862 6348
561 1447 7638
56 1247 2
891 1539 7525
399 604 3492
494 657 6881
104 975 9734
8 131 7022
1725 1915 9419
596 1713 6665
341 511 9425
1603 1761 2716
1823 1927 8628
2 569 1658
760 1037 946
29 1658 8887
25 51 1936
733 1132 3726
70 314 4221
876 1147 3855
1 188 27
1139 1146 5355
388 502 6318
649 1202 3651
18 97 3523
880 1307 7538
990 995 9865
176 691 6735
345 1553 2579
420 1888 2814
483 994 210
216 942 7295
1282 1999 7070
757 946 7629
1059 1095 7841
201 1877 930
1312 1506 1509
33 75 2088
70 1041 4840
544 1307 9129
213 1594 8796
387 599 8337
251 1261 4099
1429 1931 5943
282 585 8050
59 497 3824
562 984 168
189 443 9523
12 1352 933
581 1435 7242
526 1862 189
321 996 1518
1419 1666 1138
1366 1812 2392
1219 1396 8726
258 1753 1383
981 1524 264
77 1053 4744
647 923 2913
271 413 2446
97 1981 1434
675 1210 3879
496 651 6341
10 168 4851
488 988 4365
222 1679 1874
385 1788 8925
1312 1833 3642
111 832 2601
581 1296 2284
8 525 4341
20 63 3722
696 1203 7698
64 1463 1059
119 187 2674
509 991 6570
266 1167 3338
539 572 4609
2 19 171
451 816 6182
1566 1819 8430
861 1141 1602
537 967 6838
18 267 8134
71 150 4313
46 279 2578
1270 1984 616
342 644 5235
6 281 394
1206 1836 1447
722 1014 1160
1110 1288 4754
904 1973 2111
175 492 616
332 607 9761
69 1851 7512
1047 1811 8367
998 1473 4664
382 590 1511
1096 1251 3419
1193 1299 5708
87 320 8104
23 310 2857
1421 1786 933
96 776 5368
146 276 1050
851 1710 4562
23 291 7908
175 747 355
329 375 8571
46 67 1996
346 369 9735
534 985 2763
1584 1655 7410
578 731 2004
41 1010 7313
1029 1219 5680
511 1403 2891
398 1295 3481
385 1556 597
295 1391 8966
1365 1378 2749
1510 1855 3416
44 151 9625
338 1943 7866
1287 1943 7898
1487 1848 1854
609 1718 6589
95 321 1251
13 1824 6989
1224 1946 580
6 8 1255
46 191 27
72 1584 950
1615 1763 2722
67 790 6621
1496 1660 6198
145 1380 6170
73 1914 3080
1840 1987 338
126 297 4009
1481 1727 3608
80 611 4984
580 1564 6667
356 1012 7621
206 1519 4523
1098 1477 6857
122 379 2569
59 1684 7975
329 1731 5101
601 1044 760
779 1224 9456
1204 1473 8290
41 709 5781
409 1672 1203
829 1803 5196
804 1487 1089
203 1826 6200
265 1776 4642
790 912 2386
39 359 4320
440 1303 8545
925 1834 4687
1293 1673 4243
1507 1615 9425
737 884 3468
407 1816 4966
1662 1871 1829
552 876 9899
998 1263 4703
691 1550 387
323 348 3325
668 830 5557
104 127 3816
639 863 5373
39 203 1957
1637 1990 9952
1001 1789 4775
374 1352 2711
1084 1808 3265
287 1611 2921
915 1625 7293
902 1977 3326
521 1999 3308
1321 1867 707
1176 1270 5168
154 655 9530
28 108 4405
962 1138 6681
1339 1919 449
171 1602 339
56 154 991
177 580 5581
410 961 8579
134 1311 4695
10 58 5642
767 1184 7029
295 883 5422
107 164 9562
797 980 4503
954 1156 1903
1251 1685 7974
544 1464 9896
677 698 7547
1804 1827 9983
1184 1901 9789
399 448 3615
610 641 9574
574 1115 4057
22 779 4118
1507 1897 2769
242 786 7392
151 1401 2005
595 1927 4632
162 1385 207
787 1065 8892
135 401 7824
576 605 867
685 1349 6519
802 879 7835
603 1840 4496
152 1603 721
786 1767 8856
564 696 2336
901 966 8517
558 1829 2516
228 283 1022
478 1234 7304
625 1919 9762
215 1672 760
849 1785 691
72 1953 3728
604 1679 4246
805 1134 5143
474 1798 9635
1590 1912 7082
902 963 9377
709 1400 4894
576 846 4317
1365 1544 9538
547 1083 9942
1219 1796 8820
1597 1761 1081
1370 1572 7188
281 1669 4496
63 985 5667
150 639 2355
657 1566 7203
1344 1498 7941
1259 1462 9882
66 482 2265
439 847 5206
71 395 2115
277 1817 7468
781 1372 9796
742 1547 4175
1008 1496 3982
560 1271 7009
209 494 7147
1235 1564 6028
75 199 4450
24 34 9161
893 1911 5219
32 64 6212
591 938 5709
1104 1244 2799
1143 1956 3528
527 544 6952
1428 1767 5412
907 1207 6489
904 1294 1573
351 1110 3252
944 967 4157
1358 1626 3457
1655 1879 3681
405 764 5725
180 1647 1121
404 800 7243
827 1014 4185
1562 1816 2259
451 455 4568
1867 1924 7510
344 1279 2176
390 506 3537
146 172 7458
1458 1846 2508
33 452 7659
802 1552 5046
25 699 9440
973 1453 655
387 1825 3130
1017 1096 709
106 370 9526
59 500 8663
76 1870 7428
141 495 3895
121 179 5378
792 1990 2327
705 1969 6890
75 1784 2298
585 613 7429
824 1160 7089
735 1628 8694
531 1721 3363
521 1052 4585
613 944 3911
752 1097 3094
21 85 5950
717 783 9919
1165 1802 5758
1367 1918 5730
288 456 8312
199 380 4592
1746 1901 5621
140 1585 759
803 1942 1678
45 367 1860
149 1010 9479
915 1571 8474
1685 1894 8887
797 1546 9209
1046 1737 7119
176 706 3247
1260 1479 1429
329 1445 6510
7 851 3199
422 488 3439
113 328 1486
246 1620 8896
1032 1814 8505
1589 1996 7755
563 823 9178
918 1073 1570
792 1846 6615
1352 1768 5628
193 1168 1318
42 49 5224
1431 1647 3604
1299 1970 8272
518 1354 418
907 1210 8899
1315 1453 6065
47 425 3587
447 802 997
968 1520 4926
31 42 7913
424 473 5112
1206 1302 2276
667 894 169
115 669 8365
521 1093 991
426 1720 1738
1100 1193 7690
1468 1933 7512
1131 1213 3136
459 489 5113
159 1470 8932
220 1127 5182
9 10 8099
899 1101 6094
1238 1340 6488
915 1602 1187
51 1730 907
1222 1345 9350
791 1314 3252
1463 1623 5280
814 1262 7216
447 486 3277
847 867 704
107 385 7652
308 1169 1441
486 859 2875
792 1608 6731
326 1913 7626
129 910 3141
508 1832 2266
120 1911 6096
485 1649 7044
1291 1744 2163
552 901 3237
497 1390 8521
1264 1402 3131
2 96 8707
1636 1809 421
4 182 9447
201 951 1469
256 432 8232
43 560 4868
676 1333 4168
206 452 3906
909 1719 4327
1268 1394 2436
635 1137 2167
1300 1340 2547
666 1342 1091
1616 1622 483
1461 1628 3797
1119 1256 4150
1337 1412 8966
558 1054 2404
684 703 3118
326 849 1626
37 1888 3357
364 972 5602
1438 1683 150
1265 1310 4861
475 967 5163
648 1568 8418
34 1750 8547
20 937 6246
1591 1960 3019
122 578 672
1269 1609 4648
761 1454 4634
1349 1783 3238
254 1944 7473
50 998 5614
1077 1347 2961
1052 1097 9186
212 246 7218
961 1447 3655
618 1108 5410
103 197 7468
1174 1616 6905
512 698 1072
944 1924 2476
1078 1852 9669
975 1050 4980
57 426 7813
505 933 4636
876 1758 160
329 926 5826
639 657 710
18 889 6400
29 1717 4493
565 1224 250
1362 1537 290
221 224 3202
1544 1807 3720
436 728 3558
13 743 8658
231 714 8041
123 343 4976
1149 1489 4798
1194 1210 9078
51 182 9489
22 1470 6303
10 955 6792
41 742 2706
1137 1447 6268
933 1063 4376
12 32 5412
200 820 9371
802 1436 3746
531 740 8997
202 1331 3958
658 1222 2142
29 559 3157
875 1249 6656
408 539 1117
1534 1762 4990
783 819 101
1026 1220 9821
744 1464 7433
20 116 4680
619 1491 7442
412 571 1731
219 1755 4580
398 1237 9053
457 510 7811
413 662 5774
443 1992 6237
269 382 7111
1154 1827 3523
516 1070 3069
710 1109 2825
357 1528 9065
49 821 2038
330 602 3230
49 802 2305
204 269 5512
203 272 2931
871 1217 140
1410 1768 8481
1094 1454 8776
1723 1806 3514
30 1273 1732
1257 1976 3838
83 1370 6888
41 1488 4538
1198 1590 1464
624 1455 586
87 954 4652
2 1419 8432
1319 1332 1492
531 777 6478
405 631 5681
297 1020 2627
660 1245 5036
10 41 9696
1199 1610 9308
496 1302 6907
308 1396 473
361 1161 7775
1397 1467 7363
915 1072 4558
471 875 6385
38 46 5940
639 1252 4777
739 1164 6439
378 463 7174
1718 1864 1240
1531 1770 5143
239 1542 1684
126 132 2859
27 35 3979
1800 1929 6848
122 238 7962
1545 1873 8257
106 433 6075
1453 1689 9366
841 962 259
74 814 7862
436 607 3795
1111 1512 9649
397 430 2562
1794 1896 1741
299 1268 3105
109 1399 7790
175 842 6503
611 931 6537
650 1687 9095
23 53 9932
494 1859 8730
198 718 6374
176 1027 4908
501 1837 122
57 76 8686
302 1471 7376
1788 1818 4999
1295 1675 6356
214 812 380
831 1113 8491
859 1533 6217
1126 1433 6204
566 1085 6058
84 1414 9219
19 1169 2492
103 155 2894
148 245 5138
487 544 4630
938 1746 4228
569 1627 3120
38 131 2069
22 347 8724
620 1438 4953
55 184 3638
36 955 2595
41 537 6880
125 140 8957
36 117 5909
74 372 4218
608 1015 6797
130 1411 5985
142 741 9891
1206 1613 552
1144 1693 4533
507 1804 6865
622 1167 9515
234 261 2306
184 1335 9637
8 26 1397
746 821 2721
807 1272 4881
342 1605 8444
1063 1570 7448
1467 1550 3820
650 1426 4268
1 2 2162
288 358 888
1471 1829 1347
438 481 8188
883 885 1631
459 1595 3063
1070 1510 2316
444 1065 5327
1239 1743 5727
1225 1332 9683
1528 1567 8328
393 868 9491
768 1923 5638
689 944 523
985 1312 7465
297 1146 7870
440 1153 7404
927 1016 589
400 959 7267
368 1816 7097
471 1149 4224
1082 1763 2381
1448 1812 8894
344 1475 1869
188 615 1787
1306 1734 8882
1291 1658 928
575 1140 1270
368 1500 9665
79 1843 9059
915 954 5342
890 1295 252
898 1103 7286
739 1450 3641
127 297 3885
369 1966 7819
1023 1915 7833
1214 1230 5326
1592 1608 9215
351 904 7103
177 1289 7186
156 1874 8776
334 839 5797
804 1889 5026
114 1265 3370
1361 1414 2107
1332 1530 8348
732 1117 3620
471 1037 7756
959 986 6425
690 1112 8691
185 229 1175
407 693 2306
96 466 8425
1108 1192 2135
13 1690 2757
576 1564 49
188 1026 511
311 1121 2446
46 431 1200
121 1184 9828
635 1277 7724
1453 1706 7736
298 1088 420
550 1949 5669
207 854 8515
147 1902 4593
522 994 2767
869 1308 7111
457 663 6328
879 1036 630
204 257 4660
232 647 8475
1406 1786 4508
302 628 2463
1059 1793 8700
612 1226 4895
214 512 3221
556 1053 3095
454 725 106
919 1407 3153
568 700 9614
717 1955 3825
1666 1904 3537
1470 1641 5521
1731 480
687 4069
1341 10404
773 5648
731 8943
1013 1103
1584 14231
1174 8456
1401 12756
617 157
894 10140
398 5567
1786 12298
1900 1917
928 14531
1099 1987
703 2176
245 356
1950 3266
536 8858
856 8951
567 3659
424 892
1524 6858
1303 11957
1758 5785
244 9357
1046 3249
314 1125
1323 8692
1237 9574
1889 9158
1915 2621
1101 7130
1519 3007
1938 9628
845 8764
1582 9361
924 14473
741 14580
1167 11214
608 725
1177 4214
1640 11231
844 10870
471 13005
1100 8468
1925 645
1639 11189
1988 3291
37 10797
1747 10545
503 12829
1122 7777
141 1132
1068 14057
754 7167
899 5590
1916 4463
183 11938
660 11393
807 8429
1953 10138
681 7701
1037 10527
1952 5670
1847 9165
1901 13483
452 8479
897 10830
1183 11050
1765 5948
101 13312
1702 1785
1207 5943
417 12755
684 12920
440 29
1883 14461
1557 12852
1308 5049
1842 1773
556 13700
943 5751
1546 2359
1715 7811
1094 2001
817 8101
809 10837
1775 1768
533 7192
570 7533
1195 7988
937 7532
561 6018
1405 6556
1043 4808
1504 5785
1153 1439
1556 14010
1717 9924
821 2934
1266 7670
1106 14430
348 5933
672 13185
1372 3877
1497 1618
349 8273
40 4618
1444 1529
800 7861
21 13938
753 5817
1069 4225
1494 14035
1293 4858
1624 6060
1031 8442
1748 13402
580 1089
594 557
758 13750
1249 11719
1549 14203
1964 9080
1761 13089
423 6075
1487 13243
858 3533
1440 3617
1314 8555
1722 12326
574 7564
955 7318
1086 7358
1791 10047
986 3432
107 7981
1619 5426
1025 11485
1682 8795
1787 1205
764 2834
1206 10332
795 2795
1217 6121
1838 3916
54 2064
1478 1912
1235 7271
1103 8956
1995 14787
756 8835
149 13035
796 2163
437 5983
1678 7328
780 4156
1382 2312
206 12509
686 9132
1818 12368
1005 1297
1143 8981
257 1044
1428 1995
1600 6669
72 10217
1873 6535
876 6120
985 5106
585 8259
546 2044
1710 9659
1161 11518
237 6351
1175 9138
896 9047
502 11538
711 10632
119 6628
1515 13881
1684 12718
1287 12127
1402 13241
803 1251
277 3848
1313 7577
1978 5202
1081 5472
1026 2690
1391 2016
736 77
1959 5330
1931 1229
1448 5466
1506 3702
666 11504
834 7018
888 1118
606 14951
1243 11222
451 13106
1033 6783
1123 9634
1621 350
276 1155
187 6965
1124 9357
1665 11025
1125 9013
1085 11704
148 10873
1537 13553
940 14585
1816 6109
1568 14439
1412 13089
365 9359
64 9548
1509 10
1048 1938
1089 9400
589 1174
1302 447
734 8932
74 5776
153 13912
402 1100
330 9336
932 14548
446 6938
1420 7090
1018 8901
866 12354
576 14813
496 4227
936 2727
808 2892
1944 12807
285 1352
1389 12915
1255 9237
707 11928
842 2165
1455 1263
439 121
1726 2446
1000 9809
870 6795
719 4492
1813 9267
193 11944
909 2558
194 2349
67 8930
1158 8309
793 12601
1095 4045
495 6185
1771 2612
399 179
307 10234
1256 2616
1066 5873
1811 11893
1374 4469
1216 6065
1065 9275
316 14125
1462 2170
1772 9480
1347 2912
1231 14713
160 10698
788 6377
1227 3742
1427 4431
553 11464
1935 11832
1603 8647
822 1490
1529 9308
94 7533
331 6271
1635 6528
1636 8493
1332 9264
397 2979
1241 14977
1956 3205
1133 7076
610 6658
324 1656
1564 9384
1576 14879
1909 1628
375 1
1264 13947
1913 7085
1318 9827
789 11447
1460 6562
1176 123
199 1036
1721 11573
653 1494
1826 6395
1457 6208
642 11237
722 11452
1517 5289
540 955
1954 2955
1875 4211
1445 3079
1381 9490
781 579
766 10665
1947 800
1960 4898
1435 7651
416 4854
62 5928
1784 1628
1007 8140
1373 14413
240 10635
151 5813
992 12422
282 12773
1225 8217
640 2036
680 3078
166 9537
1141 1730
1768 8558
1283 6270
1982 1706
641 6298
1371 10694
1623 1956
554 10313
1502 11593
1790 5486
1119 1299
1437 4970
715 2030
1038 13940
1532 13319
381 2697
1115 6688
1214 10565
1522 10074
409 7593
1530 7450
1612 5236
458 4055
75 11193
632 3816
1508 488
1990 11927
1920 7488
998 7926
759 422
1406 3329
487 13523
1317 14513
1863 5946
169 7203
1196 12924
676 8517
1962 2423
785 2005
1201 9474
472 5728
1236 4150
826 12779
279 1370
1610 7722
318 7738
197 5760
823 8107
1368 5252
1972 13136
1667 13773
1093 3989
1004 3243
124 9739
689 10744
1185 6130
710 7294
1212 14871
483 14112
669 1586
613 1084
978 6713
1615 538
1111 12563
434 5939
762 12004
1205 2654
1716 239
1059 222
1328 352
693 11338
1795 6445
797 8352
898 12714
1762 3968
1634 193
1041 2551
547 10005
1397 8689
420 157
1991 13117
1429 6678
1904 11685
1344 1642
953 3849
1942 12476
555 13057
1881 12499
177 13717
1812 8909
1062 12084
923 11153
1579 2748
298 8660
333 9348
646 13408
1441 407
1051 13723
1637 1700
485 605
892 784
270 8333
1596 8445
674 3849
1083 8070
1563 9799
1181 2901
1614 7573
878 6848
906 11021
1671 10629
1268 4211
1492 8444
1755 7141
152 5074
1743 7059
1394 4178
78 2832
651 13754
1421 12662
1599 8954
1131 9564
1753 1344
1804 9949
1244 2662
1928 2694
1279 10035
891 12713
1113 2435
1558 2028
683 7925
1980 5832
519 10757
1644 1931
243 13471
999 9306
1807 8355
712 965
1676 9683
1001 13318
352 14568
1891 2035
552 11053
1794 795
1505 2550
882 10751
757 14075
1436 11579
579 9159
1693 12058
1398 2934
1118 13500
1850 11961
461 4484
290 11261
1265 7227
1416 10527
1705 14047
726 5188
1774 3818
760 9367
218 14984
1646 10427
1922 4886
1714 12782
1404 843
1609 3479
1516 5859
948 8105
1135 7736
1821 5727
1728 780
1057 13234
889 197
1270 11809
164 12068
345 11589
361 4824
1539 4857
1369 1606
1147 9735
1469 589
1495 5073
599 54
529 2108
1233 9881
1890 10398
1260 1675
1841 6114
191 4223
1777 610
1977 6545
1528 14239
1193 6563
1820 11907
1334 3081
1258 11120
1362 12366
1876 1773
137 836
1672 561
811 8694
626 11369
908 5779
774 12804
701 8139
1410 7131
1553 10579
1745 14481
1108 11276
950 2968
1189 13215
1538 13087
879 12126
1045 11604
860 12336
1805 7286
698 12010
873 2578
1304 4329
443 13930
1941 11514
1252 14660
568 5969
1307 13393
584 12978
1521 4393
501 8528
1024 7193
607 4548
958 10873
1172 12335
140 14620
1704 2823
1572 3438
1388 416
1250 16
1968 14061
1655 4980
634 14913
1643 3241
1088 128
1759 7353
1907 7857
367 1184
1899 1923
1878 7176
812 5700
1708 9149
146 6877
1630 13972
790 4928
1769 10042
934 9574
1393 5608
1267 5761
58 13854
1994 1821
883 4211
1975 6692
1343 5515
1351 611
161 11761
571 11677
498 51
283 8559
1449 1895
1945 1162
911 4013
1885 6036
1973 12176
1137 4009
935 8059
1245 4853
1309 12050
792 10086
1384 2314
1461 13552
1204 8806
1390 1155
1277 14329
1363 6834
1656 12888
1020 2291
747 2415
1213 10517
1484 10082
1862 12803
927 3245
1857 1423
1467 8878
455 14447
1116 11874
846 9948
907 12846
1742 6859
1337 2858
323 13331
1107 13135
1296 5703
1565 8927
1188 9621
1607 6124
861 10895
534 14531
629 5245
28 1045
1976 14511
1012 11570
714 5504
1779 6356
1971 9890
1896 6199
428 14046
1073 6190
1458 7292
113 3702
1957 1958
1536 2309
770 13202
654 4118
1383 4872
1162 5467
1757 5593
531 1433
1032 9179
926 4594
566 6797
1677 8015
1783 16
1661 5515
1450 12551
1785 12649
1148 10714
476 11242
294 9149
993 8162
1711 10548
930 14513
1040 9273
1629 1769
1034 4143
1278 1403
1802 12949
1616 3078
1583 9421
1361 4441
875 1736
332 8957
1654 10319
970 4967
128 11179
467 6578
1845 8751
1102 8321
412 1613
1858 13571
1632 5999
1548 13434
1868 2450
1159 1772
605 8902
1480 3463
357 13379
394 10344
522 44
794 716
450 6069
917 2123
662 11570
652 7185
1014 4210
1675 3440
557 6876
329 10984
513 5542
1298 12489
643 4258
1738 5406
1476 7133
597 11253
1226 10209
1910 11270
1109 1140
763 9083
1955 1132
880 4091
1797 11166
549 10240
91 10085
895 6779
214 14806
887 9453
421 10104
1050 14551
816 13231
1699 10219
670 11775
1447 12462
1415 3267
346 3755
968 831
182 9470
258 7555
1500 12601
1970 9021
358 6503
1305 8922
1679 885
810 8883
1490 1920
1663 3651
1855 9756
525 12734
115 3532
1940 6987
1349 14423
1301 1101
1263 12795
949 2193
825 10274
499 9451
1170 3738
1542 10558
964 11596
1984 13958
645 8611
739 2580
1016 10259
1810 3315
1673 10298
1346 4539
1974 4022
912 12962
456 5836
1485 3595
1058 5040
1854 6608
1669 6096
1433 12644
799 6352
371 8014
783 4076
460 11770
1809 10247
678 10833
453 3911
1561 2810
1746 2468
88 12718
1049 13502
1892 10273
1806 6944
1780 79
201 2986
1082 3221
1320 13865
1601 3688
1150 13314
1575 9592
1202 7202
1861 7624
1144 3567
1272 1381
914 4996
1680 2425
1814 11230
1776 13000
713 346
1239 13630
1512 11451
1003 2813
724 2814
1613 14308
1886 562
1949 10464
890 12423
103 7914
1737 9900
1937 12862
1756 6123
559 3132
1498 4608
697 9400
234 2961
980 6409
1330 14007
1015 1498
1587 5436
541 3356
497 2059
659 6512
1895 14173
89 5631
824 14557
1422 11726
1608 6181
477 9727
910 10664
1355 6870
468 6847
1370 10460
1919 3540
1076 6541
588 10432
1021 14868
675 837
667 7717
746 1452
1503 10686
1543 12534
385 11971
562 2070
767 14368
1872 127
1210 8681
306 12456
1413 1640
919 1093
1430 9049
1914 7386
1692 10904
1733 13422
1452 1573
951 4323
853 5004
740 13415
815 147
749 2670
1908 4196
1286 14662
984 12169
1763 7973
673 14200
328 7209
448 14018
1650 10800
441 1051
1473 713
1967 12724
1067 12243
1781 12838
1752 6041
181 5085
372 8941
663 5612
1230 14594
716 14142
1893 8005
1696 8656
130 4106
1927 512
1569 6606
769 9449
131 10113
126 3744
1128 12483
590 7220
961 13136
637 13710
661 10524
406 10506
865 7380
1295 13137
73 139
1541 3848
1310 10136
1080 12682
596 232
70 2384
581 10269
1053 204
1454 1154
239 14555
717 12521
1545 4857
974 6369
1047 859
893 907
63 4173
1023 12891
1729 7889
1061 7348
514 11788
981 1980
989 10757
1877 12302
186 11505
274 3637
548 2700
49 7159
1993 12796
1554 4102
269 2951
1934 2959
1836 134
1815 13994
320 5949
787 13601
414 2875
872 8219
1357 14115
1432 3075
165 1041
301 13089
38 15000
1703 14881
665 1407
1377 3789
598 916
728 10499
1724 14505
1723 12928
685 10122
708 14312
326 14570
272 5656
631 10724
42 10662
1694 12625
1280 4047
430 8989
1691 14333
26 3238
108 2347
1132 9218
916 3692
1501 12909
1520 6507
1145 6809
1939 9638
1211 3816
965 1838
542 11456
1567 950
1788 8688
87 6768
1649 5837
1466 8925
692 7265
604 6605
775 3570
997 13996
1992 14172
436 10232
1653 10883
1411 13635
1741 6147
1848 13635
990 9556
110 14103
1631 7069
288 6435
61 8792
1588 3598
868 11952
341 11705
982 13198
1242 8510
593 7711
202 13361
1979 3663
1642 10982
1434 11920
