800 1500 800 706
171 616 9525
276 517 186
160 436 6768
219 324 3043
413 559 9079
497 630 3752
649 702 7508
124 191 8630
301 541 2349
299 501 5497
39 394 9853
161 585 5138
112 459 1811
395 478 8469
482 659 6752
202 315 4045
406 499 1381
365 429 6271
365 368 941
112 255 703
144 664 8064
424 746 3205
358 657 355
170 348 7920
264 356 9993
111 176 9628
636 716 742
27 261 8303
553 791 1513
266 307 4312
238 542 4981
404 545 9816
335 766 5729
41 463 9021
132 603 7799
94 151 2354
508 532 3365
123 192 9586
314 623 5891
98 738 4356
150 576 5021
31 50 7596
196 251 7984
173 231 1172
191 206 7038
101 202 681
78 659 8944
72 749 4803
33 520 8880
523 533 4422
330 557 8026
121 179 4276
83 263 7169
175 427 491
227 392 3711
318 432 856
404 639 8563
21 392 9064
261 586 6187
154 364 6857
193 729 1998
48 135 8832
57 329 2504
359 421 1588
588 743 6425
295 778 2957
45 169 2771
307 579 4433
271 446 158
559 747 4708
721 793 6272
245 409 9651
266 480 7663
8 569 2008
328 756 9148
270 638 8146
224 451 2764
240 586 4109
309 539 8246
131 375 7656
4 205 1699
406 777 3404
382 456 1471
5 227 8750
265 431 293
22 501 512
481 741 6889
63 119 5202
51 354 9126
340 468 8461
149 486 8534
190 406 6202
186 282 2043
490 634 6155
354 492 3541
316 632 2341
289 740 9397
333 453 5465
128 309 533
17 23 7674
187 610 3717
77 328 9386
107 595 3311
157 656 6050
485 687 1695
345 702 663
413 554 2886
780 796 4428
290 430 7754
53 129 9345
114 529 2814
1 154 8605
574 657 2970
101 411 7303
278 388 5476
410 546 8767
436 461 5312
60 211 3292
347 734 3112
69 97 6407
247 302 8917
198 458 9374
92 174 3694
445 550 1909
473 643 7752
286 436 7365
71 758 1856
22 705 7314
125 204 1719
394 617 8666
59 67 1993
52 285 7224
229 316 2111
553 616 3926
122 478 1228
367 594 7697
258 596 3632
458 640 6547
444 636 6157
239 457 4545
218 608 2611
214 506 265
494 718 7020
711 782 5136
453 481 4602
47 522 7846
52 217 2602
138 387 406
30 128 8574
223 324 4960
395 708 5663
303 774 9399
79 168 8657
2 531 1295
412 592 4416
226 732 4376
119 207 171
9 640 9027
15 16 506
655 775 1636
5 91 5098
102 115 8916
98 706 1515
155 460 3376
213 552 959
222 431 134
156 467 589
251 488 480
125 719 7783
347 560 4807
135 244 1880
419 577 9294
273 392 2000
156 349 5105
107 369 9949
175 415 388
398 685 8376
48 57 1824
360 546 4709
110 121 8685
572 800 7738
299 498 484
43 197 5884
61 527 1089
6 94 9731
599 630 9799
166 484 2697
410 613 3889
6 276 391
361 788 6281
492 773 2986
15 27 6531
277 629 3442
512 638 2494
338 720 628
30 647 5871
140 338 3337
123 530 8779
110 396 4814
93 378 1045
1 8 8230
346 496 2623
98 358 6115
64 332 5771
519 792 2561
435 796 323
61 157 7892
758 765 6536
50 747 6450
131 467 5853
47 280 6975
126 702 338
479 693 1949
1 570 8624
276 535 5978
115 508 6342
146 498 5129
141 143 6729
127 133 8697
14 68 2766
378 674 3481
549 561 3457
54 147 319
180 409 1223
44 465 8640
316 398 9649
738 791 5586
461 689 9192
110 362 9112
272 395 5018
110 132 1773
460 600 3124
763 790 7269
383 655 8737
682 725 5421
302 717 2914
688 709 3576
123 604 6067
31 230 2845
153 243 5593
22 567 8569
290 314 3083
573 625 9800
63 643 9980
498 798 8519
80 132 5406
281 565 1210
42 53 6298
414 543 2087
338 542 4347
123 293 9607
9 272 8774
121 180 9071
318 508 1492
202 309 2610
60 385 9637
551 721 9382
494 666 8664
294 495 7534
214 321 6714
589 710 6394
47 562 6502
442 516 3296
113 252 9391
29 145 9454
528 621 1712
224 615 4290
76 82 3509
154 316 4871
232 718 9112
242 301 2186
62 789 4395
429 715 3540
28 770 7795
222 384 897
35 744 7529
180 193 4106
490 583 7191
33 170 4434
155 329 1854
344 490 8925
645 786 2373
184 547 1919
37 792 5769
355 528 2408
193 788 5794
275 720 2133
333 686 3326
148 662 6139
23 58 1717
305 608 1178
256 407 8886
5 124 6580
180 185 3645
2 41 9343
418 648 2240
133 743 6945
157 199 4414
436 476 8073
363 734 9294
307 390 618
239 723 7859
20 84 9003
7 15 5441
126 531 8007
37 76 3215
355 669 6168
237 607 7530
502 506 1046
694 707 7334
340 452 1979
227 632 6071
25 250 8167
23 419 9383
69 608 53
196 269 2240
182 697 1841
45 405 4000
262 491 890
265 324 9675
465 737 911
101 163 831
210 657 2458
49 304 1018
4 21 2697
182 784 5352
210 390 2270
54 118 3621
324 503 4271
1 34 1570
25 73 7512
85 318 4478
466 575 9421
249 408 4731
1 2 5020
445 734 4432
14 39 7030
111 142 1096
15 474 2256
158 519 5520
337 583 795
582 746 6908
86 698 319
286 650 8231
2 3 5513
214 499 8021
566 619 6312
345 766 6351
185 188 8538
78 457 8079
11 68 8818
32 44 6583
556 710 8032
245 320 5237
2 81 2388
496 774 533
314 357 3906
86 766 5209
290 415 34
300 566 6234
73 194 691
228 459 5355
161 572 7061
445 713 3803
120 217 1631
61 545 574
428 583 5925
513 671 6796
382 544 9202
112 122 4974
643 745 5061
358 581 8143
45 94 3540
597 605 4070
375 683 5732
567 797 3265
28 167 1038
565 633 519
62 330 7559
460 729 7591
506 677 5169
323 358 9913
39 51 17
173 329 8112
156 169 3304
156 555 258
361 503 6806
190 787 8728
158 670 3689
96 196 4788
84 264 4843
7 271 6157
33 48 8693
359 547 3603
310 545 8748
65 402 4094
47 493 3989
333 383 9156
311 365 4397
388 522 9235
105 567 3809
54 533 6698
38 599 1198
48 88 2822
117 718 3264
229 561 8571
541 671 997
81 308 9863
148 588 3402
11 136 8132
536 735 8051
61 482 5883
5 9 3388
326 445 7795
551 637 9118
126 238 7978
43 658 142
18 622 1776
516 679 4521
37 64 7707
127 708 2810
497 617 9520
50 189 3411
398 579 2601
478 755 9156
44 180 3001
203 511 2347
265 470 9023
620 763 5278
406 770 9849
15 37 7059
565 634 4465
141 346 9593
105 423 9003
312 635 9785
91 288 2751
267 445 9335
286 754 3756
289 712 4286
152 492 902
456 711 4835
91 287 5137
60 375 3690
272 346 6281
81 183 656
344 483 1387
17 92 1384
574 664 1521
130 384 7362
36 531 444
473 722 1680
599 768 1026
3 6 9412
141 203 3721
266 286 9029
68 800 8764
303 420 9380
20 351 6002
388 414 9871
31 258 5602
19 36 9176
222 305 945
77 166 3299
51 497 8475
200 502 3980
184 244 9637
340 501 3007
269 771 4585
123 306 5154
106 355 7343
540 672 5631
611 632 3748
641 670 9494
103 519 7075
535 736 9207
8 32 7540
170 611 1872
378 435 7363
123 633 2858
67 419 6770
138 491 4695
441 643 5170
174 752 4837
340 432 9832
189 540 8156
222 295 8961
42 437 9093
372 702 7230
230 390 6765
33 74 3600
68 172 635
185 578 5569
131 477 1008
169 271 3969
205 558 4782
262 276 8747
487 553 3420
247 310 1605
180 608 126
349 646 6601
325 789 715
6 227 1770
462 769 5556
16 487 776
84 253 2875
65 413 9378
274 688 6685
148 361 5956
81 294 6372
198 496 4585
131 268 6639
311 613 2001
73 291 2175
54 241 226
82 296 89
255 518 9884
435 709 7563
79 321 5697
48 531 6614
27 77 551
73 658 5708
607 796 1410
60 275 9399
473 724 797
304 652 6816
347 363 1526
39 622 5579
37 439 7770
594 694 7774
337 539 4772
273 624 4016
17 26 9273
419 488 9226
18 89 6390
215 715 2963
314 584 7394
121 448 1332
9 182 8189
390 699 3357
234 420 1574
411 716 6571
223 263 2135
171 184 7808
82 244 3030
57 218 7164
463 495 7505
611 676 1039
161 773 7975
272 334 8782
22 644 841
350 549 35
524 761 5047
479 663 9264
255 553 6574
665 735 4887
53 233 6105
8 607 3555
1 52 5243
432 748 701
43 482 7693
204 285 6461
134 155 9522
37 80 7674
18 639 4621
691 755 770
148 438 7575
58 495 635
27 573 5012
156 500 435
765 766 54
132 513 2971
376 574 5270
39 407 3364
15 49 1843
389 454 3102
129 382 907
133 786 8659
92 263 851
35 201 7751
752 795 3416
82 220 4953
1 4 3446
339 797 3646
597 659 3363
42 176 1284
344 478 5285
170 195 4878
373 602 544
29 254 4406
56 90 7254
183 215 6118
347 431 8892
129 140 7350
64 144 4764
3 538 9563
181 554 7486
463 579 7758
12 571 4611
89 737 6306
126 583 2561
268 433 427
12 28 8279
55 70 8755
66 130 5758
526 730 8881
495 771 1414
372 429 7127
520 757 3214
398 798 4112
536 665 6255
185 545 969
48 136 3566
347 504 3539
65 139 5170
243 583 8291
300 333 8490
11 66 6029
327 723 7719
224 327 5208
208 247 7680
279 595 4817
81 107 6887
14 563 1936
252 454 7859
141 464 1584
418 687 3981
3 11 8542
1 69 6178
587 616 6072
42 45 1737
358 620 5236
369 749 85
105 198 5038
145 795 7228
50 87 2426
430 487 954
83 440 1837
74 95 9661
386 541 422
645 748 7502
228 421 8461
93 529 220
91 416 5065
4 472 8458
193 238 5312
141 156 4272
50 299 2405
596 713 3054
47 567 8573
401 681 4412
57 220 8693
174 216 381
41 126 6036
143 782 2844
101 289 361
4 740 7683
3 135 3920
632 766 5666
443 689 2691
163 509 7
4 753 4679
202 361 7965
117 557 2362
141 219 5554
138 459 410
595 725 4691
170 362 3623
126 799 7206
347 591 5814
145 490 1059
613 724 6348
4 720 4003
200 214 7617
608 704 8530
210 340 6745
104 182 2674
486 515 7784
219 423 238
88 791 2255
198 437 2203
161 634 4319
465 764 5519
110 675 5187
82 108 5137
533 770 1486
757 783 142
129 463 7696
141 522 8704
361 706 8222
546 667 2861
22 760 2316
579 627 527
4 484 7899
148 756 5623
527 626 4330
303 422 9767
23 314 9932
551 759 6231
392 711 1840
16 760 2422
36 606 3199
233 381 6775
436 609 1310
152 451 4291
335 775 5505
89 523 5219
12 362 2676
524 612 419
145 158 8092
64 147 8500
250 398 146
66 631 4262
38 85 4854
360 386 6639
13 626 3895
503 663 7154
759 771 6886
249 687 2226
87 287 6087
124 243 2918
178 288 6028
330 348 9638
516 751 4550
345 752 9330
710 757 9954
10 20 8158
48 55 1005
375 640 9579
304 784 9232
120 708 9735
317 470 8135
565 655 8590
407 771 2967
384 479 5582
147 413 8881
155 608 1624
94 127 8512
239 341 4207
413 576 925
290 628 7999
243 353 109
150 497 973
63 78 5494
195 485 2270
257 639 2683
74 211 884
230 698 348
28 56 7921
63 111 3055
1 31 1665
82 186 7361
635 742 8838
302 440 8320
326 698 8230
144 512 4509
14 17 2998
409 557 1771
137 766 9078
208 209 8305
194 223 1787
60 669 6838
161 780 2815
376 580 6658
25 282 9639
404 779 8030
16 33 149
79 614 9681
662 677 3795
407 779 4869
75 370 1626
354 527 1324
26 453 418
121 792 9433
38 246 2535
364 443 8453
129 450 64
145 451 6234
565 645 7650
38 390 6173
115 726 1427
117 616 8265
78 179 3089
143 762 213
365 453 2195
496 641 8324
535 541 9126
244 759 8016
298 322 3085
154 447 2368
256 772 6967
530 571 618
8 598 6972
128 736 4105
125 773 7988
49 250 9223
201 298 9304
183 325 1014
56 93 1559
55 117 452
282 657 6187
206 340 583
706 775 2276
73 328 261
449 603 6415
390 794 3051
423 739 122
499 613 1122
53 275 7932
317 460 9205
83 597 7265
420 774 8654
20 680 577
271 750 2008
203 225 2487
324 468 8512
120 152 9703
380 637 5019
290 698 7444
111 357 5020
139 666 7918
55 600 2153
486 749 1173
259 469 2206
189 544 284
82 135 3319
456 459 6471
596 635 2874
481 791 9608
220 303 7686
66 112 5831
58 194 5159
102 294 9260
128 559 5219
227 483 737
330 558 9861
239 565 7537
1 50 4560
302 701 8703
177 499 5099
188 266 2011
333 552 4261
76 155 993
5 40 2996
642 690 6688
43 573 7326
192 583 4054
18 395 1198
217 513 3486
133 259 2665
227 611 8279
405 779 6168
231 674 2644
275 290 2390
306 746 8837
119 477 5911
28 244 5263
18 82 977
2 18 5664
473 519 5567
216 295 613
439 687 2353
155 471 6538
138 743 2798
68 526 4895
50 55 2673
10 19 6058
8 101 114
641 739 8557
174 352 8857
325 669 4405
51 714 6938
30 106 9188
253 669 6603
580 600 2633
180 268 1431
235 496 8977
116 785 8810
346 485 1725
215 375 8624
213 513 9604
579 714 7336
181 292 3043
78 281 123
305 442 8458
297 372 1240
114 739 9285
362 510 6811
134 190 2889
18 606 4988
55 61 5992
510 636 2110
766 794 6490
376 720 330
344 589 1895
564 778 2054
54 678 7868
113 117 8905
177 351 6114
31 697 1549
53 433 5300
95 219 4992
42 605 3610
371 374 3333
420 699 5551
195 625 7828
114 236 3501
75 582 9802
82 701 1183
168 249 3742
75 799 2229
451 742 6956
98 475 5748
541 663 1466
541 773 2166
389 691 7825
153 502 1335
277 401 3880
298 755 3250
90 554 7611
436 738 4856
33 210 2534
157 242 1229
740 767 8415
440 774 9752
508 622 8065
44 484 5468
18 424 5014
125 165 7724
294 326 2205
7 786 7271
125 207 1898
9 78 2338
70 212 6340
11 190 6141
164 540 9343
83 590 70
201 648 3528
62 709 8959
408 682 9612
285 541 6478
187 362 6135
308 514 7399
175 319 3972
20 65 4149
50 327 8130
398 733 9252
109 120 140
228 241 9779
70 272 8291
21 109 3553
81 138 2151
41 86 2083
110 274 6059
743 767 7391
42 464 3731
55 582 1415
33 102 3924
84 173 3505
260 673 1488
457 619 5761
226 673 3720
492 571 7949
142 691 5031
2 91 3495
122 239 9564
18 692 1355
139 267 6412
203 423 4248
130 140 6370
557 723 9402
36 339 8452
282 400 5646
311 485 2914
151 799 5973
467 681 9485
245 475 1906
82 168 5586
291 538 1629
280 425 4224
39 149 6058
234 469 1797
170 708 667
17 25 6862
56 200 4751
155 620 7283
55 381 4053
43 392 2226
97 202 1203
447 595 7188
675 748 9785
615 651 1384
347 424 464
355 458 5837
49 213 1861
139 525 7122
265 424 4655
105 335 2627
390 656 230
254 471 4891
11 148 8257
110 160 6192
202 711 571
134 311 9955
606 739 6927
261 467 5930
343 564 3459
60 401 7757
218 717 3098
117 404 966
298 336 156
40 229 2704
174 447 8307
77 179 3626
133 312 6155
261 607 6596
164 181 6010
515 609 5401
558 629 8595
458 669 936
192 270 4655
244 524 1647
277 428 3798
269 326 3571
148 543 7859
50 175 7628
328 415 7748
615 644 344
410 502 8376
295 714 2835
466 688 8128
425 510 3692
73 123 4185
295 525 8149
347 376 9911
40 417 1138
701 784 3676
105 507 5023
8 621 3594
101 186 569
275 488 2386
128 387 6906
198 240 8401
6 150 9866
418 618 5837
313 501 2954
28 610 7464
123 396 8040
108 315 5505
486 601 6738
55 125 4450
95 715 5445
394 593 1130
249 739 666
400 697 4571
382 403 9879
234 248 3311
307 642 5000
90 218 9199
453 565 3018
314 700 3072
50 97 1108
112 273 1966
212 629 9492
105 279 7233
144 284 7367
140 247 3284
157 564 4232
103 350 7470
330 377 2449
173 347 5102
155 221 454
20 156 6899
11 475 2834
54 60 5232
209 622 4277
22 783 3210
48 278 3507
68 159 145
436 614 2841
37 271 730
178 639 1732
1 43 7709
741 750 4144
561 631 5844
363 756 8121
93 651 6519
89 131 8277
490 540 6300
337 626 3675
84 779 302
376 432 6132
132 337 412
140 715 1590
8 13 3870
472 575 5530
383 430 9537
31 413 1721
111 386 8273
6 7 3038
457 527 7430
292 444 3410
372 424 1110
67 171 2292
135 187 299
105 254 4526
359 683 1861
27 47 3615
349 363 185
616 759 4413
209 368 5994
227 343 327
397 658 4917
562 797 2834
47 90 546
181 738 8596
429 530 1532
155 188 436
87 246 6468
52 146 400
31 492 8925
37 217 2353
25 170 1190
26 57 1758
42 118 2986
409 572 277
174 599 6241
363 601 7894
253 665 4188
455 754 5197
54 99 6112
149 202 4344
58 788 3110
403 462 1050
16 259 4784
353 356 6841
217 383 8098
9 232 6191
501 751 8687
27 308 3141
154 389 9990
399 462 7743
440 784 5983
734 795 5336
25 719 8748
725 743 9735
190 757 2499
686 734 935
192 234 5359
290 322 4051
90 489 2678
26 373 6871
75 212 8037
44 62 4782
383 484 392
300 759 2292
193 769 2345
203 346 8914
244 548 8791
469 708 7335
238 704 1144
114 141 6055
165 573 9874
234 363 176
49 649 6348
444 531 3319
194 462 9602
31 178 6880
622 695 4399
19 38 3565
193 494 5923
2 576 4625
586 682 7512
151 360 4014
145 675 4510
587 688 7155
582 592 7604
282 379 3726
96 137 6358
228 277 687
392 727 2416
82 256 8123
120 607 2396
35 100 8773
77 196 8347
24 42 1260
296 313 5039
155 547 3185
451 627 6978
120 287 2059
4 317 5114
289 471 9573
259 611 1851
556 689 5059
21 283 5183
290 292 1948
412 545 2952
295 410 1602
382 587 9894
160 278 3163
383 711 8717
168 800 9816
189 634 9495
32 455 7090
488 492 5330
39 83 6211
57 735 497
265 290 6401
148 371 4660
153 242 8519
512 768 1245
264 536 9383
52 449 6030
301 335 5591
64 720 4482
224 420 6926
9 517 2777
440 505 7311
559 589 9755
70 713 6524
39 71 4322
53 451 8409
22 24 1448
237 261 604
458 733 6245
42 391 57
35 72 1696
62 399 6142
239 314 8863
360 373 1110
255 305 6272
26 265 2928
76 668 9767
611 729 5659
137 521 475
117 782 240
630 647 13
260 483 3880
382 522 2300
59 153 1677
207 260 7974
9 46 4305
77 642 3633
43 174 9634
562 630 4653
261 279 9445
23 616 1825
348 435 6740
292 656 7630
12 224 1332
80 226 827
262 475 262
122 550 1272
13 507 3076
436 441 7790
335 412 6332
532 730 4443
13 376 659
230 464 5110
35 350 772
130 300 878
281 440 1583
91 235 1148
512 776 9728
36 518 3296
1 74 9145
682 731 4316
46 466 110
454 640 9982
118 632 5883
521 653 7812
356 771 9430
210 612 9436
25 54 8457
239 706 5555
28 267 3871
183 460 8372
453 631 5651
29 110 5843
158 345 720
114 330 8803
636 753 2237
13 14 6630
455 651 7268
95 162 5481
118 177 3199
115 800 3985
53 134 9403
16 22 4994
182 726 4631
87 183 4186
255 720 4285
15 787 6259
72 131 9447
329 610 2491
98 679 670
15 63 3555
405 428 5645
224 237 1732
88 125 6688
516 762 7111
516 697 2509
350 735 9535
133 796 9630
117 188 5738
76 113 9386
22 148 4712
108 563 1866
384 604 7331
318 395 3394
287 794 8791
207 740 5578
228 397 8534
751 790 9135
224 260 6277
49 104 3775
475 693 5961
1 5 3430
319 709 1410
402 706 5724
391 421 1663
43 234 7248
755 781 5851
98 180 4391
68 717 2200
22 30 5590
343 606 5102
368 690 7103
34 103 1822
371 703 9575
247 529 6788
188 469 7337
289 344 1615
107 598 334
7 50 3726
88 638 6231
190 226 5896
148 226 3108
211 434 8247
8 283 6434
296 508 2301
147 273 8534
31 187 6735
86 96 6650
153 254 5591
539 590 6082
92 428 7787
286 661 812
308 367 4040
138 389 2875
11 733 5309
348 654 2401
290 447 6881
5 248 5996
279 538 3536
290 696 6396
626 788 2759
71 547 3175
517 666 6023
40 120 8515
18 785 4462
86 502 6311
125 161 1854
295 621 9900
397 654 3799
391 715 4260
224 727 5198
18 551 2918
155 509 7532
102 236 8374
319 426 2015
109 473 5571
275 739 3966
398 489 1396
68 105 1314
454 747 2125
12 233 5133
39 114 3053
38 98 2869
477 596 5282
295 301 129
156 236 3882
57 754 443
76 397 8061
196 358 1079
573 637 6178
20 551 4595
266 297 1848
225 380 2467
295 486 3883
649 668 5491
169 341 9530
490 740 776
581 611 5882
663 728 4653
470 537 6727
78 583 1191
15 440 9734
387 553 6840
451 733 337
684 689 9302
104 554 1618
145 650 9428
61 512 658
168 323 6366
525 757 933
55 700 799
717 760 53
422 661 1202
586 634 293
374 556 6982
42 696 2397
67 116 6079
321 581 9329
23 35 3523
4 79 1514
270 596 8925
128 692 686
507 789 9441
50 366 5841
112 342 2850
236 385 6944
242 437 5672
4 302 3344
128 422 1839
37 222 9863
202 399 5043
15 535 2243
3 379 2135
12 59 685
219 230 3511
253 331 2472
496 552 9436
457 576 430
652 690 2652
68 164 6810
516 568 375
526 699 6730
361 478 7603
9 796 1912
136 287 4329
40 777 7488
170 181 1977
364 586 9588
47 75 4493
360 664 8699
162 728 4176
164 495 9422
173 633 2865
649 694 6911
137 692 562
108 584 2661
583 593 742
19 534 8014
378 418 3384
206 346 249
573 682 7537
61 520 7532
552 665 5338
23 408 3322
190 268 7259
316 752 6315
195 441 9645
217 660 699
90 686 8040
17 487 7450
121 332 8070
5 10 8557
235 477 7241
282 393 5740
206 732 3127
301 670 8839
462 685 9970
70 253 5450
520 765 9936
280 550 4329
382 493 8952
202 745 740
4 228 8856
111 734 1837
19 382 6610
127 262 7979
2 29 4298
250 394 3382
81 651 868
514 611 6323
629 707 4164
556 699 8358
24 414 3088
3 684 6917
106 208 505
28 74 166
256 359 6898
235 257 3269
560 594 3656
191 524 9775
109 245 1638
574 646 2830
89 460 7965
11 12 2382
331 529 4788
295 7635
573 11289
466 10776
331 3136
111 9531
709 6859
117 11697
786 4079
797 11094
247 13511
481 1591
49 2460
291 48
785 8771
394 7518
346 12933
315 7152
299 4140
687 14816
568 2638
487 11754
38 14951
746 12751
269 10291
553 5434
519 1594
270 10876
2 13512
526 1795
80 12512
738 1206
128 13022
244 7941
75 11229
734 10884
158 5439
662 8740
675 13119
241 6244
789 12181
306 14862
616 9359
236 10342
524 8504
156 12339
276 12184
493 933
18 5102
787 8933
558 12153
255 7386
258 8657
569 9661
556 9443
489 2015
673 10828
416 6730
133 7532
782 5521
537 1342
705 863
502 978
641 1618
692 9595
799 5440
679 7558
495 412
499 10711
396 14178
403 14896
458 6054
373 12919
130 2169
186 4938
82 7632
52 8928
406 7445
534 7368
582 2936
317 7506
712 9726
522 11200
176 5735
388 2596
465 5145
126 7118
793 3669
565 1662
636 6827
592 4251
164 7821
332 2863
309 9669
685 9117
325 3398
14 7583
57 13020
380 14825
670 1476
238 10336
531 6134
529 5135
560 6641
412 13062
44 2538
430 7931
54 13591
766 6330
157 6797
36 14438
262 1719
602 6556
161 2663
618 955
464 2013
543 10786
635 12462
648 4181
570 14545
319 6017
634 7637
778 9442
353 8463
378 12907
146 8698
763 2250
752 9007
689 14528
463 2950
149 11231
110 7526
178 14500
65 10411
200 9472
441 7038
79 6575
297 490
572 9443
64 8812
638 14372
684 6804
796 13614
623 2580
535 9615
286 448
397 7457
698 10922
208 13022
506 14219
374 5399
769 12476
274 8581
611 3291
139 5441
729 9356
58 6865
626 11138
665 4225
83 9724
710 2974
545 7840
221 9265
666 14122
696 14319
517 14513
436 8556
303 12989
476 1218
283 12979
583 7893
700 2430
468 3848
494 7880
690 11468
695 10254
431 6137
314 5762
151 3554
677 5784
523 8901
181 7150
368 4375
574 1392
240 4930
747 7850
212 7166
6 4127
361 13089
379 9409
245 9855
723 734
169 3864
448 3472
194 9053
362 5578
725 8986
667 7721
549 4480
614 1192
8 9446
298 8013
445 6370
185 10539
598 10412
548 3253
469 4233
426 1719
438 8421
68 7985
293 4829
795 10742
567 3479
154 8466
28 13122
478 8731
581 6188
227 6155
109 12836
654 4350
136 6418
501 12978
235 6244
427 13973
452 6065
714 8487
428 5118
288 5378
375 13641
320 14290
758 13352
422 1563
429 7068
84 14095
220 8906
681 10362
355 12731
669 12703
449 6186
555 5292
508 12174
275 8069
488 1603
562 8090
10 3642
693 11973
433 9976
516 7837
257 12075
467 11473
540 2829
566 4641
90 3386
776 3144
334 3174
743 1626
664 9383
104 6109
77 12495
268 1977
100 6547
414 5290
305 5855
720 2046
42 216
376 10072
271 3729
142 1257
496 14713
652 14663
316 5634
577 8727
290 5378
781 8966
399 7859
85 7673
711 5866
265 340
69 4689
174 10093
749 7483
232 2723
719 14816
272 874
609 4334
71 222
491 3652
580 13804
259 9556
585 10726
649 10037
498 6366
683 4854
788 7779
225 1890
745 2637
16 7499
647 10455
400 14970
439 11707
163 4424
347 7418
653 8545
750 6679
193 12090
284 14291
267 6674
199 14562
252 1549
70 8903
145 14540
694 11214
206 13455
81 2781
721 8740
457 604
32 883
17 3051
234 7600
603 5617
213 5219
407 10143
41 5656
369 3791
554 7207
366 7324
613 13347
511 3338
33 5495
589 1246
790 4598
417 3900
415 1743
686 62
287 6325
209 1192
398 7266
470 998
391 8127
26 4697
630 13265
631 13210
342 222
640 12735
454 14344
160 3179
624 8853
289 13299
453 11690
4 13403
715 11138
732 2674
11 3664
114 4741
792 8309
739 14302
632 6207
434 4514
619 13386
112 5865
216 870
538 9128
224 9846
350 1000
660 11710
343 13564
358 1691
72 11958
490 3068
102 12120
767 6028
162 8825
751 14568
137 10668
604 13601
748 12845
724 1232
301 3723
134 7549
383 5500
381 10444
308 4776
483 8331
46 5613
148 14205
45 14696
34 11980
393 13366
131 2907
15 814
93 7626
514 1593
180 5760
3 5687
460 12183
754 3305
500 10047
661 4132
716 11507
363 485
691 13518
510 394
643 1657
95 12021
140 7414
365 1847
625 5560
147 9040
357 3337
337 4906
713 8227
774 3164
507 7579
86 848
544 706
327 2001
462 498
359 14195
440 8270
421 3616
386 13407
207 6274
222 4
497 6405
733 14415
443 12834
607 6102
321 12630
642 546
25 12232
354 10476
587 11470
229 7168
192 11608
586 9717
387 8949
219 9762
783 530
99 6094
352 2184
62 9055
67 522
753 1827
138 12326
672 5036
118 12246
420 5615
60 782
188 14471
622 14630
425 2880
37 3561
597 7016
195 2518
175 8220
364 13345
437 7396
479 12857
447 8722
513 915
727 3829
658 11332
530 4414
280 10796
198 12847
505 286
253 5381
707 11772
237 6781
56 1122
123 13431
246 1957
91 7122
59 2438
777 801
541 9241
663 142
455 11848
167 5196
736 508
765 2605
61 10508
66 1875
561 7480
484 9383
260 9294
442 5173
183 7751
704 7871
608 12925
135 11892
7 2592
418 2343
395 9326
182 9434
339 12715
459 2160
78 13790
214 1812
88 3104
424 11078
552 11928
779 13882
606 1086
9 2151
248 4129
285 7220
92 10343
323 2518
119 10553
338 14628
249 10120
629 10847
651 10271
329 4546
313 1838
184 12961
23 11083
656 1834
762 346
645 5089
520 11887
405 14189
307 6097
784 8252
172 5059
273 6839
650 3898
612 11283
444 14892
115 6107
35 9910
735 10826
486 12101
600 12174
404 9559
525 4101
356 8768
596 11645
591 14478
703 927
103 14596
761 8999
446 4148
764 10607
722 12651
348 1340
717 11173
702 5501
392 266
512 7978
243 2405
432 3067
680 8326
595 13829
756 1397
116 14142
27 13305
360 11623
794 662
655 5797
55 3810
204 11909
179 10463
223 3577
189 13510
31 6639
256 9684
168 9489
344 13889
461 4943
590 3599
678 577
492 1760
254 9279
610 8262
101 4710
728 7527
755 5328
744 12329
482 2283
203 8276
644 7028
741 14669
74 10364
1 1196
521 4831
228 6437
165 13288
688 11002
125 12883
771 7094
798 6828
628 13057
509 10751
322 10984
377 8694
450 4534
218 13721
349 964
382 13364
435 721
251 532
773 14195
341 2469
546 13672
456 3634
107 3991
557 5561
159 220
742 14239
518 4109
536 1743
211 5463
233 6906
780 1654
718 9767
170 9577
53 140
601 1505
217 6742
63 12473
106 2952
196 4620
197 6983
152 10448
800 8536
760 6248
413 463
51 9190
24 8031
326 13733
578 148
177 6597
637 14320
576 6993
155 5258
527 7897
401 2789
593 7824
324 14500
564 9991
671 12334
311 10792
367 1858
22 3635
312 2521
210 575
370 1260
76 190
699 6573
668 7551
47 4868
296 14038
122 11108
202 8945
292 14538
551 4153
335 10332
190 8971
542 10769
351 6363
588 10834
533 10528
264 8504
532 11142
559 6036
563 12347
485 4413
539 13767
515 7192
620 10430
475 6048
127 11388
701 2066
29 7289
191 2066
633 14710
277 9564
43 844
39 8023
98 14988
615 4493
639 13104
12 1775
385 788
231 14507
318 1778
480 2625
50 1636
30 8267
153 14707
105 1278
384 14361
770 6967
408 3083
504 11139
144 2756
757 4776
389 9780
472 5067
676 12406
121 2048
226 2747
372 9119
737 10813
345 10026
477 8131
410 8689
617 3296
579 13855
726 14908
503 10006
328 1631
143 2849
239 6434
132 5309
621 9275
657 12513
19 12404
731 2864
740 13169
330 13501
281 8804
473 8664
575 5372
48 10805
674 13477
310 7901
242 7372
775 4971
215 7165
419 4005
791 10386
13 5900
697 8924
599 6895
768 13197
390 102
682 6639
89 2277
300 4096
471 13186
261 10801
594 13552
97 3662
278 10722
87 2923
302 2086
201 2068
409 8756
336 2975
340 7000
166 13763
96 10087
171 14880
402 4754
94 2442
150 2446
108 8561
451 3799
708 3425
706 14159
423 3641
333 13360
263 8177
129 490
584 14559
294 11875
772 3719
627 4459
141 7953
187 8091
730 10669
230 13143
21 6807
124 6949
646 9412
173 12655
605 11949
120 7400
547 9079
113 9642
282 74
759 8886
304 12476
571 3497
279 6080
73 13889
40 4592
205 4033
659 10474
474 9770
411 13291
266 12905
550 2332
250 383
371 11953
20 1971
528 13801
5 9056
