1000 2000 500
269 502 1
146 713 1
465 723 1
136 847 1
154 452 1
161 883 1
240 257 1
623 805 1
390 923 1
352 449 1
236 658 1
258 385 1
8 65 1
526 711 1
611 626 1
56 77 1
125 860 1
266 690 1
291 292 1
68 251 1
542 811 1
666 969 1
492 960 1
434 546 1
441 517 1
96 815 1
316 410 1
571 813 1
595 676 1
85 580 1
7 75 1
169 332 1
48 560 1
104 140 1
171 920 1
80 219 1
479 697 1
695 900 1
362 696 1
434 819 1
849 865 1
165 655 1
70 784 1
677 773 1
109 220 1
803 996 1
260 957 1
245 260 1
12 766 1
102 429 1
265 428 1
254 672 1
570 596 1
156 348 1
319 416 1
196 286 1
81 950 1
21 715 1
460 772 1
486 606 1
451 685 1
211 338 1
73 647 1
593 890 1
134 235 1
87 145 1
739 899 1
195 222 1
197 400 1
534 630 1
453 882 1
16 327 1
20 524 1
655 930 1
92 556 1
507 803 1
25 261 1
22 234 1
400 560 1
478 721 1
355 588 1
712 803 1
7 214 1
51 87 1
100 849 1
232 413 1
152 940 1
6 293 1
303 443 1
9 216 1
39 108 1
346 882 1
425 870 1
483 758 1
842 855 1
487 552 1
6 8 1
202 843 1
199 306 1
195 435 1
45 147 1
178 191 1
173 434 1
426 471 1
847 961 1
57 642 1
625 630 1
456 986 1
155 181 1
617 988 1
435 736 1
156 325 1
60 395 1
668 787 1
309 741 1
51 64 1
393 738 1
154 451 1
459 636 1
36 134 1
142 331 1
309 445 1
136 838 1
507 798 1
847 897 1
20 25 1
156 738 1
304 583 1
4 10 1
6 953 1
257 598 1
273 876 1
771 794 1
513 975 1
570 992 1
173 288 1
136 189 1
659 826 1
752 830 1
817 885 1
161 257 1
44 489 1
384 437 1
722 798 1
416 705 1
549 561 1
32 757 1
130 192 1
11 399 1
527 746 1
587 731 1
203 739 1
133 782 1
678 884 1
165 449 1
35 403 1
81 99 1
600 888 1
796 999 1
126 210 1
154 517 1
751 985 1
317 547 1
501 539 1
558 621 1
539 763 1
18 30 1
819 907 1
345 401 1
749 947 1
506 952 1
675 861 1
73 126 1
378 518 1
2 765 1
371 833 1
858 906 1
511 899 1
572 804 1
39 193 1
169 498 1
747 886 1
877 896 1
376 650 1
13 573 1
79 742 1
150 586 1
2 751 1
384 505 1
88 954 1
73 83 1
304 503 1
48 60 1
267 658 1
153 484 1
377 847 1
179 334 1
102 962 1
53 116 1
759 828 1
146 370 1
273 461 1
337 940 1
203 886 1
938 987 1
141 255 1
181 400 1
138 932 1
844 911 1
533 638 1
160 845 1
665 710 1
426 435 1
27 110 1
455 786 1
394 421 1
446 906 1
225 345 1
66 862 1
717 772 1
43 823 1
343 424 1
102 436 1
283 382 1
280 520 1
225 367 1
406 933 1
529 694 1
71 440 1
204 284 1
236 448 1
502 761 1
281 704 1
25 40 1
49 126 1
424 507 1
492 874 1
375 928 1
129 151 1
20 148 1
68 130 1
923 968 1
392 871 1
793 900 1
1 624 1
304 491 1
366 577 1
39 548 1
308 519 1
20 23 1
566 645 1
156 172 1
512 882 1
146 371 1
726 860 1
222 270 1
444 678 1
170 834 1
59 178 1
454 587 1
819 870 1
609 809 1
10 462 1
205 242 1
91 665 1
85 879 1
315 982 1
299 672 1
499 733 1
197 337 1
227 256 1
3 614 1
110 749 1
91 869 1
376 528 1
335 827 1
299 640 1
527 682 1
302 784 1
71 784 1
779 946 1
288 736 1
426 985 1
4 69 1
187 561 1
409 612 1
280 385 1
251 365 1
446 916 1
254 678 1
368 955 1
427 543 1
99 625 1
761 807 1
66 593 1
495 834 1
693 759 1
550 699 1
116 713 1
280 913 1
651 863 1
109 392 1
305 470 1
170 354 1
251 471 1
658 858 1
247 505 1
297 304 1
117 157 1
313 366 1
302 509 1
845 923 1
792 793 1
10 391 1
321 962 1
462 602 1
195 932 1
480 812 1
273 896 1
27 776 1
313 490 1
770 839 1
635 770 1
7 707 1
522 533 1
167 267 1
135 188 1
171 415 1
519 714 1
287 590 1
4 6 1
63 638 1
139 794 1
582 785 1
340 758 1
516 931 1
662 962 1
1 55 1
283 435 1
416 504 1
193 685 1
569 1000 1
508 569 1
527 842 1
181 246 1
132 508 1
173 270 1
43 326 1
77 825 1
153 709 1
297 344 1
98 273 1
45 768 1
344 651 1
228 965 1
135 196 1
471 601 1
267 393 1
126 573 1
727 807 1
453 619 1
217 383 1
195 259 1
428 708 1
5 17 1
330 697 1
23 37 1
43 205 1
593 741 1
54 285 1
38 129 1
92 511 1
429 698 1
75 117 1
3 168 1
121 602 1
721 736 1
109 133 1
165 294 1
462 798 1
137 200 1
237 515 1
20 105 1
441 820 1
300 605 1
311 683 1
382 521 1
440 784 1
587 873 1
52 210 1
92 775 1
258 953 1
109 594 1
253 338 1
633 979 1
333 608 1
119 248 1
285 876 1
27 375 1
474 679 1
321 579 1
125 593 1
148 468 1
1 684 1
334 666 1
605 981 1
676 920 1
441 499 1
253 336 1
109 694 1
410 913 1
867 975 1
227 384 1
131 208 1
256 318 1
469 568 1
868 906 1
139 662 1
74 711 1
248 313 1
575 856 1
68 135 1
802 974 1
504 911 1
14 426 1
458 598 1
560 717 1
56 358 1
835 885 1
70 228 1
13 704 1
406 671 1
447 712 1
414 570 1
15 48 1
468 642 1
20 76 1
92 248 1
716 740 1
33 94 1
374 687 1
582 794 1
226 675 1
201 235 1
61 520 1
179 251 1
284 426 1
595 698 1
276 876 1
27 86 1
28 847 1
243 263 1
373 375 1
589 681 1
727 753 1
418 816 1
40 281 1
434 586 1
316 510 1
76 994 1
448 974 1
852 912 1
60 473 1
128 914 1
23 36 1
290 584 1
498 925 1
847 876 1
77 119 1
75 265 1
68 98 1
78 867 1
166 570 1
465 551 1
485 920 1
22 361 1
483 661 1
618 915 1
274 746 1
33 993 1
77 458 1
6 175 1
26 360 1
164 763 1
446 681 1
11 781 1
658 664 1
3 22 1
491 521 1
718 912 1
299 831 1
446 638 1
168 367 1
73 787 1
285 560 1
230 247 1
373 754 1
64 314 1
9 517 1
403 739 1
24 324 1
187 531 1
167 991 1
445 828 1
348 482 1
237 417 1
30 51 1
369 808 1
264 739 1
88 646 1
91 966 1
727 797 1
649 653 1
193 472 1
86 398 1
427 744 1
491 619 1
94 114 1
76 138 1
93 127 1
68 573 1
848 995 1
205 818 1
935 948 1
454 481 1
60 446 1
33 839 1
302 553 1
685 721 1
419 704 1
614 774 1
209 779 1
58 213 1
230 547 1
424 635 1
313 358 1
672 915 1
172 460 1
397 880 1
100 882 1
360 786 1
208 604 1
322 928 1
134 379 1
523 936 1
173 350 1
24 78 1
81 668 1
45 392 1
120 650 1
130 444 1
63 571 1
203 307 1
213 962 1
149 951 1
583 673 1
363 378 1
688 752 1
190 407 1
144 229 1
212 872 1
30 80 1
85 440 1
477 492 1
233 398 1
10 707 1
323 837 1
844 988 1
409 525 1
861 899 1
148 796 1
74 593 1
196 420 1
180 938 1
101 803 1
425 925 1
650 964 1
360 574 1
446 975 1
413 985 1
126 912 1
86 457 1
232 374 1
218 287 1
21 725 1
188 600 1
385 789 1
222 778 1
636 999 1
279 503 1
774 792 1
108 309 1
6 74 1
496 762 1
19 898 1
346 604 1
93 605 1
177 262 1
119 545 1
115 804 1
24 492 1
133 152 1
323 749 1
176 722 1
141 794 1
172 452 1
251 310 1
82 227 1
578 859 1
363 839 1
28 488 1
80 112 1
339 480 1
42 254 1
97 101 1
492 534 1
214 830 1
363 826 1
332 790 1
696 731 1
739 903 1
263 819 1
54 205 1
153 660 1
57 420 1
158 909 1
467 682 1
125 198 1
227 812 1
809 918 1
22 277 1
41 984 1
121 669 1
26 643 1
34 891 1
298 630 1
281 709 1
284 654 1
301 764 1
133 462 1
376 897 1
387 819 1
419 550 1
247 968 1
133 518 1
119 352 1
75 267 1
188 820 1
669 793 1
344 619 1
447 981 1
518 568 1
578 902 1
80 140 1
110 337 1
127 941 1
6 722 1
170 357 1
82 779 1
96 761 1
28 615 1
169 256 1
555 645 1
243 834 1
656 687 1
287 800 1
524 640 1
17 295 1
21 177 1
392 572 1
185 898 1
158 607 1
712 757 1
376 784 1
339 955 1
581 970 1
531 895 1
174 196 1
709 807 1
477 542 1
44 910 1
190 384 1
13 914 1
20 34 1
302 412 1
32 906 1
711 990 1
100 530 1
381 512 1
552 923 1
45 703 1
398 806 1
290 551 1
492 917 1
21 26 1
85 624 1
676 948 1
106 356 1
413 945 1
347 396 1
193 313 1
682 690 1
855 989 1
147 268 1
35 316 1
171 528 1
15 638 1
9 12 1
109 778 1
96 381 1
351 875 1
94 185 1
81 145 1
423 827 1
138 904 1
84 145 1
415 503 1
218 605 1
83 789 1
184 592 1
162 751 1
126 380 1
706 771 1
702 795 1
599 710 1
153 555 1
445 609 1
383 450 1
400 401 1
892 974 1
723 842 1
421 688 1
298 689 1
185 872 1
419 442 1
274 459 1
733 868 1
409 577 1
14 185 1
31 557 1
188 845 1
2 38 1
31 46 1
180 386 1
534 541 1
635 978 1
456 730 1
48 630 1
331 535 1
52 241 1
418 451 1
113 622 1
437 476 1
119 276 1
36 247 1
622 972 1
76 156 1
360 892 1
31 493 1
19 391 1
338 602 1
471 873 1
295 322 1
325 687 1
615 724 1
555 875 1
59 113 1
342 467 1
790 963 1
104 682 1
267 388 1
492 958 1
209 355 1
292 687 1
28 341 1
942 983 1
247 266 1
937 971 1
603 891 1
75 135 1
8 9 1
979 998 1
139 159 1
305 497 1
230 440 1
178 427 1
325 719 1
513 585 1
438 700 1
446 591 1
51 618 1
123 694 1
543 808 1
303 690 1
54 538 1
159 674 1
202 602 1
222 223 1
56 856 1
26 578 1
310 433 1
77 284 1
29 82 1
37 230 1
672 722 1
508 774 1
240 502 1
452 874 1
66 71 1
242 743 1
43 849 1
273 683 1
234 554 1
685 805 1
110 146 1
105 144 1
580 805 1
311 883 1
707 848 1
516 625 1
587 802 1
117 528 1
139 181 1
796 974 1
33 669 1
204 377 1
251 712 1
414 549 1
462 870 1
274 315 1
98 202 1
17 266 1
252 902 1
42 716 1
326 980 1
414 916 1
85 806 1
79 364 1
118 838 1
233 300 1
96 691 1
147 187 1
145 665 1
79 371 1
525 558 1
174 612 1
206 925 1
660 956 1
516 623 1
761 957 1
47 88 1
2 97 1
2 4 1
890 970 1
37 520 1
403 583 1
398 705 1
180 222 1
283 485 1
143 943 1
26 290 1
664 792 1
229 615 1
264 937 1
470 740 1
352 381 1
52 298 1
935 970 1
785 891 1
642 732 1
293 656 1
839 900 1
64 685 1
167 599 1
392 424 1
68 179 1
700 745 1
538 790 1
778 887 1
12 83 1
685 852 1
139 215 1
972 996 1
665 717 1
942 967 1
481 496 1
21 81 1
21 298 1
404 871 1
4 223 1
468 926 1
295 486 1
145 272 1
554 592 1
129 227 1
236 436 1
187 738 1
281 619 1
75 97 1
30 79 1
17 611 1
452 508 1
351 491 1
142 503 1
39 45 1
370 641 1
57 391 1
20 177 1
193 258 1
315 465 1
614 743 1
49 57 1
302 726 1
601 735 1
217 418 1
150 277 1
201 927 1
11 50 1
1 617 1
678 728 1
232 544 1
689 746 1
40 924 1
278 589 1
425 506 1
712 851 1
154 743 1
369 402 1
483 814 1
395 470 1
203 221 1
369 522 1
467 627 1
60 137 1
591 609 1
599 673 1
264 474 1
115 229 1
790 863 1
603 984 1
543 841 1
175 906 1
360 757 1
186 274 1
479 716 1
423 460 1
75 150 1
74 863 1
269 583 1
221 792 1
12 493 1
318 905 1
1 122 1
31 94 1
775 846 1
711 869 1
174 337 1
510 703 1
257 678 1
468 834 1
98 685 1
184 984 1
384 670 1
100 944 1
449 905 1
127 278 1
378 693 1
406 978 1
130 171 1
198 569 1
267 288 1
34 415 1
398 873 1
11 405 1
147 734 1
816 924 1
457 533 1
274 460 1
227 432 1
17 154 1
329 470 1
538 871 1
4 19 1
11 91 1
193 238 1
56 505 1
515 567 1
33 364 1
778 801 1
188 408 1
453 484 1
357 574 1
567 845 1
276 787 1
229 305 1
83 139 1
12 574 1
36 692 1
815 966 1
49 390 1
164 266 1
271 661 1
179 330 1
6 29 1
346 871 1
61 292 1
632 978 1
399 427 1
94 374 1
444 687 1
197 333 1
716 724 1
348 780 1
152 995 1
55 106 1
263 804 1
5 39 1
178 786 1
661 918 1
329 802 1
240 855 1
95 639 1
80 168 1
5 28 1
454 937 1
474 988 1
695 797 1
94 123 1
278 328 1
349 421 1
756 999 1
304 923 1
373 674 1
36 440 1
305 410 1
183 836 1
62 480 1
21 61 1
57 240 1
203 477 1
299 576 1
542 740 1
23 264 1
186 471 1
36 47 1
54 453 1
105 562 1
400 759 1
737 955 1
345 425 1
636 918 1
515 852 1
81 702 1
419 922 1
482 720 1
295 661 1
463 578 1
92 361 1
811 933 1
77 865 1
332 582 1
496 680 1
225 879 1
230 321 1
539 585 1
274 318 1
114 182 1
6 811 1
332 630 1
278 557 1
414 468 1
846 953 1
41 518 1
108 184 1
843 939 1
575 860 1
62 503 1
454 567 1
570 839 1
273 431 1
274 704 1
25 114 1
413 702 1
297 774 1
62 369 1
36 368 1
305 835 1
182 592 1
388 401 1
318 532 1
270 743 1
133 258 1
122 153 1
430 550 1
26 355 1
652 900 1
339 908 1
97 565 1
285 362 1
54 331 1
467 628 1
156 166 1
295 770 1
228 422 1
110 924 1
384 824 1
636 973 1
121 174 1
125 892 1
214 238 1
97 770 1
36 669 1
454 659 1
233 335 1
250 339 1
199 229 1
359 900 1
117 479 1
252 986 1
418 437 1
144 516 1
466 798 1
68 93 1
146 383 1
184 821 1
29 538 1
399 748 1
70 369 1
109 866 1
75 163 1
14 43 1
172 209 1
222 309 1
64 203 1
106 508 1
171 468 1
852 901 1
185 558 1
254 744 1
915 969 1
94 217 1
276 445 1
352 466 1
594 603 1
63 473 1
457 730 1
35 131 1
196 972 1
11 15 1
781 934 1
86 595 1
2 31 1
278 829 1
114 471 1
413 416 1
50 231 1
169 682 1
185 616 1
180 915 1
72 204 1
52 96 1
242 447 1
149 199 1
328 577 1
188 322 1
70 300 1
218 820 1
116 637 1
74 186 1
150 714 1
29 54 1
715 995 1
16 540 1
152 962 1
149 724 1
88 289 1
166 239 1
667 782 1
164 561 1
2 41 1
497 618 1
102 230 1
141 356 1
2 319 1
146 597 1
110 343 1
1 35 1
414 719 1
4 7 1
155 612 1
40 264 1
89 634 1
245 748 1
56 822 1
254 469 1
410 923 1
129 438 1
110 894 1
99 657 1
632 815 1
513 920 1
432 802 1
115 232 1
547 619 1
616 905 1
218 566 1
21 24 1
144 374 1
26 32 1
3 449 1
185 320 1
850 914 1
68 900 1
659 976 1
213 418 1
279 374 1
109 872 1
32 689 1
836 853 1
505 764 1
329 423 1
247 629 1
307 400 1
327 454 1
458 636 1
207 540 1
155 302 1
50 147 1
139 818 1
229 400 1
221 867 1
177 245 1
464 639 1
604 742 1
67 85 1
427 561 1
480 846 1
55 256 1
16 300 1
115 982 1
376 510 1
813 947 1
82 246 1
421 718 1
97 662 1
529 720 1
6 80 1
465 712 1
475 501 1
426 939 1
30 705 1
292 469 1
748 793 1
291 753 1
58 332 1
406 920 1
357 739 1
196 646 1
33 706 1
314 390 1
464 473 1
222 232 1
317 510 1
154 171 1
118 125 1
345 632 1
281 601 1
72 953 1
262 340 1
378 704 1
47 53 1
8 746 1
851 930 1
37 919 1
74 353 1
109 359 1
579 906 1
89 441 1
491 614 1
391 969 1
333 448 1
118 170 1
50 90 1
21 167 1
41 304 1
337 454 1
374 527 1
153 303 1
55 58 1
138 226 1
18 367 1
446 463 1
455 793 1
263 734 1
76 221 1
327 836 1
421 474 1
344 777 1
238 497 1
257 538 1
9 59 1
543 771 1
3 773 1
62 511 1
113 249 1
55 349 1
234 960 1
324 340 1
632 974 1
286 663 1
277 881 1
22 92 1
331 403 1
69 124 1
694 774 1
110 342 1
160 280 1
656 987 1
165 737 1
300 586 1
6 11 1
528 596 1
27 750 1
158 183 1
38 44 1
484 498 1
119 189 1
249 859 1
143 169 1
213 312 1
474 569 1
614 966 1
720 769 1
393 990 1
7 488 1
143 588 1
289 557 1
212 781 1
127 883 1
100 440 1
130 131 1
672 832 1
537 977 1
463 553 1
626 850 1
8 13 1
106 679 1
405 917 1
445 581 1
195 962 1
166 878 1
45 173 1
118 648 1
94 244 1
363 509 1
89 226 1
60 475 1
339 359 1
7 979 1
541 873 1
5 23 1
119 143 1
34 486 1
32 664 1
703 735 1
351 404 1
202 884 1
196 331 1
270 446 1
208 225 1
683 893 1
87 291 1
227 525 1
91 366 1
287 430 1
229 529 1
10 826 1
388 620 1
697 849 1
267 416 1
588 791 1
14 33 1
304 507 1
169 350 1
221 237 1
1 3 1
648 675 1
17 931 1
375 679 1
16 20 1
594 674 1
650 994 1
484 617 1
414 537 1
278 545 1
95 835 1
256 283 1
456 992 1
76 392 1
116 282 1
226 842 1
379 484 1
788 956 1
324 780 1
127 207 1
19 904 1
269 465 1
302 671 1
337 422 1
582 700 1
329 426 1
642 901 1
798 935 1
544 888 1
242 889 1
621 633 1
641 942 1
822 920 1
401 859 1
708 893 1
923 975 1
321 357 1
970 986 1
133 308 1
342 631 1
516 889 1
322 686 1
260 603 1
739 786 1
42 275 1
114 199 1
84 86 1
71 964 1
357 728 1
407 817 1
335 901 1
77 195 1
48 67 1
181 613 1
489 563 1
668 895 1
783 917 1
101 389 1
107 717 1
180 927 1
157 162 1
652 938 1
737 986 1
502 848 1
53 736 1
383 933 1
686 858 1
632 752 1
22 855 1
118 509 1
133 160 1
297 704 1
259 509 1
97 172 1
7 14 1
534 901 1
60 260 1
228 513 1
246 476 1
65 165 1
74 745 1
732 968 1
249 575 1
68 73 1
467 785 1
862 912 1
125 829 1
624 677 1
366 837 1
197 661 1
630 653 1
105 612 1
89 136 1
651 803 1
468 701 1
633 963 1
963 996 1
268 496 1
818 878 1
303 478 1
63 243 1
308 568 1
106 311 1
355 752 1
337 740 1
377 584 1
234 278 1
77 652 1
761 922 1
590 728 1
11 858 1
322 707 1
456 815 1
77 594 1
137 756 1
280 541 1
789 813 1
1 2 1
3 21 1
8 523 1
227 693 1
140 202 1
407 775 1
146 228 1
282 832 1
476 851 1
760 890 1
608 884 1
535 883 1
201 376 1
251 575 1
30 874 1
196 236 1
146 959 1
41 930 1
281 970 1
638 706 1
11 514 1
265 516 1
745 769 1
152 155 1
529 847 1
354 414 1
27 176 1
138 253 1
90 102 1
294 965 1
473 483 1
284 577 1
6 495 1
3 103 1
785 874 1
6 52 1
24 439 1
41 576 1
413 620 1
557 631 1
589 660 1
313 545 1
248 776 1
525 629 1
218 377 1
162 801 1
362 363 1
30 695 1
407 928 1
300 356 1
436 818 1
612 919 1
684 824 1
131 825 1
38 194 1
90 589 1
477 487 1
171 323 1
184 351 1
818 885 1
220 566 1
430 642 1
732 736 1
27 115 1
304 766 1
301 520 1
270 952 1
261 980 1
162 777 1
349 455 1
284 810 1
135 733 1
117 821 1
673 700 1
87 109 1
543 715 1
5 269 1
394 609 1
65 514 1
209 650 1
19 180 1
18 177 1
755 929 1
501 632 1
672 757 1
202 842 1
332 863 1
271 459 1
175 602 1
496 814 1
105 190 1
234 671 1
413 882 1
777 920 1
236 822 1
106 207 1
52 62 1
222 542 1
13 63 1
775 977 1
582 697 1
54 118 1
532 783 1
634 997 1
282 990 1
253 701 1
19 560 1
318 590 1
179 867 1
729 955 1
439 878 1
264 757 1
631 853 1
744 855 1
814 981 1
606 658 1
41 56 1
311 456 1
22 379 1
159 346 1
413 532 1
86 212 1
12 27 1
768 988 1
1 72 1
279 291 1
295 464 1
748 940 1
282 841 1
155 289 1
568 907 1
37 206 1
327 651 1
55 626 1
369 714 1
507 660 1
519 773 1
578 698 1
492 644 1
70 100 1
196 831 1
224 309 1
637 765 1
128 754 1
266 373 1
540 843 1
373 411 1
253 398 1
42 661 1
702 778 1
58 111 1
33 318 1
330 473 1
243 581 1
285 450 1
361 706 1
105 624 1
507 755 1
141 953 1
65 599 1
203 383 1
303 529 1
816 930 1
167 201 1
78 120 1
223 434 1
271 680 1
62 282 1
704 781 1
127 693 1
52 433 1
289 325 1
115 412 1
543 864 1
81 459 1
50 378 1
143 844 1
2 5 1
395 432 1
51 584 1
104 787 1
23 156 1
574 601 1
614 796 1
699 814 1
11 716 1
125 142 1
480 619 1
179 891 1
615 882 1
536 783 1
343 692 1
273 500 1
849 937 1
47 655 1
10 712 1
24 962 1
51 164 1
117 354 1
450 741 1
42 49 1
8 872 1
142 943 1
301 991 1
465 549 1
96 587 1
361 654 1
437 970 1
551 751 1
931 958 1
423 709 1
197 414 1
273 625 1
632 936 1
197 220 1
296 422 1
472 850 1
224 563 1
85 877 1
198 756 1
37 674 1
481 996 1
656 933 1
71 638 1
142 736 1
362 763 1
9 250 1
420 650 1
160 385 1
68 953 1
74 270 1
28 409 1
163 211 1
131 785 1
462 710 1
268 670 1
410 611 1
167 845 1
42 333 1
132 969 1
77 218 1
79 427 1
375 499 1
445 835 1
249 494 1
449 903 1
119 158 1
73 347 1
131 141 1
144 399 1
725 802 1
508 602 1
679 857 1
68 95 1
195 353 1
92 913 1
379 912 1
451 980 1
187 667 1
394 739 1
122 935 1
92 93 1
24 215 1
666 913 1
368 406 1
409 576 1
558 970 1
93 107 1
183 857 1
31 820 1
68 128 1
248 271 1
60 900 1
193 689 1
500 571 1
174 329 1
4 18 1
125 933 1
168 245 1
327 508 1
96 825 1
537 805 1
789 816 1
152 616 1
103 432 1
755 773 1
283 772 1
435 943 1
158 538 1
78 729 1
260 922 1
27 66 1
217 551 1
156 387 1
875 914 1
142 389 1
296 557 1
440 810 1
116 743 1
44 466 1
293 911 1
91 678 1
422 932 1
256 774 1
182 929 1
747 921 1
29 296 1
767 938 1
24 42 1
590 649 1
63 715 1
158 729 1
614 765 1
274 879 1
282 515 1
420 762 1
162 479 1
254 299 1
37 559 1
503 838 1
58 84 1
892 954 1
188 965 1
3 149 1
431 854 1
246 929 1
15 224 1
153 190 1
516 934 1
730 908 1
710 847 1
206 319 1
539 674 1
194 332 1
472 787 1
366 749 1
5 68 1
19 89 1
302 668 1
469 536 1
119 433 1
639 764 1
104 885 1
724 954 1
491 951 1
769 800 1
111 729 1
94 252 1
352 564 1
256 279 1
356 552 1
671 817 1
22 788 1
143 487 1
50 219 1
624 765 1
749 820 1
453 982 1
668 853 1
309 372 1
84 311 1
308 407 1
105 922 1
277 438 1
700 962 1
13 70 1
335 336 1
381 606 1
591 702 1
5 135 1
216 923 1
261 791 1
60 628 1
71 921 1
109 173 1
112 233 1
269 977 1
154 519 1
354 486 1
44 745 1
103 739 1
249 760 1
6 16 1
754 845 1
293 299 1
9 348 1
368 885 1
17 553 1
160 397 1
519 949 1
230 695 1
247 895 1
207 880 1
56 525 1
42 211 1
351 503 1
102 265 1
73 257 1
286 797 1
415 446 1
632 919 1
318 761 1
231 977 1
102 610 1
88 910 1
221 527 1
481 489 1
247 754 1
143 472 1
115 799 1
87 896 1
45 109 1
231 300 1
174 393 1
103 539 1
99 270 1
23 634 1
933 983 1
446 700 1
115 648 1
584 744 1
145 159 1
424 766 1
174 635 1
51 57 1
134 658 1
109 317 1
294 301 1
350 840 1
621 808 1
600 749 1
329 419 1
58 633 1
189 726 1
696 860 1
305 904 1
513 568 1
424 727 1
189 992 1
67 922 1
393 567 1
427 712 1
59 702 1
291 479 1
290 408 1
63 503 1
639 985 1
228 806 1
62 121 1
139 257 1
62 94 1
302 494 1
506 907 1
455 921 1
159 807 1
600 737 1
83 452 1
821 996 1
510 526 1
274 297 1
169 343 1
200 823 1
274 959 1
157 559 1
61 132 1
73 879 1
208 565 1
468 949 1
190 925 1
222 394 1
258 331 1
16 731 1
493 992 1
144 780 1
471 641 1
445 767 1
21 104 1
15 161 1
56 258 1
152 507 1
580 845 1
22 57 1
597 873 1
289 747 1
409 764 1
381 994 1
421 952 1
444 767 1
352 661 1
110 501 1
315 957 1
619 818 1
125 795 1
747 893 1
133 964 1
136 833 1
171 197 1
195 1000 1
31 4
749 4
926 3
234 1
541 4
852 2
984 1
136 2
831 5
708 2
11 4
885 5
401 5
578 3
376 1
734 1
235 5
824 4
753 5
923 1
851 3
970 5
427 4
313 3
967 4
457 4
148 5
733 3
420 2
944 1
879 4
580 2
310 3
790 1
840 4
571 3
88 5
22 2
444 3
368 1
720 1
483 1
48 2
366 3
950 1
80 5
850 2
788 3
323 3
396 4
637 2
233 5
49 2
684 4
231 1
730 1
71 5
535 4
343 1
573 3
813 5
663 4
556 4
399 2
713 1
347 5
875 2
307 1
628 3
991 1
703 3
430 5
28 1
644 3
367 4
608 3
989 1
590 2
678 4
622 1
719 2
645 2
949 5
168 1
606 5
249 5
295 4
105 4
214 2
583 1
237 4
996 2
298 4
597 4
936 4
504 1
447 1
57 1
122 1
725 2
178 5
724 3
611 2
766 4
467 5
833 5
206 4
549 5
464 3
163 4
290 4
286 3
935 1
771 2
486 2
550 3
817 2
448 4
886 5
538 2
676 5
976 4
9 3
414 5
797 5
775 1
151 4
354 3
746 1
479 2
627 4
320 4
205 5
431 3
117 4
697 2
157 3
621 4
149 1
539 4
559 1
908 4
346 2
759 5
277 1
827 2
921 4
371 2
476 2
800 1
744 4
135 3
564 4
514 4
635 4
876 2
500 2
245 4
299 4
727 5
761 2
191 5
764 3
543 2
631 5
153 1
763 3
787 2
100 1
64 3
918 5
46 4
44 1
272 4
193 3
832 3
599 1
176 4
665 4
129 4
929 2
783 4
735 4
646 3
82 2
294 1
990 4
199 4
769 2
63 3
303 1
555 5
370 2
643 3
570 5
104 5
341 3
489 4
526 2
261 5
68 1
342 2
502 5
306 1
955 2
845 1
859 2
707 5
623 1
677 4
408 2
453 5
531 3
551 3
640 4
26 3
871 5
243 5
808 1
948 2
113 2
693 2
805 5
861 4
404 5
576 5
219 3
241 5
330 2
282 1
956 4
568 4
388 1
425 5
411 2
93 5
493 2
896 2
762 1
834 1
738 4
815 3
473 4
858 3
878 1
953 2
548 1
351 4
791 3
187 5
390 4
814 2
361 1
268 1
600 4
613 1
722 1
179 2
942 5
667 3
488 5
686 3
266 1
35 1
979 3
216 1
747 3
262 2
653 2
537 3
395 4
469 4
449 4
34 4
13 5
468 3
584 4
893 4
864 4
723 2
841 4
554 1
630 3
334 2
497 5
208 4
85 5
165 2
807 3
314 4
997 3
699 3
177 1
379 1
595 1
325 4
649 1
632 4
301 1
902 1
855 5
273 3
930 5
79 4
812 2
384 2
369 2
624 1
128 3
167 2
328 4
562 2
897 4
961 5
934 1
387 4
709 4
737 3
830 4
490 1
951 2
862 1
345 4
779 2
461 3
239 2
894 4
124 3
572 3
877 4
417 3
977 4
405 2
164 3
196 2
475 4
714 4
993 3
959 3
907 1
511 2
558 1
978 4
130 2
596 2
501 2
409 4
758 2
400 1
619 2
847 4
315 1
914 5
846 4
393 4
821 3
441 4
335 5
901 5
280 4
432 1
326 2
869 2
925 1
592 2
182 1
269 3
958 3
650 4
407 2
980 4
760 2
285 3
986 2
210 3
250 3
998 2
348 3
992 3
355 3
658 5
188 3
291 4
604 2
498 2
947 3
397 1
931 5
482 4
661 4
515 2
524 3
380 2
773 2
692 5
981 1
322 5
91 1
254 5
147 3
293 1
705 2
536 4
190 1
52 5
913 4
385 1
682 4
51 3
647 2
615 2
72 5
271 1
333 3
65 1
946 4
941 5
742 4
442 2
777 3
194 2
895 2
107 1
691 3
889 4
706 1
38 4
95 1
67 1
919 3
495 4
410 1
689 1
690 1
402 4
225 2
381 1
212 5
523 4
585 3
750 2
275 4
781 5
316 3
8 5
240 5
145 1
629 2
466 3
319 2
963 3
244 4
126 2
972 2
480 4
365 2
922 3
528 5
607 3
957 4
112 2
533 1
496 1
92 2
510 5
776 3
837 2
854 5
260 5
459 5
161 1
680 3
561 5
530 1
86 2
891 4
166 1
246 5
670 3
868 4
238 3
465 4
909 3
252 1
655 2
823 2
134 4
255 1
364 4
754 1
512 1
443 4
881 1
339 3
910 2
522 5
192 2
150 4
973 4
263 1
