1000 2000 500 426
10 391 1
130 131 1
123 694 1
136 847 1
62 369 1
161 883 1
20 25 1
623 805 1
273 896 1
579 906 1
236 658 1
258 385 1
65 599 1
94 114 1
127 693 1
56 77 1
125 860 1
185 616 1
291 292 1
222 309 1
303 529 1
666 969 1
492 960 1
434 546 1
601 735 1
96 815 1
316 410 1
571 813 1
26 290 1
252 986 1
119 545 1
695 900 1
48 560 1
104 140 1
171 920 1
80 219 1
479 697 1
294 965 1
299 640 1
11 716 1
406 933 1
165 655 1
137 200 1
263 819 1
109 220 1
33 706 1
789 813 1
245 260 1
12 766 1
102 429 1
99 625 1
11 91 1
139 818 1
15 638 1
81 99 1
22 277 1
368 406 1
21 715 1
460 772 1
508 774 1
451 685 1
430 642 1
73 647 1
593 890 1
22 57 1
87 145 1
739 899 1
456 815 1
197 400 1
115 232 1
427 744 1
322 928 1
23 264 1
655 930 1
507 798 1
434 819 1
25 261 1
286 797 1
400 560 1
478 721 1
355 588 1
652 938 1
251 575 1
51 87 1
100 849 1
232 413 1
152 940 1
6 293 1
303 443 1
9 216 1
133 152 1
730 908 1
425 870 1
483 758 1
842 855 1
487 552 1
8 872 1
202 843 1
153 190 1
195 435 1
748 793 1
279 503 1
173 434 1
426 471 1
847 961 1
57 642 1
625 630 1
130 444 1
155 181 1
39 108 1
435 736 1
156 325 1
60 395 1
668 787 1
179 891 1
51 64 1
50 219 1
203 307 1
459 636 1
36 134 1
142 331 1
309 445 1
539 585 1
359 900 1
847 897 1
233 398 1
105 922 1
483 814 1
4 10 1
289 747 1
792 793 1
368 885 1
335 901 1
221 867 1
570 992 1
454 567 1
160 397 1
659 826 1
446 638 1
91 665 1
125 829 1
32 664 1
384 437 1
333 608 1
444 687 1
247 754 1
32 757 1
524 640 1
397 880 1
301 520 1
2 41 1
400 759 1
4 223 1
37 559 1
656 687 1
35 403 1
309 372 1
600 888 1
710 847 1
206 319 1
154 517 1
145 272 1
317 547 1
501 539 1
558 621 1
218 820 1
18 30 1
819 907 1
506 907 1
749 947 1
426 435 1
4 19 1
700 962 1
378 518 1
935 970 1
371 833 1
858 906 1
106 356 1
605 981 1
39 193 1
508 602 1
146 597 1
877 896 1
131 208 1
377 584 1
79 742 1
150 586 1
2 751 1
92 248 1
19 180 1
73 83 1
59 178 1
48 60 1
195 962 1
153 484 1
377 847 1
179 334 1
102 962 1
87 109 1
55 626 1
421 718 1
273 461 1
84 86 1
203 886 1
938 987 1
141 255 1
181 400 1
129 438 1
844 911 1
915 969 1
160 845 1
222 778 1
427 543 1
27 110 1
455 786 1
165 449 1
446 906 1
193 685 1
66 862 1
113 249 1
247 968 1
230 547 1
351 503 1
283 382 1
280 520 1
27 86 1
818 878 1
340 758 1
203 739 1
156 387 1
171 468 1
724 954 1
281 704 1
446 591 1
49 126 1
282 832 1
334 666 1
618 915 1
68 135 1
158 607 1
165 737 1
23 37 1
709 807 1
793 900 1
126 210 1
304 491 1
366 577 1
39 548 1
718 912 1
213 418 1
566 645 1
254 744 1
727 807 1
332 790 1
324 780 1
222 270 1
444 678 1
170 834 1
695 797 1
135 196 1
105 624 1
609 809 1
10 462 1
205 242 1
393 738 1
418 451 1
315 982 1
299 672 1
492 874 1
197 337 1
227 256 1
733 868 1
110 749 1
167 599 1
126 380 1
706 771 1
218 566 1
305 835 1
102 610 1
71 784 1
861 899 1
603 891 1
814 981 1
4 69 1
409 525 1
409 612 1
280 385 1
12 83 1
446 916 1
230 321 1
457 533 1
207 540 1
187 738 1
41 518 1
66 593 1
664 792 1
462 710 1
352 449 1
273 431 1
43 326 1
752 830 1
109 392 1
305 470 1
304 583 1
251 471 1
658 858 1
247 505 1
297 304 1
117 157 1
313 366 1
749 820 1
845 923 1
298 630 1
338 602 1
321 962 1
115 229 1
195 932 1
21 298 1
43 205 1
27 776 1
635 770 1
491 521 1
68 128 1
7 707 1
522 533 1
167 267 1
135 188 1
287 590 1
666 913 1
360 574 1
65 165 1
63 638 1
139 794 1
197 220 1
9 250 1
516 931 1
662 962 1
13 704 1
283 435 1
416 504 1
179 867 1
361 706 1
508 569 1
21 104 1
181 246 1
132 508 1
173 270 1
56 525 1
77 825 1
153 709 1
297 344 1
98 273 1
117 528 1
344 651 1
228 965 1
162 479 1
273 500 1
301 764 1
60 628 1
768 988 1
453 619 1
217 383 1
195 259 1
428 708 1
5 17 1
330 697 1
138 253 1
1 617 1
593 741 1
570 839 1
184 592 1
462 602 1
429 698 1
225 879 1
3 168 1
121 602 1
721 736 1
68 95 1
165 294 1
35 316 1
511 899 1
237 515 1
190 925 1
67 85 1
375 928 1
311 683 1
382 521 1
770 839 1
463 578 1
52 210 1
76 156 1
258 953 1
819 870 1
253 338 1
307 400 1
923 968 1
119 248 1
285 876 1
166 570 1
474 679 1
34 486 1
125 593 1
148 468 1
38 194 1
550 699 1
300 605 1
717 772 1
62 94 1
484 498 1
109 694 1
410 913 1
867 975 1
970 986 1
79 427 1
455 793 1
469 568 1
73 257 1
202 602 1
88 646 1
22 379 1
575 856 1
109 173 1
222 542 1
504 911 1
542 811 1
41 984 1
97 770 1
435 943 1
835 885 1
70 228 1
188 965 1
633 979 1
447 712 1
414 570 1
115 804 1
468 642 1
20 76 1
154 452 1
92 913 1
33 94 1
150 714 1
582 794 1
506 952 1
201 235 1
466 798 1
179 251 1
297 774 1
595 698 1
276 876 1
259 509 1
28 847 1
228 513 1
453 484 1
790 963 1
727 753 1
418 816 1
40 281 1
434 586 1
228 806 1
723 842 1
448 974 1
90 589 1
60 473 1
75 265 1
23 36 1
357 574 1
5 269 1
847 876 1
85 877 1
468 834 1
6 7 1
68 179 1
252 902 1
465 551 1
485 920 1
22 361 1
285 560 1
40 264 1
274 746 1
73 126 1
703 735 1
209 355 1
2 3 1
164 763 1
446 681 1
11 781 1
525 629 1
223 434 1
89 441 1
345 401 1
299 831 1
87 291 1
196 286 1
392 424 1
92 511 1
230 247 1
329 419 1
106 311 1
347 396 1
403 739 1
24 324 1
6 74 1
167 991 1
507 803 1
44 745 1
237 417 1
744 855 1
302 553 1
264 739 1
376 784 1
91 966 1
187 667 1
375 679 1
193 472 1
86 398 1
14 426 1
416 705 1
2 31 1
76 138 1
668 853 1
68 573 1
848 995 1
205 818 1
935 948 1
289 557 1
60 446 1
737 955 1
75 97 1
685 721 1
419 704 1
374 527 1
125 142 1
60 137 1
54 285 1
424 635 1
20 105 1
672 915 1
172 460 1
332 863 1
100 882 1
570 596 1
277 438 1
551 751 1
636 918 1
280 541 1
173 350 1
2 319 1
81 668 1
8 65 1
120 650 1
445 828 1
489 563 1
310 433 1
284 577 1
558 970 1
583 673 1
363 378 1
688 752 1
271 661 1
142 943 1
212 872 1
30 80 1
229 305 1
5 39 1
362 363 1
225 367 1
323 837 1
495 834 1
45 392 1
266 690 1
148 796 1
257 678 1
363 826 1
476 851 1
33 669 1
425 925 1
650 964 1
678 884 1
360 786 1
207 880 1
126 912 1
86 457 1
173 288 1
218 287 1
21 725 1
188 600 1
385 789 1
702 778 1
543 808 1
15 48 1
75 117 1
108 309 1
238 497 1
496 762 1
19 898 1
346 604 1
93 605 1
284 654 1
136 189 1
513 585 1
24 492 1
83 789 1
25 40 1
648 675 1
415 503 1
587 731 1
92 775 1
82 227 1
578 859 1
363 839 1
11 399 1
80 112 1
339 480 1
42 254 1
97 101 1
82 779 1
572 804 1
373 754 1
20 524 1
696 731 1
554 592 1
155 612 1
591 702 1
153 660 1
57 420 1
158 909 1
467 682 1
157 559 1
302 726 1
180 222 1
10 712 1
18 177 1
247 629 1
196 646 1
34 891 1
134 379 1
281 709 1
280 913 1
42 275 1
756 999 1
376 897 1
109 317 1
419 550 1
587 802 1
102 265 1
119 352 1
75 267 1
170 357 1
669 793 1
344 619 1
447 981 1
518 568 1
578 902 1
80 140 1
180 927 1
127 941 1
6 722 1
7 214 1
421 474 1
527 682 1
28 615 1
257 598 1
555 645 1
243 834 1
68 251 1
516 623 1
457 730 1
17 295 1
423 709 1
392 572 1
185 898 1
843 939 1
712 757 1
171 415 1
339 955 1
49 57 1
531 895 1
679 857 1
106 508 1
477 542 1
44 910 1
190 384 1
174 337 1
423 827 1
302 412 1
32 906 1
711 990 1
117 354 1
468 926 1
552 923 1
152 155 1
45 768 1
331 403 1
477 492 1
21 26 1
85 624 1
676 948 1
31 820 1
75 163 1
727 797 1
378 704 1
163 211 1
855 989 1
147 268 1
24 78 1
337 740 1
144 374 1
9 12 1
109 778 1
125 933 1
351 875 1
33 993 1
13 914 1
240 855 1
222 223 1
84 145 1
68 130 1
218 605 1
172 452 1
28 488 1
162 751 1
716 740 1
560 717 1
36 440 1
599 710 1
153 555 1
614 796 1
290 551 1
534 630 1
892 974 1
268 670 1
58 111 1
298 689 1
185 872 1
419 442 1
274 459 1
445 581 1
409 577 1
543 715 1
31 557 1
175 906 1
543 771 1
257 538 1
264 937 1
154 171 1
635 978 1
456 730 1
48 630 1
331 535 1
70 784 1
190 407 1
113 622 1
437 476 1
119 276 1
36 247 1
622 972 1
85 879 1
77 195 1
381 606 1
19 391 1
582 697 1
446 700 1
86 212 1
378 693 1
615 724 1
398 806 1
59 113 1
342 467 1
582 785 1
424 507 1
34 415 1
467 785 1
276 445 1
63 715 1
28 341 1
274 704 1
26 32 1
937 971 1
119 433 1
83 139 1
8 9 1
979 998 1
139 159 1
305 497 1
230 440 1
474 569 1
10 707 1
146 383 1
438 700 1
11 514 1
51 618 1
821 996 1
57 240 1
303 690 1
54 538 1
660 956 1
234 671 1
187 531 1
56 856 1
26 578 1
68 900 1
77 284 1
483 661 1
37 230 1
420 650 1
305 904 1
240 502 1
452 874 1
66 71 1
242 743 1
43 849 1
138 904 1
234 554 1
217 551 1
110 146 1
105 144 1
580 805 1
311 883 1
707 848 1
516 625 1
297 704 1
337 940 1
139 181 1
156 348 1
225 345 1
204 377 1
251 712 1
228 422 1
45 173 1
274 315 1
133 160 1
665 710 1
302 494 1
13 573 1
326 980 1
414 916 1
85 806 1
79 364 1
118 838 1
233 300 1
481 496 1
147 187 1
322 707 1
79 371 1
525 558 1
28 409 1
305 410 1
6 953 1
512 882 1
761 957 1
875 914 1
146 371 1
295 486 1
890 970 1
37 520 1
403 583 1
21 81 1
614 743 1
243 263 1
114 471 1
491 619 1
503 838 1
229 615 1
22 92 1
470 740 1
445 609 1
52 298 1
174 612 1
785 891 1
107 717 1
441 820 1
839 900 1
64 685 1
342 631 1
317 510 1
180 915 1
500 571 1
22 788 1
778 887 1
712 803 1
685 852 1
621 633 1
183 836 1
665 717 1
942 967 1
454 659 1
14 185 1
139 662 1
404 871 1
325 687 1
278 829 1
152 995 1
96 825 1
246 476 1
131 825 1
96 691 1
6 52 1
281 619 1
131 141 1
30 79 1
17 611 1
760 890 1
351 491 1
142 503 1
54 205 1
370 641 1
6 80 1
20 177 1
193 258 1
315 465 1
513 920 1
529 694 1
304 507 1
796 974 1
456 992 1
288 736 1
101 803 1
162 777 1
260 957 1
678 728 1
232 544 1
96 381 1
40 924 1
146 370 1
425 506 1
712 851 1
103 432 1
196 331 1
53 736 1
468 949 1
62 511 1
369 522 1
816 924 1
774 792 1
591 609 1
599 673 1
264 474 1
783 917 1
790 863 1
603 984 1
543 841 1
71 440 1
360 757 1
193 313 1
43 823 1
423 460 1
422 932 1
200 823 1
269 583 1
296 557 1
696 860 1
318 905 1
1 122 1
149 724 1
775 846 1
711 869 1
419 922 1
510 703 1
96 761 1
278 328 1
327 508 1
184 984 1
64 314 1
226 675 1
449 905 1
127 278 1
85 440 1
110 342 1
96 587 1
198 569 1
267 288 1
656 987 1
492 917 1
11 405 1
147 734 1
464 473 1
30 51 1
302 671 1
394 609 1
17 154 1
329 470 1
538 871 1
92 361 1
357 728 1
345 632 1
56 505 1
595 676 1
33 364 1
778 801 1
166 878 1
352 661 1
761 807 1
567 845 1
276 787 1
54 453 1
700 745 1
12 574 1
6 175 1
815 966 1
49 390 1
164 266 1
145 665 1
179 330 1
197 414 1
269 502 1
61 292 1
85 580 1
116 713 1
94 374 1
471 641 1
313 545 1
159 807 1
348 780 1
479 716 1
55 106 1
93 127 1
180 386 1
502 761 1
661 918 1
63 503 1
335 827 1
284 426 1
80 168 1
5 28 1
454 937 1
373 411 1
159 674 1
94 123 1
17 553 1
254 678 1
471 601 1
304 923 1
373 674 1
67 922 1
381 512 1
286 663 1
301 991 1
146 959 1
516 934 1
203 477 1
299 576 1
542 740 1
798 935 1
291 753 1
36 47 1
19 904 1
105 562 1
77 218 1
395 432 1
779 946 1
62 503 1
523 936 1
81 702 1
4 6 1
482 720 1
295 661 1
376 510 1
267 393 1
811 933 1
77 865 1
467 627 1
496 680 1
195 1000 1
74 711 1
498 925 1
321 579 1
114 182 1
771 794 1
81 145 1
278 557 1
456 986 1
431 854 1
492 534 1
108 184 1
376 650 1
575 860 1
751 985 1
374 687 1
27 66 1
868 906 1
20 34 1
343 424 1
234 960 1
441 517 1
458 598 1
36 368 1
98 685 1
182 592 1
388 401 1
318 532 1
270 743 1
414 537 1
122 153 1
430 550 1
328 577 1
652 900 1
339 908 1
97 565 1
285 362 1
263 734 1
152 616 1
156 166 1
295 770 1
221 792 1
74 593 1
486 606 1
636 973 1
121 174 1
125 892 1
440 810 1
314 390 1
36 669 1
273 876 1
632 978 1
250 339 1
199 229 1
89 136 1
117 479 1
154 451 1
418 437 1
144 516 1
346 882 1
68 93 1
732 736 1
184 821 1
29 538 1
196 420 1
20 23 1
109 866 1
3 22 1
295 322 1
172 209 1
617 988 1
206 925 1
254 672 1
104 787 1
240 257 1
41 56 1
302 784 1
74 353 1
94 217 1
3 21 1
352 466 1
862 912 1
445 767 1
109 133 1
35 131 1
196 972 1
311 456 1
150 277 1
100 530 1
329 426 1
406 978 1
630 653 1
413 416 1
50 231 1
278 589 1
796 999 1
70 369 1
104 682 1
52 96 1
369 402 1
149 199 1
302 668 1
188 322 1
471 873 1
781 934 1
116 637 1
74 186 1
36 692 1
29 54 1
715 995 1
16 540 1
154 743 1
526 711 1
88 289 1
166 239 1
426 985 1
164 561 1
141 794 1
177 262 1
102 230 1
141 356 1
373 375 1
675 861 1
110 343 1
1 35 1
414 719 1
57 391 1
213 962 1
676 920 1
89 634 1
245 748 1
160 385 1
302 509 1
410 923 1
37 206 1
126 573 1
99 657 1
632 815 1
118 125 1
432 802 1
536 783 1
144 229 1
651 863 1
277 881 1
21 24 1
158 538 1
632 974 1
355 752 1
185 320 1
850 914 1
767 938 1
659 976 1
270 952 1
279 374 1
133 964 1
32 689 1
836 853 1
505 764 1
180 938 1
195 353 1
614 966 1
327 454 1
125 198 1
109 872 1
155 302 1
50 147 1
309 741 1
229 400 1
271 459 1
177 245 1
464 639 1
604 742 1
533 638 1
427 561 1
480 846 1
360 892 1
16 300 1
115 982 1
449 903 1
292 687 1
270 446 1
3 614 1
74 270 1
529 720 1
155 289 1
7 14 1
407 775 1
227 693 1
383 933 1
292 469 1
716 724 1
60 475 1
58 332 1
406 920 1
357 739 1
199 306 1
186 274 1
247 895 1
133 782 1
222 232 1
236 436 1
227 384 1
658 664 1
539 763 1
281 601 1
209 779 1
262 340 1
689 746 1
47 53 1
528 596 1
851 930 1
37 919 1
699 814 1
109 359 1
54 118 1
185 558 1
491 614 1
391 969 1
333 448 1
118 170 1
50 90 1
21 167 1
41 304 1
337 454 1
589 681 1
153 303 1
58 213 1
138 226 1
281 970 1
446 463 1
233 335 1
639 985 1
76 221 1
287 800 1
267 416 1
344 777 1
256 774 1
27 750 1
16 327 1
515 852 1
3 773 1
11 15 1
31 94 1
55 349 1
452 508 1
390 923 1
349 421 1
568 907 1
274 318 1
174 635 1
217 418 1
8 523 1
694 774 1
394 739 1
160 280 1
63 473 1
45 147 1
300 586 1
6 11 1
248 313 1
81 950 1
465 712 1
38 44 1
803 996 1
119 189 1
218 377 1
143 169 1
213 312 1
393 990 1
256 318 1
720 769 1
65 514 1
7 488 1
143 588 1
106 207 1
212 781 1
127 883 1
100 440 1
384 505 1
672 832 1
537 977 1
463 553 1
626 850 1
8 13 1
818 885 1
702 795 1
52 241 1
68 98 1
170 354 1
400 401 1
29 82 1
94 244 1
363 509 1
89 226 1
42 49 1
339 359 1
7 979 1
541 873 1
5 23 1
119 143 1
816 930 1
26 355 1
18 367 1
351 404 1
202 884 1
152 962 1
17 266 1
102 436 1
274 460 1
748 940 1
817 885 1
91 366 1
287 430 1
229 529 1
10 826 1
462 798 1
697 849 1
258 331 1
1 55 1
14 33 1
323 749 1
169 350 1
221 237 1
64 203 1
168 367 1
17 931 1
55 58 1
16 20 1
581 970 1
77 458 1
484 617 1
308 519 1
278 545 1
95 835 1
256 283 1
384 824 1
266 373 1
42 333 1
226 842 1
379 484 1
24 215 1
454 481 1
127 207 1
472 850 1
269 465 1
497 618 1
337 422 1
582 700 1
116 282 1
642 901 1
52 62 1
117 821 1
133 308 1
236 822 1
304 503 1
822 920 1
421 688 1
708 893 1
923 975 1
321 357 1
143 943 1
268 496 1
290 584 1
516 889 1
53 116 1
169 256 1
329 802 1
109 594 1
114 199 1
788 956 1
105 612 1
77 594 1
197 333 1
265 428 1
236 448 1
48 67 1
399 427 1
401 859 1
668 895 1
612 919 1
101 389 1
26 643 1
5 135 1
157 162 1
282 990 1
737 986 1
91 869 1
169 682 1
7 8 1
686 858 1
632 752 1
22 855 1
14 43 1
1 4 1
22 234 1
406 671 1
62 480 1
413 702 1
375 499 1
60 260 1
376 528 1
134 235 1
7 75 1
74 745 1
273 683 1
324 340 1
68 73 1
274 879 1
6 811 1
383 450 1
624 677 1
366 837 1
197 661 1
465 549 1
68 953 1
685 805 1
651 803 1
468 701 1
633 963 1
963 996 1
369 808 1
38 129 1
303 478 1
63 243 1
308 568 1
221 527 1
846 953 1
732 968 1
282 841 1
234 278 1
440 784 1
761 922 1
204 284 1
650 994 1
345 425 1
313 358 1
24 439 1
137 756 1
95 639 1
555 875 1
1 2 1
227 812 1
87 896 1
332 630 1
140 202 1
51 57 1
146 228 1
54 331 1
8 746 1
441 499 1
608 884 1
535 883 1
201 376 1
39 45 1
30 874 1
196 236 1
176 722 1
41 930 1
346 871 1
11 50 1
97 172 1
642 732 1
745 769 1
852 912 1
529 847 1
354 414 1
189 992 1
251 310 1
90 102 1
12 493 1
473 483 1
115 799 1
6 495 1
3 103 1
785 874 1
515 567 1
156 738 1
208 604 1
413 620 1
557 631 1
677 773 1
267 658 1
248 776 1
42 661 1
739 903 1
162 801 1
242 447 1
30 695 1
208 225 1
649 653 1
436 818 1
195 222 1
684 824 1
683 893 1
274 959 1
398 705 1
70 100 1
171 323 1
184 351 1
56 822 1
220 566 1
283 772 1
672 722 1
27 115 1
304 766 1
86 595 1
30 705 1
261 980 1
477 487 1
349 455 1
284 810 1
135 733 1
188 845 1
673 700 1
75 135 1
295 464 1
211 338 1
316 510 1
75 150 1
209 650 1
2 765 1
27 375 1
755 929 1
594 674 1
672 757 1
202 842 1
227 432 1
42 716 1
175 602 1
496 814 1
33 839 1
31 46 1
260 603 1
777 920 1
614 774 1
398 873 1
186 471 1
407 817 1
13 63 1
775 977 1
261 791 1
72 953 1
532 783 1
634 997 1
332 582 1
253 701 1
19 560 1
318 590 1
178 786 1
729 955 1
47 88 1
264 757 1
631 853 1
413 985 1
549 561 1
606 658 1
118 648 1
136 833 1
60 900 1
159 346 1
413 532 1
168 245 1
12 27 1
82 246 1
1 72 1
279 291 1
462 870 1
45 703 1
193 238 1
129 151 1
638 706 1
9 517 1
327 651 1
196 831 1
369 714 1
507 660 1
519 773 1
578 698 1
265 516 1
178 191 1
849 865 1
224 309 1
637 765 1
174 196 1
133 518 1
540 843 1
214 238 1
76 994 1
20 148 1
174 393 1
293 911 1
33 318 1
330 473 1
243 581 1
285 450 1
802 974 1
439 878 1
146 713 1
136 838 1
519 949 1
203 383 1
9 348 1
352 381 1
167 201 1
501 632 1
31 493 1
271 680 1
62 282 1
704 781 1
300 356 1
52 433 1
289 325 1
115 412 1
543 864 1
81 459 1
50 378 1
143 844 1
513 975 1
169 498 1
51 584 1
97 662 1
115 648 1
574 601 1
26 360 1
722 798 1
327 836 1
319 416 1
480 619 1
6 29 1
615 882 1
474 988 1
343 692 1
129 227 1
849 937 1
47 655 1
69 124 1
24 962 1
51 164 1
231 977 1
852 901 1
407 928 1
405 917 1
399 748 1
74 863 1
110 501 1
70 300 1
361 654 1
437 970 1
335 336 1
931 958 1
392 871 1
465 723 1
273 625 1
632 936 1
78 120 1
296 422 1
232 374 1
224 563 1
61 520 1
198 756 1
37 674 1
481 996 1
656 933 1
214 830 1
142 736 1
362 763 1
263 804 1
534 901 1
105 190 1
387 819 1
942 983 1
1 684 1
329 423 1
131 785 1
208 565 1
492 644 1
410 611 1
167 845 1
1 624 1
132 969 1
636 999 1
58 633 1
92 556 1
445 835 1
249 494 1
133 258 1
119 158 1
73 347 1
11 858 1
144 399 1
413 945 1
450 741 1
161 257 1
322 686 1
2 38 1
253 336 1
379 912 1
451 980 1
458 636 1
569 1000 1
122 935 1
92 93 1
427 712 1
414 549 1
667 782 1
409 576 1
414 468 1
118 509 1
183 857 1
27 176 1
587 873 1
395 470 1
538 790 1
169 332 1
325 719 1
174 329 1
4 18 1
616 905 1
106 679 1
246 929 1
527 746 1
537 805 1
789 816 1
44 489 1
141 953 1
755 773 1
249 859 1
133 462 1
77 119 1
78 729 1
260 922 1
502 848 1
188 408 1
77 652 1
169 343 1
142 389 1
145 159 1
41 576 1
116 743 1
44 466 1
813 947 1
193 689 1
624 765 1
293 656 1
182 929 1
294 301 1
29 296 1
475 501 1
24 42 1
590 649 1
507 755 1
158 729 1
614 765 1
91 678 1
282 515 1
420 762 1
171 528 1
254 299 1
499 733 1
739 786 1
58 84 1
892 954 1
128 914 1
3 149 1
313 490 1
121 669 1
15 224 1
187 561 1
3 449 1
247 266 1
972 996 1
446 975 1
539 674 1
194 332 1
472 787 1
366 749 1
5 68 1
19 89 1
844 988 1
469 536 1
682 690 1
639 764 1
104 885 1
63 571 1
491 951 1
769 800 1
111 729 1
94 252 1
352 564 1
256 279 1
356 552 1
158 183 1
588 791 1
143 487 1
283 485 1
4 5 1
138 932 1
453 982 1
73 787 1
308 407 1
84 311 1
809 918 1
130 192 1
527 842 1
110 337 1
13 70 1
21 177 1
178 427 1
56 358 1
139 215 1
216 923 1
534 541 1
747 921 1
71 921 1
71 964 1
112 233 1
269 977 1
154 519 1
227 525 1
368 955 1
103 739 1
249 760 1
6 16 1
754 845 1
293 299 1
201 927 1
242 889 1
110 924 1
589 660 1
130 171 1
230 695 1
362 696 1
23 156 1
249 575 1
42 211 1
128 754 1
725 802 1
267 388 1
188 820 1
415 446 1
149 951 1
318 761 1
94 185 1
632 919 1
88 910 1
348 482 1
481 489 1
9 59 1
143 472 1
254 469 1
354 486 1
45 109 1
231 300 1
55 256 1
103 539 1
99 270 1
23 634 1
933 983 1
110 894 1
2 97 1
584 744 1
384 670 1
424 766 1
156 172 1
641 942 1
134 658 1
93 107 1
71 638 1
350 840 1
621 808 1
600 749 1
611 626 1
747 886 1
189 726 1
76 392 1
100 944 1
513 568 1
424 727 1
467 628 1
251 365 1
393 567 1
21 61 1
59 702 1
291 479 1
290 408 1
253 398 1
480 812 1
98 202 1
62 121 1
139 257 1
453 882 1
181 613 1
759 828 1
455 921 1
590 728 1
600 737 1
83 452 1
388 620 1
510 526 1
274 297 1
426 939 1
671 817 1
726 860 1
88 954 1
61 132 1
73 879 1
203 221 1
25 114 1
693 759 1
222 394 1
72 204 1
16 731 1
493 992 1
144 780 1
394 421 1
454 587 1
78 867 1
15 161 1
56 258 1
152 507 1
580 845 1
413 882 1
597 873 1
544 888 1
409 764 1
381 994 1
421 952 1
444 767 1
594 603 1
547 619 1
315 957 1
619 818 1
125 795 1
747 893 1
248 271 1
519 714 1
171 197 1
492 958 1
226 4
302 4
623 3
490 1
950 4
964 2
112 1
790 2
881 5
161 2
927 4
762 5
893 5
48 3
289 1
272 1
181 5
948 4
275 5
535 1
183 3
166 5
767 4
492 3
387 4
585 4
247 5
441 3
340 2
496 1
693 4
857 2
225 3
386 1
580 4
779 3
878 5
805 2
342 3
323 1
812 1
737 1
234 2
610 3
245 1
477 5
906 2
671 3
911 3
571 4
923 2
298 5
728 2
219 4
241 1
50 1
362 5
405 4
626 1
489 3
176 5
946 4
231 4
991 2
934 1
299 5
679 2
918 1
855 3
631 1
684 3
324 5
661 1
45 3
452 4
528 3
763 1
133 2
565 4
908 1
537 2
118 2
552 5
852 1
960 5
992 5
560 4
277 4
484 2
160 1
403 4
748 2
935 4
401 4
747 4
617 1
729 1
421 1
168 1
344 2
999 5
885 3
513 2
829 4
928 5
606 5
373 4
263 5
871 3
516 4
450 4
482 3
963 1
553 2
443 2
969 3
461 2
649 4
800 5
957 2
120 5
692 4
349 3
814 5
789 5
311 1
307 4
530 3
63 1
501 2
949 4
608 4
971 5
151 3
396 4
913 2
345 3
634 4
167 1
312 4
37 1
568 4
206 2
663 5
27 1
874 2
921 4
154 2
664 2
995 1
456 4
564 3
44 4
308 4
517 4
769 2
925 2
254 4
51 4
164 5
481 2
531 5
300 3
841 2
742 5
897 1
683 3
332 2
90 1
973 3
438 5
463 4
385 1
572 4
815 3
961 3
630 1
984 4
165 4
766 4
522 2
559 4
145 4
519 3
792 2
49 1
445 4
804 4
520 2
966 3
129 1
910 5
536 2
292 3
500 5
581 5
758 3
455 4
198 2
136 5
579 1
883 2
816 5
997 1
780 2
368 1
677 2
341 5
255 1
132 4
681 2
137 5
268 3
604 3
813 4
547 3
316 5
650 5
235 1
407 2
715 2
498 2
799 5
645 4
756 5
457 5
240 3
958 5
640 2
428 1
191 4
912 4
773 1
599 5
35 2
439 5
798 2
333 2
989 1
285 1
89 4
327 3
379 4
211 3
437 1
336 2
187 1
88 4
868 3
840 5
759 4
916 2
429 1
411 1
294 4
583 1
887 1
668 2
947 5
832 3
660 5
817 3
665 1
381 1
555 3
563 1
864 3
899 2
417 2
469 3
589 4
64 4
446 4
794 4
415 5
355 3
474 4
18 4
734 4
821 2
719 4
425 1
618 3
434 2
894 5
691 4
339 5
698 2
266 3
667 4
876 3
861 3
491 1
710 1
625 1
449 4
506 1
889 4
451 1
627 1
354 5
69 3
84 5
629 4
614 2
901 2
936 2
57 1
862 3
890 2
436 4
956 2
367 4
680 5
356 1
87 4
607 4
753 3
624 4
833 1
655 2
596 1
124 4
392 2
670 3
895 2
941 4
104 3
611 3
886 4
828 3
824 4
325 2
690 3
216 2
788 4
988 4
578 3
384 3
877 1
70 2
30 1
678 4
659 2
314 2
896 2
595 4
402 2
797 1
658 2
508 4
82 1
201 5
243 4
250 4
515 3
42 4
875 5
648 5
303 4
682 1
880 2
372 2
718 1
845 2
917 1
466 3
510 3
866 4
556 2
106 4
414 2
944 3
15 2
644 3
688 3
854 2
850 3
689 3
317 3
468 5
296 3
193 4
903 2
343 2
657 3
752 1
676 5
546 4
170 4
134 2
714 3
404 2
350 2
776 5
215 1
775 5
637 1
786 5
122 3
108 1
502 2
675 4
768 1
66 5
609 4
701 1
291 4
808 3
686 2
408 2
673 5
952 1
739 3
262 1
390 4
538 5
926 4
237 2
351 3
548 2
431 2
965 1
526 3
376 4
190 1
61 4
622 1
613 1
159 3
915 4
499 1
909 1
809 1
955 4
750 2
869 1
628 5
111 4
380 3
518 2
26 4
838 5
375 3
224 5
977 5
858 1
338 2
99 3
727 2
870 3
483 4
656 2
708 2
348 4
888 2
203 3
406 5
982 3
653 4
782 2
562 1
533 1
741 2
954 5
743 3
976 2
907 5
58 5
304 5
514 1
730 3
853 5
836 1
834 2
139 4
220 1
931 5
147 3
586 4
643 3
987 4
271 3
486 1
412 2
600 2
539 4
210 1
467 4
208 1
194 1
819 4
720 1
475 3
994 2
239 5
397 2
156 4
582 4
209 1
