1000 999 800 1
1 86 10000
444 445 10000
838 839 10000
99 100 10000
687 688 10000
1 998 10000
1 104 10000
536 537 10000
719 720 10000
159 160 10000
898 899 10000
8 9 10000
779 780 10000
40 41 10000
1 122 10000
628 629 10000
251 252 10000
477 478 10000
100 101 10000
132 133 10000
720 721 10000
569 570 10000
192 193 10000
41 42 10000
812 813 10000
1 872 10000
284 285 10000
872 873 10000
753 754 10000
1 890 10000
376 377 10000
14 15 10000
225 226 10000
74 75 10000
845 846 10000
468 469 10000
106 107 10000
694 695 10000
317 318 10000
1 728 10000
166 167 10000
15 16 10000
786 787 10000
47 48 10000
226 227 10000
1 746 10000
258 259 10000
846 847 10000
107 108 10000
878 879 10000
1 993 10000
318 319 10000
1 764 10000
350 351 10000
48 49 10000
442 443 10000
80 81 10000
291 292 10000
1 602 10000
879 880 10000
140 141 10000
351 352 10000
383 384 10000
1 620 10000
232 233 10000
820 821 10000
443 444 10000
81 82 10000
292 293 10000
324 325 10000
173 174 10000
1 458 10000
384 385 10000
22 23 10000
416 417 10000
233 234 10000
627 628 10000
1 476 10000
476 477 10000
114 115 10000
357 358 10000
1 494 10000
568 569 10000
206 207 10000
417 418 10000
1 979 10000
449 450 10000
266 267 10000
660 661 10000
298 299 10000
886 887 10000
1 988 10000
1 332 10000
147 148 10000
509 510 10000
1 997 10000
358 359 10000
390 391 10000
207 208 10000
1 350 10000
239 240 10000
450 451 10000
299 300 10000
693 694 10000
542 543 10000
1 188 10000
423 424 10000
240 241 10000
602 603 10000
634 635 10000
1 206 10000
483 484 10000
332 333 10000
364 365 10000
1 224 10000
575 576 10000
424 425 10000
635 636 10000
273 274 10000
516 517 10000
1 62 10000
365 366 10000
214 215 10000
608 609 10000
1 974 10000
1 80 10000
819 820 10000
1 983 10000
668 669 10000
306 307 10000
1 992 10000
549 550 10000
760 761 10000
398 399 10000
21 22 10000
609 610 10000
641 642 10000
852 853 10000
490 491 10000
113 114 10000
701 702 10000
339 340 10000
582 583 10000
1 848 10000
431 432 10000
54 55 10000
642 643 10000
752 753 10000
674 675 10000
1 866 10000
885 886 10000
146 147 10000
734 735 10000
615 616 10000
1 704 10000
826 827 10000
87 88 10000
675 676 10000
1 722 10000
1 960 10000
179 180 10000
767 768 10000
28 29 10000
616 617 10000
726 727 10000
1 740 10000
648 649 10000
1 969 10000
1 978 10000
88 89 10000
120 121 10000
708 709 10000
1 987 10000
557 558 10000
1 996 10000
180 181 10000
1 578 10000
29 30 10000
800 801 10000
272 273 10000
1 596 10000
892 893 10000
153 154 10000
741 742 10000
2 3 10000
590 591 10000
700 701 10000
213 214 10000
62 63 10000
833 834 10000
1 434 10000
94 95 10000
682 683 10000
305 306 10000
154 155 10000
1 452 10000
3 4 10000
774 775 10000
35 36 10000
623 624 10000
246 247 10000
1 470 10000
95 96 10000
866 867 10000
1 946 10000
338 339 10000
1 955 10000
1 964 10000
36 37 10000
1 308 10000
430 431 10000
68 69 10000
807 808 10000
1 973 10000
279 280 10000
1 982 10000
128 129 10000
1 326 10000
899 900 10000
160 161 10000
371 372 10000
707 708 10000
220 221 10000
69 70 10000
101 102 10000
1 164 10000
312 313 10000
161 162 10000
372 373 10000
10 11 10000
1 182 10000
404 405 10000
464 465 10000
102 103 10000
1 200 10000
345 346 10000
556 557 10000
194 195 10000
405 406 10000
1 38 10000
286 287 10000
1 941 10000
497 498 10000
135 136 10000
1 950 10000
1 56 10000
346 347 10000
378 379 10000
1 959 10000
227 228 10000
1 968 10000
438 439 10000
76 77 10000
287 288 10000
1 977 10000
530 531 10000
168 169 10000
489 490 10000
1 806 10000
622 623 10000
260 261 10000
471 472 10000
1 824 10000
320 321 10000
352 353 10000
563 564 10000
1 842 10000
412 413 10000
261 262 10000
293 294 10000
504 505 10000
353 354 10000
1 680 10000
596 597 10000
1 927 10000
1 698 10000
1 936 10000
294 295 10000
1 945 10000
537 538 10000
748 749 10000
386 387 10000
1 954 10000
9 10 10000
1 536 10000
1 963 10000
629 630 10000
840 841 10000
478 479 10000
689 690 10000
327 328 10000
437 438 10000
1 554 10000
570 571 10000
419 420 10000
1 572 10000
42 43 10000
268 269 10000
873 874 10000
134 135 10000
722 723 10000
360 361 10000
1 410 10000
681 682 10000
603 604 10000
814 815 10000
452 453 10000
75 76 10000
1 428 10000
411 412 10000
663 664 10000
773 774 10000
544 545 10000
755 756 10000
16 17 10000
714 715 10000
1 922 10000
1 266 10000
1 931 10000
108 109 10000
696 697 10000
806 807 10000
1 940 10000
1 284 10000
1 949 10000
788 789 10000
1 958 10000
1 302 10000
747 748 10000
729 730 10000
839 840 10000
688 689 10000
1 140 10000
201 202 10000
50 51 10000
821 822 10000
82 83 10000
670 671 10000
780 781 10000
1 158 10000
142 143 10000
762 763 10000
23 24 10000
234 235 10000
83 84 10000
854 855 10000
813 814 10000
326 327 10000
662 663 10000
1 14 10000
1 908 10000
1 917 10000
24 25 10000
795 796 10000
56 57 10000
644 645 10000
1 32 10000
267 268 10000
754 755 10000
1 926 10000
1 935 10000
116 117 10000
736 737 10000
1 944 10000
359 360 10000
695 696 10000
208 209 10000
57 58 10000
167 168 10000
828 829 10000
89 90 10000
300 301 10000
1 782 10000
636 637 10000
149 150 10000
30 31 10000
728 729 10000
1 800 10000
90 91 10000
200 201 10000
333 334 10000
669 670 10000
182 183 10000
1 638 10000
880 881 10000
141 142 10000
761 762 10000
274 275 10000
1 656 10000
485 486 10000
123 124 10000
1 903 10000
1 674 10000
1 912 10000
215 216 10000
426 427 10000
64 65 10000
174 175 10000
1 921 10000
1 930 10000
1 512 10000
156 157 10000
518 519 10000
1 939 10000
5 6 10000
1 530 10000
248 249 10000
610 611 10000
459 460 10000
418 419 10000
340 341 10000
551 552 10000
189 190 10000
887 888 10000
1 368 10000
400 401 10000
148 149 10000
510 511 10000
281 282 10000
1 386 10000
492 493 10000
1 404 10000
584 585 10000
222 223 10000
543 544 10000
392 393 10000
314 315 10000
525 526 10000
1 242 10000
861 862 10000
374 375 10000
122 123 10000
484 485 10000
1 907 10000
1 916 10000
1 260 10000
466 467 10000
576 577 10000
1 925 10000
425 426 10000
558 559 10000
407 408 10000
1 98 10000
366 367 10000
1 116 10000
348 349 10000
458 459 10000
1 134 10000
802 803 10000
440 441 10000
550 551 10000
63 64 10000
399 400 10000
532 533 10000
381 382 10000
491 492 10000
4 5 10000
702 703 10000
1 884 10000
473 474 10000
794 795 10000
432 433 10000
1 902 10000
776 777 10000
524 525 10000
1 911 10000
735 736 10000
1 920 10000
506 507 10000
827 828 10000
465 466 10000
676 677 10000
1 758 10000
809 810 10000
70 71 10000
768 769 10000
406 407 10000
617 618 10000
1 776 10000
130 131 10000
750 751 10000
498 499 10000
860 861 10000
11 12 10000
1 614 10000
801 802 10000
650 651 10000
1 632 10000
783 784 10000
893 894 10000
44 45 10000
742 743 10000
255 256 10000
591 592 10000
1 650 10000
724 725 10000
834 835 10000
683 684 10000
196 197 10000
894 895 10000
1 906 10000
155 156 10000
1 488 10000
288 289 10000
624 625 10000
137 138 10000
1 506 10000
96 97 10000
867 868 10000
18 19 10000
716 717 10000
1 991 10000
188 189 10000
1 1000 10000
1 344 10000
808 809 10000
657 658 10000
170 171 10000
280 281 10000
868 869 10000
129 130 10000
1 362 10000
900 901 10000
749 750 10000
262 263 10000
598 599 10000
111 112 10000
221 222 10000
1 380 10000
690 691 10000
203 204 10000
162 163 10000
1 218 10000
782 783 10000
144 145 10000
254 255 10000
842 843 10000
1 236 10000
874 875 10000
236 237 10000
195 196 10000
815 816 10000
1 74 10000
539 540 10000
177 178 10000
875 876 10000
136 137 10000
1 986 10000
1 92 10000
347 348 10000
269 270 10000
1 995 10000
118 119 10000
228 229 10000
1 110 10000
816 817 10000
77 78 10000
210 211 10000
531 532 10000
380 381 10000
513 514 10000
849 850 10000
472 473 10000
110 111 10000
1 860 10000
321 322 10000
243 244 10000
564 565 10000
202 203 10000
790 791 10000
1 878 10000
413 414 10000
51 52 10000
656 657 10000
882 883 10000
143 144 10000
354 355 10000
1 716 10000
597 598 10000
446 447 10000
1 734 10000
1 972 10000
1 981 10000
538 539 10000
1 752 10000
1 990 10000
387 388 10000
1 999 10000
520 521 10000
630 631 10000
479 480 10000
1 590 10000
328 329 10000
461 462 10000
1 608 10000
420 421 10000
512 513 10000
723 724 10000
1 446 10000
572 573 10000
494 495 10000
604 605 10000
453 454 10000
1 464 10000
664 665 10000
302 303 10000
435 436 10000
545 546 10000
1 482 10000
756 757 10000
394 395 10000
17 18 10000
605 606 10000
1 967 10000
848 849 10000
486 487 10000
1 976 10000
335 336 10000
1 320 10000
546 547 10000
1 985 10000
578 579 10000
1 994 10000
789 790 10000
1 338 10000
638 639 10000
881 882 10000
519 520 10000
730 731 10000
579 580 10000
1 176 10000
611 612 10000
822 823 10000
671 672 10000
1 194 10000
552 553 10000
1 212 10000
612 613 10000
84 85 10000
855 856 10000
704 705 10000
1 50 10000
176 177 10000
1 953 10000
796 797 10000
1 962 10000
1 68 10000
645 646 10000
856 857 10000
1 971 10000
117 118 10000
888 889 10000
1 980 10000
737 738 10000
250 251 10000
586 587 10000
1 989 10000
209 210 10000
797 798 10000
58 59 10000
678 679 10000
191 192 10000
1 818 10000
527 528 10000
150 151 10000
770 771 10000
393 394 10000
1 836 10000
242 243 10000
830 831 10000
862 863 10000
1 854 10000
711 712 10000
224 225 10000
334 335 10000
183 184 10000
771 772 10000
32 33 10000
803 804 10000
1 692 10000
165 166 10000
275 276 10000
863 864 10000
124 125 10000
744 745 10000
1 710 10000
1 948 10000
216 217 10000
804 805 10000
1 957 10000
65 66 10000
836 837 10000
276 277 10000
1 966 10000
198 199 10000
308 309 10000
1 548 10000
896 897 10000
1 975 10000
368 369 10000
6 7 10000
1 984 10000
1 566 10000
249 250 10000
837 838 10000
460 461 10000
98 99 10000
309 310 10000
1 584 10000
341 342 10000
190 191 10000
778 779 10000
401 402 10000
39 40 10000
172 173 10000
282 283 10000
1 422 10000
870 871 10000
131 132 10000
342 343 10000
1 440 10000
585 586 10000
434 435 10000
72 73 10000
677 678 10000
315 316 10000
1 934 10000
526 527 10000
164 165 10000
1 278 10000
1 943 10000
375 376 10000
1 952 10000
618 619 10000
256 257 10000
1 296 10000
1 961 10000
467 468 10000
316 317 10000
1 970 10000
710 711 10000
1 314 10000
197 198 10000
408 409 10000
257 258 10000
651 652 10000
1 152 10000
500 501 10000
743 744 10000
560 561 10000
1 170 10000
592 593 10000
441 442 10000
652 653 10000
290 291 10000
684 685 10000
501 502 10000
533 534 10000
1 8 10000
382 383 10000
593 594 10000
231 232 10000
1 26 10000
474 475 10000
1 929 10000
323 324 10000
717 718 10000
534 535 10000
1 938 10000
1 44 10000
566 567 10000
777 778 10000
1 947 10000
38 39 10000
626 627 10000
264 265 10000
1 956 10000
658 659 10000
869 870 10000
507 508 10000
1 965 10000
718 719 10000
356 357 10000
567 568 10000
599 600 10000
1 794 10000
810 811 10000
448 449 10000
71 72 10000
659 660 10000
508 509 10000
1 812 10000
540 541 10000
12 13 10000
600 601 10000
1 830 10000
632 633 10000
843 844 10000
104 105 10000
692 693 10000
573 574 10000
1 668 10000
784 785 10000
45 46 10000
633 634 10000
1 915 10000
665 666 10000
482 483 10000
1 686 10000
105 106 10000
844 845 10000
876 877 10000
1 924 10000
725 726 10000
1 933 10000
574 575 10000
1 942 10000
785 786 10000
46 47 10000
1 524 10000
1 951 10000
78 79 10000
666 667 10000
515 516 10000
138 139 10000
1 542 10000
758 759 10000
230 231 10000
1 560 10000
456 457 10000
818 819 10000
850 851 10000
699 700 10000
322 323 10000
548 549 10000
171 172 10000
759 760 10000
1 398 10000
20 21 10000
791 792 10000
414 415 10000
52 53 10000
640 641 10000
263 264 10000
851 852 10000
1 416 10000
112 113 10000
732 733 10000
204 205 10000
792 793 10000
1 910 10000
53 54 10000
824 825 10000
1 254 10000
447 448 10000
1 919 10000
296 297 10000
884 885 10000
1 928 10000
1 272 10000
765 766 10000
1 937 10000
388 389 10000
26 27 10000
237 238 10000
825 826 10000
1 290 10000
86 87 10000
857 858 10000
480 481 10000
297 298 10000
329 330 10000
178 179 10000
766 767 10000
389 390 10000
27 28 10000
1 128 10000
238 239 10000
270 271 10000
858 859 10000
119 120 10000
1 146 10000
330 331 10000
362 363 10000
422 423 10000
60 61 10000
454 455 10000
303 304 10000
891 892 10000
514 515 10000
152 153 10000
740 741 10000
363 364 10000
1 2 10000
1 896 10000
395 396 10000
212 213 10000
1 905 10000
606 607 10000
244 245 10000
832 833 10000
455 456 10000
1 20 10000
93 94 10000
1 914 10000
304 305 10000
1 923 10000
698 699 10000
336 337 10000
1 932 10000
185 186 10000
396 397 10000
428 429 10000
245 246 10000
639 640 10000
488 489 10000
126 127 10000
1 770 10000
731 732 10000
369 370 10000
186 187 10000
580 581 10000
218 219 10000
1 788 10000
429 430 10000
278 279 10000
672 673 10000
310 311 10000
521 522 10000
370 371 10000
1 626 10000
402 403 10000
219 220 10000
581 582 10000
764 765 10000
462 463 10000
1 644 10000
311 312 10000
705 706 10000
522 523 10000
554 555 10000
1 662 10000
614 615 10000
252 253 10000
1 909 10000
646 647 10000
495 496 10000
1 918 10000
706 707 10000
344 345 10000
1 500 10000
738 739 10000
555 556 10000
587 588 10000
798 799 10000
436 437 10000
1 518 10000
59 60 10000
647 648 10000
285 286 10000
496 497 10000
890 891 10000
528 529 10000
377 378 10000
588 589 10000
1 356 10000
620 621 10000
831 832 10000
92 93 10000
680 681 10000
1 374 10000
712 713 10000
561 562 10000
184 185 10000
772 773 10000
1 392 10000
410 411 10000
33 34 10000
621 622 10000
653 654 10000
470 471 10000
864 865 10000
502 503 10000
125 126 10000
713 714 10000
1 230 10000
562 563 10000
594 595 10000
34 35 10000
1 904 10000
66 67 10000
1 248 10000
654 655 10000
1 913 10000
686 687 10000
503 504 10000
897 898 10000
158 159 10000
746 747 10000
216 13640
923 11548
510 1521
695 7691
71 8322
46 4232
375 3955
13 9288
553 7020
896 7098
856 3525
240 5700
166 11291
254 2529
11 5701
652 11848
883 4199
245 14170
179 1836
331 9462
451 5265
630 6201
715 2901
616 10397
435 5202
882 11166
215 14755
473 14462
19 5654
857 7730
355 6228
478 8359
701 14221
875 6737
47 7540
726 14886
462 9496
823 31
441 4770
205 6696
64 4642
263 14720
459 324
142 12135
796 4770
187 13700
551 2298
628 2701
243 9680
229 12441
489 9870
738 3282
849 11376
396 10414
455 3384
395 9793
582 5568
598 9713
712 1087
635 14812
761 13161
407 4611
688 13004
619 13338
297 10822
112 6407
540 10132
504 11143
768 13857
109 4363
676 7459
881 833
301 13366
672 10864
3 12157
264 5456
29 8238
54 8789
207 10113
792 8996
816 414
252 5954
119 9811
339 1055
514 12746
485 448
374 6750
690 3644
276 6034
40 3479
199 3357
736 2375
282 12339
700 6197
807 8875
294 11057
143 4458
61 365
157 8138
408 1276
85 4539
467 1433
658 5575
773 1998
852 9519
241 10263
430 5760
879 2044
4 1229
474 14811
312 8813
370 7833
307 7347
518 2312
646 5548
817 14800
204 103
525 3735
431 13930
689 12539
456 6596
402 5427
232 8971
574 6909
114 11396
329 7351
183 13188
803 9405
838 14907
675 97
942 4395
901 3229
784 11797
24 11546
341 13612
162 7164
693 6286
605 13996
324 13191
577 10273
586 7723
437 5321
802 10850
360 13319
794 12340
767 10166
304 8489
461 6407
667 14359
606 5284
227 5628
58 7334
791 5546
539 13822
660 1786
905 8864
117 533
670 7722
603 5448
419 7859
805 1956
679 12632
541 990
106 930
861 3214
887 8309
466 6423
145 11893
811 8845
288 12756
505 14595
601 7277
372 5275
228 12612
388 12961
956 714
835 14263
624 9723
281 1912
556 8049
573 947
269 4807
831 10915
909 8753
495 12866
222 11605
711 414
827 4029
295 3431
358 2598
793 14506
804 11602
589 13183
78 11468
259 8925
102 1655
154 9054
731 2617
153 6277
30 14151
702 4802
313 10803
747 6301
174 14433
696 14871
417 11017
877 3262
5 10435
12 12921
125 6211
801 9357
585 14417
465 11956
45 3216
933 12494
523 6201
177 11822
43 9695
481 6814
570 6548
2 12218
497 10386
290 7263
335 10861
528 4600
682 4180
167 919
280 14870
343 8262
479 5016
533 3074
587 12744
526 10017
520 8106
537 9453
185 11537
130 2265
730 1978
822 8406
534 6003
41 14249
69 12950
155 6055
914 12035
762 4080
175 6994
249 7315
507 713
293 1359
325 8595
318 10677
814 1803
226 2520
72 10766
558 4851
373 14454
862 3675
597 13934
892 6828
797 533
9 5346
83 11262
468 12247
915 3148
237 11852
126 5369
798 1763
168 5188
444 13346
613 1811
491 3827
353 10461
595 12226
871 11136
101 2033
846 737
186 11894
18 10749
97 14240
234 3244
105 2288
118 10010
191 431
706 6995
357 2220
275 2672
398 5011
225 14746
937 2394
7 245
724 9316
330 11477
333 8881
172 9499
759 8083
648 5155
27 6223
409 9591
291 7236
772 13855
336 12855
777 971
95 4137
899 7350
65 8451
63 6218
21 2459
799 447
592 562
781 14744
550 3060
262 12140
837 8058
427 2304
559 10110
272 8097
135 5802
524 12744
433 4217
253 5322
851 5596
352 1738
769 10280
270 8522
39 9311
891 2691
233 12388
928 9250
819 2655
754 12857
342 1140
894 13944
897 762
568 7256
393 2683
840 7029
67 3901
668 12208
681 470
93 1576
221 415
789 249
405 12684
502 6606
348 11751
850 1455
197 8785
381 14387
178 13193
180 14112
6 7001
673 2555
316 3085
84 3184
900 11039
828 11512
210 1185
321 982
493 11039
743 5292
251 13098
653 881
429 640
763 11615
265 6911
392 1276
733 10102
610 9160
261 3640
707 4625
699 14035
400 5207
273 11627
169 13594
770 7476
100 10842
369 3132
416 1270
684 11643
337 11190
739 4190
287 5522
522 9491
687 8238
432 9494
531 1340
694 13828
686 13868
425 14279
412 9491
285 11880
486 1424
309 3479
323 11245
810 4183
128 10209
889 9729
591 11556
569 512
274 8495
910 1585
418 8755
873 3073
575 10963
600 10751
311 6434
580 12094
450 3975
34 14998
626 6502
365 1829
508 848
303 14640
627 6910
248 14622
306 12595
202 3972
22 4161
52 12941
562 11107
786 12446
81 13259
77 2488
315 4713
830 5607
55 1216
57 3831
744 13002
414 3389
561 4940
82 5130
53 13867
661 5561
703 13056
397 2137
146 4048
529 7619
448 2693
647 4450
107 13005
542 8025
113 12150
238 9100
123 1170
815 12672
809 13092
201 1563
745 5008
472 2567
766 1224
160 3382
549 1279
75 7961
184 12666
48 8394
66 8977
544 9087
223 9806
382 5057
604 12207
611 1538
951 9646
244 6435
621 3179
751 7288
760 14762
545 7285
708 7605
649 11214
35 349
181 3125
641 1996
76 7526
471 12038
129 7950
121 10164
820 3495
250 7397
663 185
149 14796
421 6986
347 3496
547 10185
913 10206
904 6282
214 13765
87 13805
618 4950
267 846
391 1122
617 6443
847 68
723 14142
230 13021
457 12896
36 1563
691 379
136 202
171 13947
247 10413
651 9505
124 2964
644 7257
829 4994
403 10810
535 11797
755 3918
361 6372
454 8698
137 4500
932 1949
697 14235
787 7700
289 10438
150 14870
217 4045
567 3995
642 6270
612 11821
788 2543
235 12396
665 650
821 5429
490 912
841 46
546 8984
721 5017
141 8955
443 14138
442 6951
843 4166
709 851
349 8500
886 10423
16 5891
292 11462
678 7187
560 4378
340 11709
475 748
515 9698
832 5668
73 11313
501 12527
876 11147
389 1444
552 11565
634 6756
345 9576
833 13031
513 4845
190 12105
103 11098
42 10996
503 5695
742 282
424 13660
783 10339
10 5183
219 14376
460 1369
33 12820
565 10211
625 5224
918 9375
88 1145
839 13506
151 534
15 1824
283 13061
705 3528
390 14041
583 394
813 6509
384 12358
305 298
483 8742
888 6379
924 5793
99 11483
356 10322
193 5177
279 6327
133 317
898 2466
727 10886
257 2238
717 7375
637 13511
662 3013
406 7038
203 2
864 1145
659 1609
399 5524
509 13862
623 14352
211 1046
111 12918
23 4330
500 2619
163 4489
480 4321
919 14849
868 7474
599 21
363 8252
576 1010
870 13500
322 14817
423 14152
749 7643
666 2431
492 9154
863 1865
189 12370
855 58
89 3633
376 12277
581 11631
139 92
317 11136
639 710
377 12946
60 2163
195 12736
496 6221
609 6220
156 10620
25 1104
286 7419
132 13545
555 11940
735 3575
51 9301
517 12615
208 10685
415 11629
256 5196
720 2782
779 7786
453 5097
880 265
636 12513
165 8542
654 7705
346 4015
31 9101
436 12957
657 7709
543 8077
328 14010
521 6617
447 2562
778 14526
677 3981
378 10496
774 3950
563 4242
319 3447
588 1306
127 5074
401 3316
834 1095
640 14002
741 9173
725 3417
231 666
239 5822
94 11523
49 8076
718 5340
498 831
366 8863
17 9687
753 9174
354 9972
845 6227
161 12082
750 6784
865 5847
37 2723
120 2319
683 4095
364 6211
756 2486
858 10971
411 2534
729 2457
463 8256
671 1844
439 613
732 1836
379 1383
719 10376
255 7142
713 14165
557 2011
147 8026
844 318
173 14999
334 1870
108 12325
893 10142
70 11722
780 11158
359 1074
192 10992
564 13910
196 1833
385 4215
571 9330
965 4694
115 8299
808 12292
271 13893
594 7646
527 8356
220 13504
519 5652
785 2667
853 12028
91 11337
771 7121
138 8014
246 10834
487 14473
532 3326
131 13502
947 9724
579 4269
394 1325
714 2158
765 14758
213 9338
449 2032
664 14974
859 2066
895 3575
511 13202
633 6486
413 2800
748 5525
148 5529
685 919
516 3273
795 4209
445 4075
645 6047
59 14454
538 11355
420 7096
607 1447
426 5932
622 3920
775 11386
144 354
469 4608
310 3857
737 189
484 12325
198 2701
790 13091
499 4064
643 14540
277 6939
96 2669
298 9808
371 7752
383 9672
299 7280
885 50
268 3789
387 11292
825 10741
159 12747
438 10346
477 7795
655 4724
631 8582
629 13863
874 12376
90 12864
209 2268
28 8268
757 6988
79 9452
351 824
300 6509
867 3717
826 1683
258 6182
593 6990
327 13698
669 11329
869 6263
367 10000
20 4002
615 14538
812 1060
