1000 999 100 305
82 416 3110
289 522 7417
243 336 2246
8 207 6823
378 399 7418
152 245 4204
540 601 626
53 126 847
73 163 1528
263 661 6458
212 301 3168
695 947 3647
53 455 7748
310 970 339
42 386 9852
322 490 1598
50 410 8569
121 213 5363
310 602 7418
556 986 767
95 879 850
163 932 9294
379 974 9339
548 769 1895
413 720 9468
289 383 8727
378 737 3438
359 396 9331
206 267 2028
139 724 7071
176 992 2142
340 422 4588
195 751 3888
271 723 1013
465 803 9841
671 943 1297
208 355 2629
118 619 8996
673 864 2780
38 350 7275
412 617 4496
194 357 4094
120 271 8473
26 112 4369
178 875 1718
163 419 1019
31 285 9566
538 585 2245
22 906 8185
144 196 536
1 784 6799
180 402 2928
138 295 6149
65 168 3247
744 871 7712
656 953 3124
572 664 5709
667 862 6170
114 257 568
87 342 9709
669 721 3839
102 345 9680
731 912 8491
176 598 5793
74 325 5643
85 87 4202
359 930 4204
30 69 9398
20 47 7465
137 153 3739
162 895 9031
147 261 4777
25 95 251
176 330 3711
124 616 50
198 637 7970
80 763 1481
225 413 2006
193 920 7682
78 392 5236
224 349 9066
74 202 1154
175 569 874
510 690 2791
214 444 2130
271 956 3370
98 246 298
92 228 5862
235 713 7909
579 676 6939
91 116 1516
37 423 3225
29 446 4970
65 360 548
416 964 8855
45 114 4072
1 2 7777
223 347 4372
11 334 8871
669 874 5816
108 373 5382
34 70 5168
275 519 57
661 752 1805
77 440 5196
534 700 183
358 881 5315
18 44 6753
501 611 1638
86 719 5584
432 473 3426
207 315 496
41 450 829
12 65 1884
130 459 6892
423 959 8808
209 596 1253
47 83 2200
27 38 5268
10 25 6690
43 121 5208
845 990 7813
802 859 1850
60 630 1196
1 40 6968
151 190 7857
202 337 6745
748 771 461
259 699 4157
366 903 7372
138 462 664
49 226 4826
143 578 6545
154 266 1634
123 151 6770
572 687 9707
9 198 294
372 675 3298
193 764 7875
296 486 3449
23 127 8514
68 234 660
347 581 3896
780 816 9175
255 828 6417
96 107 8373
910 934 435
29 73 5595
842 929 4415
96 987 5379
10 657 8626
165 208 9930
232 714 1935
166 644 5927
221 500 5431
78 140 8301
437 654 2280
318 513 7744
298 726 1131
75 926 8686
397 923 5735
13 645 2031
434 571 2132
27 135 2767
176 718 106
627 692 9938
86 96 6100
273 318 3884
117 977 286
336 431 6471
5 646 7323
11 53 8638
73 159 8759
47 838 6197
441 494 3689
43 137 1856
784 954 4038
20 50 4805
71 600 2157
228 384 8351
78 332 8775
3 138 9572
16 74 5438
9 66 7703
25 146 1054
363 407 2483
307 701 2358
10 730 2682
21 26 945
13 152 3325
873 886 4613
144 161 603
43 306 9828
123 893 1947
51 795 5890
112 244 4046
670 689 1542
55 189 6146
83 92 4541
70 239 7075
332 516 6162
35 471 4121
683 848 9265
503 615 2253
28 57 2124
71 540 4956
22 711 8906
436 679 5835
209 746 4527
597 599 6118
705 861 4961
208 378 809
182 319 9468
79 192 1728
163 313 9023
200 243 1853
37 98 6462
17 248 8387
191 381 1298
110 591 1974
137 321 3668
124 256 9070
22 258 2376
342 860 2855
24 651 7990
561 854 9820
509 536 19
35 141 9167
635 757 805
255 479 7796
235 311 222
224 469 3832
268 638 6101
170 484 3511
365 622 7927
38 90 6
53 259 3887
42 761 5899
152 425 3492
318 488 5118
222 367 8214
129 605 6951
325 417 2220
544 937 704
21 260 7772
668 754 2850
225 521 8280
327 454 8703
639 642 4240
716 919 4560
767 810 1227
220 927 8480
647 725 393
604 735 9718
53 143 9222
35 819 1612
26 150 7941
202 556 5207
177 418 3891
307 697 8137
739 972 7127
252 463 231
177 801 4495
202 327 812
137 424 1702
135 818 7556
485 900 4594
670 967 7245
375 742 1062
69 195 6200
7 817 4583
457 544 2865
26 48 4302
10 181 6983
92 403 4324
7 16 7665
589 981 2974
319 323 8133
50 120 535
387 961 6794
20 24 4378
158 461 1663
419 442 173
1 12 2692
648 878 7220
17 31 4907
27 94 1432
64 653 8943
73 200 8414
18 842 9133
331 587 1724
269 420 3702
174 898 2139
1 3 520
2 10 6576
135 976 4726
176 393 2441
602 626 2779
87 464 3887
209 888 1199
570 776 9322
136 385 2342
11 19 9984
639 658 4077
135 762 844
40 133 4751
883 907 5321
268 564 6739
191 326 3413
107 145 6287
78 639 2904
63 171 6748
188 199 5310
27 109 865
6 41 4444
12 36 3923
206 324 8111
5 18 6252
395 768 9019
437 728 7692
303 739 4131
607 785 544
74 474 734
305 523 9186
183 686 3400
251 618 3662
78 709 9369
215 300 4039
5 274 9872
5 11 6781
28 56 8873
31 576 3861
286 310 9948
45 46 2681
570 998 292
277 590 8222
29 608 3711
374 796 5641
253 908 5354
138 262 7925
298 489 8694
117 677 7980
313 985 1641
293 436 6147
81 837 4646
2 582 4727
161 340 5728
68 105 2257
294 698 772
254 293 6379
223 966 4771
174 722 659
424 443 7004
477 550 2979
105 320 8622
889 984 9000
15 339 2542
3 363 9299
61 348 172
321 688 7981
43 99 9308
318 389 2485
480 560 4756
3 17 6304
193 843 586
424 448 8165
478 892 7154
441 574 90
594 789 2822
162 279 2500
42 102 6457
623 965 3330
320 950 9811
197 398 494
440 805 1571
169 863 4403
68 131 427
14 312 9067
134 851 5427
444 991 1062
161 497 1882
25 27 6097
886 971 3432
357 978 8390
398 811 7520
189 524 6627
784 839 5353
29 81 5547
195 241 7529
126 209 6182
3 925 8987
14 61 6324
32 563 2982
27 82 7739
32 45 2092
81 453 811
266 883 2857
293 612 4330
278 371 9089
350 529 2468
471 774 3555
19 54 3121
649 695 3987
397 867 8535
487 498 8641
75 118 3056
310 317 5789
778 869 2004
485 775 3222
742 962 5147
469 823 3363
276 287 7847
32 80 5435
493 849 4789
333 607 9527
341 358 4418
737 865 3900
50 108 4779
65 254 2501
331 429 3435
45 931 2100
543 807 3393
37 535 2468
35 682 545
210 683 7059
79 941 9242
84 853 3108
310 812 7274
200 247 1674
92 289 4456
114 379 4814
379 681 9357
28 132 426
37 64 4064
8 42 1812
617 815 4794
42 356 3842
157 885 9315
405 546 1484
93 129 8281
805 938 7898
38 221 8011
224 230 6747
494 566 9771
407 589 7339
133 175 3300
774 797 1804
7 316 7617
78 85 718
165 665 756
377 538 3389
434 478 4671
207 426 4777
97 531 9289
205 412 5427
19 952 489
51 104 5976
71 988 464
78 627 8743
182 273 4271
297 501 7829
4 103 2241
354 759 9754
296 414 3192
30 58 155
161 610 4772
27 743 9259
146 167 4947
276 518 1040
76 235 9830
140 225 6503
105 229 4953
55 76 7633
2 4 7592
121 217 9479
314 353 8423
165 520 456
125 158 6045
222 783 9308
111 147 7346
76 214 1758
127 364 4091
92 528 6439
355 472 6157
219 290 9837
108 515 4854
1 6 3247
20 55 7064
21 441 6261
204 588 4976
543 889 1213
243 338 3789
202 236 3248
909 949 5833
12 101 4029
103 148 7106
92 156 8253
219 368 9525
427 561 8400
261 845 8042
235 890 4621
474 586 8153
471 693 5055
54 67 7331
74 706 4157
427 995 7361
25 30 6172
475 804 9968
533 747 1145
533 951 9803
88 824 7786
124 344 8383
14 568 6678
13 222 1160
13 21 8522
226 280 5107
305 808 4759
241 428 6744
149 304 7925
6 185 2267
61 634 1546
143 481 1539
174 732 4047
10 29 7096
172 408 7645
17 359 6682
497 911 6716
162 858 1
674 791 9586
151 655 9047
3 144 4197
389 507 182
275 609 873
61 97 7213
204 928 2725
180 282 9361
142 173 5742
132 434 7337
310 787 6311
85 549 8331
47 268 6493
408 415 4892
223 265 4739
33 172 962
238 343 9887
808 936 9657
199 331 8037
22 37 642
216 669 3087
166 748 5680
616 910 2940
343 955 18
72 84 9739
527 891 9418
185 255 5413
63 78 3905
10 14 2850
405 476 6737
365 884 5087
489 876 1932
226 702 7195
122 502 2308
4 733 7665
346 480 1537
258 924 2908
723 829 4265
65 115 3757
192 825 3904
855 897 1020
54 68 5723
180 738 5020
179 575 6587
406 831 7692
198 439 2424
543 778 9035
161 483 7692
1 33 5805
420 533 7464
245 753 798
431 750 6808
8 457 5300
15 400 9237
68 183 4490
31 328 7478
107 395 554
785 813 7729
137 169 3764
203 948 5740
72 648 8478
566 633 3236
197 606 7346
892 980 7482
35 205 5558
99 224 9585
225 397 5351
136 242 7909
3 13 4167
578 856 1395
522 788 5581
92 117 6534
401 404 8277
386 492 7440
43 376 5187
178 188 2828
144 508 3071
164 468 3437
257 840 4146
91 532 3810
132 467 839
6 543 3194
764 793 7942
421 989 3480
505 650 4997
15 595 1663
66 736 8419
434 466 3831
238 870 3871
500 510 1055
137 922 7222
822 857 5552
427 836 2211
135 176 5581
3 877 4562
366 635 9581
827 830 2801
6 187 940
465 614 911
116 238 4192
86 834 1106
774 917 4462
484 485 8645
603 703 3648
2 5 2635
305 915 1140
59 636 1417
64 292 2580
290 505 9523
585 684 2268
525 994 9890
27 63 6503
300 749 7287
103 211 7187
66 165 2975
552 685 1470
744 809 1222
28 157 2917
119 231 2147
119 139 6142
310 873 6802
563 715 2600
25 390 56
71 882 2957
556 960 1253
307 512 6427
282 727 7718
193 220 9734
187 201 779
849 866 9401
762 999 2314
859 958 1221
453 580 2862
252 570 7953
427 460 5936
59 643 5424
76 100 1314
162 647 242
354 554 1783
107 170 9030
20 275 2979
18 39 7098
274 401 7195
189 517 2181
3 369 6671
511 593 7476
61 352 4336
117 297 7130
296 624 1752
145 294 8342
25 51 8565
141 298 5252
89 887 5894
58 93 6011
781 786 3941
233 710 8626
32 957 3365
535 553 3324
83 341 9598
223 694 8280
343 913 6458
314 322 8014
408 680 9125
150 790 9229
9 506 2346
409 514 5143
164 740 5669
153 250 2685
9 23 6622
141 846 9256
109 781 9325
242 329 7334
316 969 2967
206 475 9124
293 477 371
353 794 2621
311 482 5678
389 782 1493
23 284 8129
73 79 2804
433 835 5729
71 142 2279
202 777 9938
5 164 1286
40 110 9512
4 9 6670
213 487 2316
27 113 4139
24 302 1641
586 894 2223
42 361 5621
491 542 3226
342 935 9157
332 993 3790
438 708 451
494 631 3382
59 106 6271
280 372 2926
8 155 6686
190 584 6472
21 34 794
283 435 6320
48 305 5786
358 659 7519
307 629 6265
177 354 7965
706 933 8957
773 792 379
433 565 5366
367 391 9278
18 388 5048
316 755 9234
697 921 3141
414 904 8644
658 872 7606
822 983 6286
490 779 1402
638 756 6716
319 387 2147
273 940 7264
401 405 1000
263 844 9942
354 766 363
149 447 4937
23 130 1509
385 509 5886
388 896 7808
216 666 6405
277 799 3702
328 767 8545
24 765 7903
185 660 5955
293 909 319
235 731 5236
284 577 5247
368 717 9818
159 174 8162
12 89 1710
90 458 3754
528 652 6386
122 375 6880
392 640 5353
145 286 2682
231 673 386
531 668 2951
217 798 2317
37 123 4190
329 495 8207
165 649 4813
1 8 6753
147 233 7203
832 979 1489
735 758 8596
281 573 3892
714 822 1405
20 154 1169
474 696 3530
475 691 4986
167 281 5319
144 620 7342
674 802 6967
85 125 7153
331 365 8661
603 662 760
27 264 7298
321 613 9185
12 75 1763
287 772 962
303 433 4546
239 307 4631
325 366 3210
245 449 5507
172 503 8343
192 277 9270
93 219 9341
371 716 4087
682 773 2936
265 744 6217
108 218 164
11 15 3162
69 215 5857
102 122 1448
456 551 6383
23 206 45
199 430 5026
242 380 263
311 456 4457
12 663 9093
778 963 8403
124 432 2514
76 278 3740
427 451 7294
145 204 2452
16 333 9328
581 946 1215
341 939 4164
761 770 944
785 968 9849
31 88 9772
94 186 4371
19 249 1668
101 820 8980
16 296 8896
485 496 8701
664 944 8104
44 178 8310
579 672 85
17 62 9142
691 868 8640
171 421 8765
3 119 9124
485 558 6491
109 232 7359
246 729 7925
115 597 9951
2 20 9710
771 942 7914
310 541 4158
134 667 687
211 237 2145
223 734 4777
40 603 3922
97 437 5442
18 826 5237
276 855 5759
142 806 2543
414 827 4747
147 210 8232
22 32 6332
207 499 1278
835 841 7333
326 548 4041
330 351 3507
30 49 4984
467 821 2842
287 377 9434
121 562 6761
766 899 239
75 511 559
124 628 2153
186 197 8181
25 86 9900
129 177 2994
45 111 9021
154 409 1189
64 191 2542
513 707 3821
233 309 9027
61 179 269
242 491 4429
238 335 2965
118 592 3107
191 194 7956
70 741 846
53 240 2877
127 579 986
18 269 200
52 91 2931
689 973 4899
88 149 5537
368 916 6650
496 712 2675
53 272 242
5 7 2266
39 52 6341
262 705 1058
7 22 3852
23 43 8413
30 160 296
261 314 1426
506 760 8793
249 555 8589
270 382 6747
802 847 4199
37 162 6690
26 832 1870
27 28 5113
78 539 4126
499 901 6794
497 525 729
555 641 5940
26 552 4209
655 852 3139
89 291 6543
78 678 1620
31 263 7678
125 394 853
63 276 2825
388 504 595
389 493 6770
9 77 3579
406 545 6683
32 134 6156
217 223 350
559 982 3174
102 374 5123
903 945 6880
165 212 7356
132 465 3883
429 470 6226
332 438 9715
195 308 5285
32 674 1948
46 72 643
471 996 3897
229 251 3323
41 59 1141
660 671 9898
1 604 5110
326 534 874
345 362 7779
120 253 1142
334 411 1346
65 452 5748
344 704 3167
158 193 6908
6 216 519
367 527 5435
11 124 1501
89 656 9348
133 918 1245
401 567 2772
727 833 5594
884 975 2580
576 814 3606
312 559 3368
330 530 6413
134 136 3170
263 370 7878
48 71 1445
222 526 8122
57 182 1049
71 128 3818
474 780 9752
401 914 5028
32 35 8831
414 745 586
318 632 6347
37 406 5146
445 902 4122
158 303 4433
97 537 4677
480 623 6528
156 288 9426
966 997 9703
71 427 3444
254 557 2809
37 184 118
282 583 6340
301 594 5623
134 270 4501
31 203 6457
437 621 9267
53 227 1362
50 180 5234
665 880 6828
44 283 5942
27 60 9854
230 850 5283
142 625 9523
115 166 3089
123 299 8604
89 547 5500
259 905 4847
2 346 1839
163 252 7257
52 572 5840
455 670 6558
289 445 3911
621 1000 1409
44 800 5476
867 3305
707 8772
683 7328
849 1336
764 10909
650 6242
946 11423
622 14112
720 8489
978 7876
853 944
565 3497
900 10684
353 6137
303 5391
541 12443
626 968
884 8001
700 13309
726 5939
835 4110
843 7098
971 13518
793 3205
554 3012
513 1865
917 3305
794 14161
491 14174
782 557
314 1136
618 8244
920 13154
876 11645
935 11100
797 10853
220 5859
878 3765
779 1294
602 8479
684 2381
866 5583
617 3792
433 6142
380 2306
792 11239
744 2101
585 8318
558 11042
322 3680
507 12906
848 13368
536 940
488 2524
886 5711
970 8460
769 6617
632 13131
961 8463
712 11637
812 690
972 258
975 6211
329 4609
309 7851
980 9754
955 5023
489 4417
815 2270
495 5922
461 5690
389 7999
997 14825
496 2420
923 9177
766 9956
990 9528
860 12526
759 6444
193 10744
317 405
899 3365
841 2340
845 7459
739 11533
542 1000
581 10438
611 6249
809 7085
958 4762
493 7374
710 1656
775 5768
787 3236
871 5553
873 12931
913 210
927 1875
490 1462
470 3947
