1000 2000 1000
195 660 3898
266 557 5584
110 671 3793
167 361 8831
216 262 1390
295 639 270
529 666 5354
429 512 3445
72 354 3060
762 795 3437
61 245 4872
534 876 622
346 465 6672
154 329 9419
352 665 5721
525 966 7046
819 962 1264
500 745 7773
341 859 3672
238 939 1246
16 68 7745
833 942 1316
220 573 5543
205 927 2796
250 281 371
411 622 5682
687 727 1637
42 432 8666
3 43 5636
28 394 4884
40 153 6830
934 967 125
29 539 1419
586 710 3812
390 537 1717
105 150 5079
24 224 7021
287 298 3562
53 719 5604
102 135 3668
140 223 8600
413 834 2859
201 400 6389
159 519 8829
194 845 7272
200 964 4675
321 533 4713
397 989 7419
570 907 2857
400 598 1043
464 478 6278
410 585 6220
177 805 1855
325 722 1914
3 86 9179
267 322 4539
48 377 1804
32 982 2415
706 871 6483
527 899 3238
135 178 1755
132 149 9626
670 850 9645
264 272 1633
478 843 2066
674 894 7562
309 682 9798
2 9 6606
76 158 345
203 233 2058
434 576 6410
748 800 4066
402 953 5174
266 626 1364
358 650 4621
760 768 3807
72 876 6809
99 552 4819
203 950 9500
82 371 4775
568 855 6851
583 823 5580
876 948 6408
578 934 3817
12 76 8440
84 102 8793
156 427 7063
212 667 8330
276 378 287
762 831 5676
52 352 6683
582 691 9610
172 867 4610
17 32 9583
10 140 5241
329 870 8321
614 886 3558
496 806 9155
784 886 1330
563 788 7764
29 405 3382
768 997 7267
14 981 3859
202 856 9532
804 963 2070
13 14 2507
152 351 5036
282 284 7904
441 466 2047
392 472 4574
36 729 9232
240 478 8093
268 715 8303
560 585 7440
96 393 5017
257 387 3342
525 939 6011
388 649 6378
14 31 8159
17 481 2308
144 564 7635
328 743 3671
71 169 1884
122 339 1282
3 10 2812
436 814 4236
41 522 1697
754 873 2898
201 984 7668
633 875 5535
359 385 3597
273 791 7079
77 301 4980
549 642 500
28 987 5252
270 326 314
350 914 3031
332 956 4756
553 598 1164
3 56 6068
461 493 5763
363 905 2101
14 420 4962
325 345 7750
619 642 1716
93 334 7628
298 649 8833
131 208 4043
612 658 8738
328 350 6408
711 873 1909
41 155 5543
136 343 5940
20 47 3548
62 853 7702
467 616 5316
5 62 8135
503 872 3920
745 943 3966
20 94 7504
131 994 2840
209 415 4060
65 109 6091
65 444 2000
53 586 5515
287 587 78
309 566 1316
609 897 2866
297 611 8758
327 565 6969
390 908 7545
1 24 5900
530 621 212
299 409 1152
100 502 1226
537 774 7143
61 204 7157
268 391 2765
11 229 1830
90 398 8901
54 212 6433
841 981 4855
251 758 4624
94 704 5273
355 435 5147
303 926 8389
83 87 8820
17 18 6049
108 497 5368
742 937 7397
517 759 1853
589 687 6000
506 864 7738
183 635 1448
583 727 8276
119 346 5408
606 819 4724
534 697 3330
154 684 2375
159 693 3241
61 425 2789
104 947 8799
112 241 9730
98 101 5054
555 925 5534
174 244 7672
870 955 7373
827 921 4478
259 738 2853
288 315 826
36 991 2520
74 467 385
383 848 1001
290 996 9100
427 836 6581
21 372 6544
439 606 4
535 691 9208
247 362 9790
431 926 7298
219 390 671
50 78 9180
319 388 3096
288 527 9827
122 330 837
362 560 1760
200 689 9960
16 881 6196
176 214 9459
559 620 5459
299 493 4116
842 845 635
497 559 5045
137 731 2876
12 438 4153
397 555 1187
404 993 6339
1 140 551
212 525 5311
256 501 2637
107 571 4289
221 424 5911
713 935 1889
163 219 4615
65 511 8466
262 867 3071
782 798 4484
251 294 862
103 253 946
244 303 5711
683 966 7993
587 744 6509
430 824 1463
293 781 4441
324 357 7600
458 740 7602
56 783 3798
268 477 3118
55 315 8493
212 375 5892
334 356 2401
243 550 2682
982 988 1430
728 833 5245
71 319 2358
99 994 5873
39 175 7138
462 931 1828
496 901 7283
155 893 4385
532 584 9292
65 850 1631
36 145 1540
74 158 6236
513 826 9048
500 594 4617
78 85 2619
808 937 3205
6 138 2429
44 613 4203
671 771 9107
271 420 6112
309 321 9692
522 643 7493
853 898 1068
2 160 3984
231 968 891
266 540 8320
340 418 1295
48 154 7961
281 865 8205
200 267 2920
136 741 3963
119 959 4611
320 933 3199
211 488 7555
212 630 5340
264 412 3695
421 767 5775
466 547 6620
318 656 4558
394 425 9070
222 1000 7023
790 946 3823
395 587 3666
99 620 508
371 931 1308
60 274 4918
843 912 3484
318 516 7138
118 664 151
133 316 9356
720 952 1262
58 203 4452
456 907 4780
382 961 8941
9 199 3355
91 213 2708
7 16 9343
255 475 8303
343 554 1514
378 749 8646
509 647 7805
325 336 8493
18 720 6061
378 681 5468
185 862 1013
864 983 8889
51 773 7922
333 846 4286
322 414 8778
260 468 387
606 926 3379
211 651 9660
191 656 1022
439 556 5732
112 345 1923
5 841 3843
74 542 9107
259 479 7940
336 350 7071
155 797 1368
307 507 4741
107 712 2776
92 858 3391
242 386 4831
271 560 5322
80 919 6254
596 639 9158
2 13 8737
64 65 4572
453 480 8305
262 338 4998
102 761 7561
134 434 8451
10 640 2139
406 411 4034
3 371 3804
347 895 5647
505 591 1199
526 821 4615
475 524 4625
524 771 6574
744 870 5223
233 465 7300
206 543 9750
662 857 8733
594 660 9094
19 359 8489
3 23 6813
71 304 2327
1 340 4359
748 901 7280
42 57 1359
343 759 960
139 736 1359
203 237 6275
25 390 9098
389 454 4548
407 714 8471
121 337 3329
556 595 8878
281 849 2022
66 289 3949
544 840 9424
542 940 5678
816 867 6442
499 707 2497
32 225 2380
14 499 8389
40 864 874
132 162 4994
11 999 2653
714 972 621
732 874 9706
334 458 3437
290 484 2310
142 508 4436
409 873 2588
587 830 4956
265 266 814
353 462 5513
631 673 1066
50 422 1876
208 980 1747
228 235 6609
463 730 6310
569 936 2618
258 318 9023
34 268 8731
91 768 8611
669 932 6687
532 841 4433
14 54 7155
303 572 2896
202 845 5265
38 882 124
319 395 4140
88 118 5722
340 957 7333
222 938 6251
12 22 5154
448 701 2484
295 413 9497
601 696 6539
201 955 7277
43 571 4106
31 108 1391
122 789 2030
379 679 9716
303 462 6072
216 307 5342
153 909 1315
616 980 3914
654 762 8127
192 610 1535
33 34 3843
235 924 7250
156 164 2161
137 907 2010
497 621 3339
393 658 7704
502 742 3862
7 221 2229
154 328 2262
55 335 1659
155 384 2709
712 739 6462
163 369 3835
158 160 9720
34 109 384
226 361 3950
66 904 9482
178 761 2528
19 20 5345
60 602 9958
5 956 1063
270 636 5641
570 673 5667
347 890 3750
164 673 2024
759 967 7266
53 957 4092
249 580 5323
337 369 4879
50 950 2377
414 627 2041
98 739 9392
248 897 6675
143 462 2340
128 360 1697
208 867 9262
170 458 1589
488 709 1242
12 25 2938
143 785 2642
107 865 765
34 347 7263
550 563 5406
354 611 2053
351 496 1703
47 117 7531
35 181 941
126 137 7218
493 953 332
192 446 8743
200 626 4891
514 965 6015
568 641 2768
229 500 9212
368 433 6881
733 847 386
25 88 7415
15 842 8433
174 423 1738
712 895 8570
495 642 8554
251 768 4796
432 709 2854
247 567 985
202 210 8550
358 434 8709
148 986 6152
240 410 6736
64 698 5656
100 120 8127
6 17 4307
71 251 2926
264 371 3292
651 874 7568
291 438 22
460 656 3543
6 177 9748
59 910 5104
46 745 452
219 956 3275
489 844 2121
822 899 1423
189 439 1784
23 91 1465
54 981 1945
227 998 4280
176 325 4836
87 518 3205
707 760 9447
639 963 1424
139 703 6655
71 130 6201
480 948 8283
403 476 9466
649 813 9549
268 612 2984
440 744 9151
442 883 6632
122 290 6858
173 925 7223
368 773 9651
174 337 7761
645 854 1062
33 50 5075
823 955 1103
847 918 9559
454 461 7842
263 579 3205
438 697 2607
673 686 8432
284 458 500
685 828 529
94 98 3630
124 659 3612
238 692 1886
528 754 3562
76 780 8795
456 793 7558
73 126 6618
376 916 4857
115 163 7177
250 299 9555
229 335 7659
83 495 9281
71 806 4152
101 559 6132
19 80 5983
310 665 751
173 684 8828
239 968 1227
233 649 3795
52 791 1747
545 560 6285
116 486 1194
755 848 6088
674 750 6321
199 217 4753
298 315 7013
274 931 4851
46 616 4957
353 375 8251
27 34 2522
109 780 7714
367 752 3228
148 684 5239
240 656 4822
294 955 827
195 366 9677
419 908 2098
201 244 1344
703 810 1724
18 734 1593
79 400 2166
103 704 518
309 389 5744
95 180 1895
689 779 2810
773 996 4719
503 543 6156
681 774 8932
9 794 4579
6 7 8146
73 670 8963
80 111 7426
38 394 5613
172 836 180
127 292 9646
611 804 1938
29 82 6143
322 996 8615
79 84 7288
606 769 6049
804 871 9581
131 211 6024
339 500 8766
426 726 3557
88 386 4075
717 773 1139
224 894 5679
77 990 5614
130 786 4208
3 5 2657
63 141 5308
384 533 1585
368 882 465
749 925 7586
24 573 1270
117 207 3470
62 657 1327
14 643 359
581 888 2818
1 2 7779
68 754 5622
353 436 6607
328 517 8919
301 615 4667
45 999 2840
699 821 2872
12 279 2699
168 625 9519
34 528 6772
186 663 9695
593 750 7898
281 547 7789
260 635 1074
237 864 7994
83 167 5196
503 882 746
111 340 5803
16 48 4508
601 733 1241
332 422 7249
19 913 751
150 940 2616
809 965 9554
82 642 3529
310 974 6184
590 955 2841
339 454 6151
160 442 4898
719 809 9141
793 994 9969
243 809 3688
291 893 715
163 966 1182
522 752 782
120 150 8531
263 375 7527
47 84 2761
36 53 2743
81 263 4597
652 921 217
160 695 724
188 522 5808
496 783 8604
643 929 7501
74 489 1591
505 594 2717
387 456 3337
58 195 6859
230 623 5541
11 29 3700
168 764 6805
436 652 7553
13 96 1461
271 303 8286
697 799 9713
134 437 4286
150 627 2066
35 455 7762
149 999 5385
289 464 1183
122 407 4246
171 559 4106
446 887 4
590 677 7254
10 179 1195
433 544 4295
121 126 362
392 804 7538
72 124 3525
763 818 1375
118 255 7331
295 384 1917
4 77 2980
327 676 7625
69 718 6668
181 671 1625
115 649 9324
33 902 512
708 909 8240
613 774 6215
545 675 4375
557 726 1975
125 774 6783
192 857 6882
102 150 5174
20 488 9909
240 592 2701
145 172 8896
396 764 6183
361 691 5243
166 639 9517
378 976 6246
421 812 1794
49 923 2912
20 121 1050
778 918 2833
178 257 1120
628 753 8986
248 271 6313
34 166 5132
352 889 6301
263 308 8769
585 643 9540
375 835 2422
789 992 339
177 218 6295
662 789 8901
143 249 6698
35 303 6596
179 390 7944
12 72 7534
6 15 5615
828 904 4538
59 369 3226
696 805 3238
34 722 8310
138 156 694
174 231 410
823 831 9850
9 30 1694
532 776 4123
37 358 4413
155 650 1602
49 106 8272
75 982 2772
32 427 8574
271 629 9379
525 965 9302
239 896 9338
346 539 9623
748 871 9839
207 526 6079
618 647 6214
28 261 9279
2 4 1923
267 554 8075
164 181 6633
622 958 4397
35 316 9657
24 838 9799
107 890 3775
21 89 4338
942 995 9908
171 392 3039
78 333 8412
171 902 4903
375 401 6539
474 648 3924
125 155 6405
26 449 1107
723 869 3266
93 242 4188
248 496 9896
63 870 9720
34 596 9162
31 670 2853
359 808 5342
712 953 311
123 378 6179
256 999 3759
37 40 1889
159 974 9325
663 911 9933
283 921 8739
784 977 2225
326 431 9690
711 979 8604
40 599 8687
120 226 5605
507 753 1495
100 597 4681
1 38 9160
308 976 4310
236 408 8670
49 833 4859
415 613 7907
295 616 5824
85 646 728
31 608 4131
162 297 1491
266 300 5678
177 675 2293
603 825 8115
723 740 7851
361 665 2209
193 331 6293
64 436 2125
13 19 4838
107 254 7602
46 952 462
404 555 2248
256 353 6786
71 812 469
401 597 7329
391 576 1728
221 803 5707
121 419 5913
261 309 8197
460 605 2010
108 374 7380
194 456 9371
296 748 5864
94 99 2939
624 671 1931
89 685 4901
29 352 9445
187 856 7387
74 423 3787
116 800 7862
235 844 9264
49 61 8897
36 143 207
115 300 3017
19 289 6423
475 674 3552
268 307 5562
596 948 8338
426 558 3116
401 688 9819
101 680 2255
1 202 3569
233 884 3856
3 63 3491
324 637 3081
445 997 4684
133 990 8896
462 514 4679
69 602 3218
349 710 4114
47 251 5632
344 928 3801
315 646 4596
24 874 114
339 569 4743
474 649 1003
416 427 8747
53 66 1203
424 633 4839
264 327 3880
686 807 7842
344 877 1138
153 165 4036
5 164 2496
160 269 9919
4 458 5354
69 893 5296
152 224 4404
64 113 7314
159 198 8731
3 356 5986
211 792 7463
215 485 8374
12 988 1842
558 675 7886
112 242 8455
233 544 8675
162 311 9259
227 246 7869
135 840 9331
150 452 6199
114 772 9845
355 443 6048
530 647 9094
27 815 6993
170 595 1284
375 983 1957
374 810 4583
41 891 4435
492 716 7523
303 521 1157
113 638 1878
631 786 3066
317 676 2930
329 427 2898
304 470 6257
418 616 4837
15 524 4344
259 564 1476
569 576 736
77 309 3300
83 874 4955
79 159 9007
162 240 6571
111 632 136
153 843 6362
41 55 6406
571 736 1063
76 326 1952
283 551 9067
403 483 9945
159 526 7419
406 450 5159
110 651 5215
95 439 5116
102 622 2093
148 314 6649
518 762 3731
185 553 9134
29 457 2204
109 770 2499
6 871 1169
218 481 1754
32 649 575
34 426 410
174 470 9112
266 843 4134
255 994 7149
421 448 6754
105 513 260
75 83 9929
16 969 3518
65 133 9800
261 280 5201
724 839 9306
52 101 1242
667 707 8530
386 509 9681
289 555 7150
111 258 5844
520 953 6619
528 901 3897
294 809 3682
36 505 4799
150 805 7111
535 855 1333
457 950 8103
414 710 2288
183 667 41
693 739 6313
17 41 6992
358 459 3094
48 81 3613
124 988 3038
284 925 3556
220 889 331
856 972 1499
426 906 2830
58 217 1520
254 288 6721
114 296 2853
460 955 5541
149 348 4342
162 357 2722
53 71 7667
314 491 1146
365 502 3730
111 341 2317
84 440 5774
232 374 7609
10 532 4654
467 842 824
247 683 1376
590 958 8698
92 536 7168
370 820 9578
353 707 9778
2 315 2989
219 221 2842
295 364 396
114 332 5607
214 457 7388
66 197 6985
8 705 3950
35 37 3904
716 764 1956
245 811 5139
720 765 9711
163 809 6639
342 632 6680
91 144 6149
394 473 8817
315 591 7770
170 777 3412
173 189 8577
81 277 8218
231 416 4953
265 647 5526
301 379 6861
3 924 7866
30 740 9171
10 442 5925
297 852 6739
240 688 236
177 243 6554
133 570 5585
335 986 4883
376 819 8250
423 425 8405
271 342 5369
24 199 1241
55 454 7797
362 892 9176
91 93 5564
27 415 4716
531 951 1383
86 339 9643
508 941 1514
84 92 2255
123 322 8813
629 861 8305
712 972 6704
289 678 9138
530 695 980
376 549 2426
417 503 3573
196 520 8711
46 191 6775
99 364 7117
403 490 6843
60 296 9353
488 794 2042
260 654 3321
248 319 5042
96 670 4088
272 713 5407
297 301 4759
20 367 3118
558 865 2207
288 514 681
437 515 3160
24 385 5285
299 353 2032
295 719 6113
531 831 4158
817 822 275
897 993 8554
174 792 9595
619 843 4215
43 447 9598
140 158 6904
647 768 6740
876 989 1465
14 191 5739
143 274 9138
609 815 9950
167 794 176
649 985 4633
301 705 4013
464 650 7773
5 285 7594
791 954 9892
6 11 3908
551 597 1527
238 711 6970
19 546 8913
678 714 4446
678 994 8133
464 562 3485
124 317 3479
4 75 5639
96 463 8700
148 252 7773
483 562 1034
494 628 5743
5 12 6944
715 745 9009
172 248 9597
174 529 1498
160 230 7796
62 706 4292
14 545 9105
308 915 1859
192 782 3100
129 914 9360
660 935 3055
533 697 9854
250 479 9384
333 987 6521
526 703 9008
84 134 9601
854 941 8439
760 854 4554
603 940 789
119 128 4459
81 851 8295
185 316 7464
42 170 1859
236 513 150
195 259 1397
263 535 4044
87 836 339
166 416 6730
457 556 7605
23 631 6910
32 42 1539
90 175 6799
673 843 7422
226 802 5481
163 309 858
114 818 4817
105 382 2699
746 813 5727
38 139 105
239 479 5481
151 864 3773
508 975 9025
141 206 7676
243 916 3198
166 804 5237
1 51 2669
171 518 4276
74 581 3970
695 725 2498
392 635 9644
377 780 1144
150 487 5629
535 765 9109
511 602 7848
575 883 2142
480 535 4065
108 310 7348
170 609 8863
117 189 6134
329 381 2076
667 917 3559
93 293 480
874 953 2303
402 571 316
84 653 3541
109 193 2135
443 854 4710
185 417 2837
525 917 1685
690 885 9913
238 749 9903
196 291 9103
533 952 6863
652 669 6464
344 786 752
126 152 4692
298 465 4446
12 638 1565
236 875 3096
168 188 2921
4 597 7340
265 842 8049
362 397 3348
70 426 9809
208 649 5396
2 948 3624
84 312 9240
49 414 1525
372 652 1322
187 192 5025
691 755 1496
586 884 1619
469 724 8698
523 935 6878
518 944 9914
314 589 8044
192 416 6528
469 698 7984
528 905 827
706 887 6970
63 584 921
58 524 4238
133 464 1267
572 580 7991
133 169 5245
217 455 2813
36 288 1829
220 486 2719
322 825 4283
358 602 4495
174 612 199
375 751 8510
141 950 1282
497 852 7240
869 942 866
551 582 1889
280 511 7384
207 992 641
98 176 6339
27 460 3601
330 762 4794
280 451 4229
568 713 8433
101 465 8983
8 728 7497
809 942 7143
69 139 8353
348 879 2717
377 468 1733
70 115 2936
345 507 3730
353 703 631
360 645 8901
126 619 6360
15 27 5382
261 291 7069
395 866 304
276 787 1548
186 217 3744
1 476 7045
44 355 5239
667 973 8818
665 705 6757
58 823 3327
306 900 78
182 563 5542
602 803 6989
218 723 6472
15 221 5989
1 60 7041
754 884 1155
108 534 2753
696 896 7040
638 920 5897
671 980 2381
342 707 781
392 561 1481
471 933 839
113 430 2712
370 848 2403
37 79 4035
640 700 2907
199 236 7386
280 980 7715
157 784 1968
770 951 8078
235 635 6060
409 887 1029
789 852 8947
257 982 8209
17 466 7516
574 584 9979
336 834 7557
907 936 3926
5 33 280
685 690 649
515 768 4007
290 583 4681
143 572 3265
366 868 7661
426 769 9047
135 375 2930
9 15 6733
650 851 3258
42 668 6133
114 131 6557
850 978 8323
171 251 6614
632 678 5494
175 383 8430
739 760 4221
17 882 5703
490 755 9988
53 157 5652
78 234 6446
252 540 6179
797 994 989
1 3 5319
123 857 9924
96 277 1069
55 105 8623
785 862 9259
223 292 2343
327 501 1627
321 944 9732
551 926 4432
402 766 9382
27 759 531
718 963 7403
849 988 7970
340 907 2064
184 966 2220
311 399 733
264 439 9090
101 356 2140
2 909 9724
200 441 2389
110 347 1789
530 739 1994
761 795 7980
56 990 7190
24 275 9295
19 282 1801
58 517 7513
296 491 5099
60 321 5929
478 861 2354
563 759 2259
278 380 9056
335 643 4526
104 477 1362
201 238 8570
142 485 4499
79 136 3654
168 929 2575
180 643 7839
59 737 6516
102 283 4383
648 834 5658
46 107 71
135 567 6465
437 870 821
527 561 7762
726 769 6209
145 922 9004
6 74 1928
77 209 4869
9 165 5899
611 622 3252
337 402 7294
186 877 6367
59 125 8593
197 627 746
255 727 1701
142 429 3497
224 619 8175
397 522 5384
35 104 1749
86 498 4122
779 979 6669
37 269 97
489 504 6445
748 829 275
124 186 4621
226 551 4658
43 939 8528
301 706 7029
821 860 6432
34 52 2623
261 806 9248
268 424 1076
460 696 4208
496 607 7959
411 463 9533
178 721 8245
130 145 7997
510 984 9447
114 628 6867
456 771 9926
67 600 1455
97 614 4068
64 683 1251
247 830 1493
727 835 2562
624 675 4623
4 287 7877
299 510 5416
154 609 1293
46 73 172
56 92 7999
83 182 8555
127 734 3598
358 482 3693
803 861 8558
380 536 8136
146 363 8637
338 813 7419
378 380 9173
108 452 9223
843 913 5819
303 617 9005
630 866 6167
258 925 3345
86 225 3392
559 729 1385
95 243 6698
361 702 5253
274 306 8165
333 852 3589
15 479 7217
177 196 4097
518 582 473
478 963 6682
321 574 72
229 297 606
29 702 182
543 906 7126
10 146 5320
70 110 8781
645 950 5521
91 653 4261
67 88 3602
638 773 6036
68 204 8594
672 768 6371
86 174 2814
242 760 7426
114 370 816
236 467 7903
387 870 6033
622 674 6718
298 677 624
411 453 708
166 771 496
225 648 2306
703 962 839
69 544 7641
230 982 1759
834 911 6876
411 524 2202
274 494 9070
240 412 9930
936 989 5852
291 670 3700
263 531 9502
125 901 1046
72 144 6754
192 553 24
9 524 1829
360 513 3333
155 736 8216
855 948 4092
420 578 4319
724 731 9923
492 537 6618
178 393 9196
324 581 2554
4 6 6556
375 974 7317
104 445 5380
46 70 8236
494 941 2180
147 170 3707
126 258 9734
239 796 6734
139 541 9502
211 382 2124
132 484 3359
490 766 7080
486 806 2787
179 186 6352
101 524 10
441 810 6501
22 664 1616
27 95 1028
454 791 302
322 539 2957
795 899 1091
147 801 1558
114 349 7625
275 355 4120
28 36 4338
175 200 789
29 328 1645
511 645 4660
763 878 1544
272 874 723
163 821 3841
259 525 2379
121 144 8176
110 792 254
94 371 1509
434 825 6907
460 907 8206
630 926 6330
60 827 1179
610 863 7832
684 784 852
88 627 6864
643 695 1527
707 775 4618
95 745 1660
394 594 2852
16 184 3984
635 863 7551
42 495 4147
410 474 4050
230 959 8030
176 212 7572
40 82 6624
21 40 1951
179 674 6979
464 704 7674
99 761 5112
34 508 7732
240 510 434
503 908 1211
169 819 9552
134 867 8945
799 853 9623
425 441 562
91 404 890
454 955 2371
194 617 6706
12 320 3057
313 837 6669
114 122 1904
311 944 916
241 500 1079
122 220 3610
260 368 1747
233 406 9301
376 538 6916
767 996 177
222 286 2677
375 515 4705
255 583 4895
60 492 7387
232 717 9748
416 957 3838
96 341 1519
703 740 6020
423 509 319
301 661 6760
229 247 801
800 953 4708
324 866 7083
111 646 7710
64 132 2520
281 325 268
395 811 2432
106 590 178
312 584 7963
165 187 1227
418 462 38
471 615 8801
248 327 9866
747 965 1651
177 494 2412
37 978 8740
136 678 2522
64 407 6827
130 260 1420
78 638 257
162 880 586
61 173 4568
17 313 1852
515 793 4560
339 373 2493
601 711 7276
624 733 6667
35 546 6466
19 28 17
584 595 3418
248 722 7826
389 743 6163
224 630 6820
438 925 5043
243 294 9535
204 958 4250
186 853 4594
107 157 719
203 886 2393
15 21 2405
233 979 854
25 187 8246
664 833 6844
170 171 8117
421 757 5104
98 711 8096
730 919 2242
15 116 6730
206 915 5230
72 132 9618
416 645 8068
73 373 3573
438 509 1282
719 862 9546
435 693 935
672 793 8581
29 59 8704
200 790 8706
227 879 7791
182 469 3699
85 218 1445
315 396 7699
509 832 6525
710 811 5534
16 276 3983
525 625 6519
93 810 713
236 264 3313
36 794 1207
97 740 9490
469 581 5325
63 64 4868
175 566 9231
398 539 8614
445 646 6111
89 556 3578
848 912 2420
20 302 6069
66 232 8470
429 979 8243
97 493 3896
196 691 1953
52 438 7611
202 323 9373
243 699 389
8 398 8954
250 278 5272
188 421 2712
641 689 2683
97 700 7680
363 577 2402
285 353 1797
540 778 1946
68 185 7415
2 84 4725
793 924 2420
887 899 3430
98 269 2779
202 326 402
510 533 8480
140 183 6820
342 980 4048
298 789 8373
160 213 7275
731 790 2009
155 869 5949
654 662 2012
192 201 2197
576 709 8168
101 934 3080
183 771 368
340 893 2568
437 797 6261
571 973 8388
544 878 3634
400 544 3021
47 225 1626
467 878 8837
408 934 5025
7 44 3272
343 506 5744
203 251 8604
30 324 2370
274 483 3349
56 756 2117
52 605 5974
160 404 2608
61 134 7364
334 584 3589
557 884 3367
346 674 9866
62 741 2132
129 648 9059
118 418 4000
140 273 3561
642 870 3954
65 381 2032
7 114 5684
317 468 797
384 702 6628
279 937 9023
323 626 2458
114 500 814
835 856 6680
248 501 4015
351 670 7513
95 666 9866
444 603 2257
760 763 3073
147 208 3190
257 988 5830
124 473 8202
146 923 8809
33 127 2128
516 917 1228
47 311 176
296 590 9923
318 493 6638
33 891 8545
362 975 6429
137 996 4428
394 479 3430
399 719 440
693 1000 7878
145 945 3357
268 344 8764
407 842 7443
92 334 1163
509 644 6295
329 923 5226
456 679 1979
108 708 1731
246 472 3236
144 216 9868
324 626 3605
264 746 3880
379 869 699
97 995 8064
50 139 9343
67 161 2063
597 648 7103
610 795 1997
331 735 7658
493 987 9899
2 224 2419
266 523 9347
209 498 3609
24 26 2653
35 300 1039
445 715 6356
783 986 3513
58 64 6427
304 823 327
130 265 1384
307 622 284
83 398 5848
371 998 151
42 171 1684
150 222 293
532 734 1272
397 960 1840
300 976 7704
14 67 9724
765 935 1408
184 815 4637
353 399 6854
152 967 5067
633 858 5291
290 592 2168
33 347 1564
404 598 4140
89 98 2221
386 612 9512
24 100 7248
830 905 7138
479 935 8216
78 861 9504
319 882 2203
541 741 4887
748 849 2358
118 119 3666
486 588 7516
678 903 6162
398 571 8884
401 550 1803
592 945 9485
867 897 8326
130 471 2754
168 335 9948
331 900 3736
488 864 3254
41 688 7351
421 434 602
421 706 6642
467 892 4795
280 672 2980
206 585 4872
23 699 8742
79 732 6603
205 766 789
4 337 6579
7 8 7853
589 932 1415
77 713 4728
9 239 5484
340 565 6930
459 694 627
353 772 9906
198 247 5738
266 579 9277
6 194 9086
78 148 238
133 365 730
444 621 1811
361 797 4406
184 540 2220
445 793 2350
258 578 3413
316 497 5046
167 556 7103
789 891 3667
221 728 3691
883 921 7419
205 579 2350
27 530 5189
176 332 7080
521 998 7327
10 168 5967
38 744 9876
756 803 2727
67 894 1378
597 881 7798
93 885 5604
27 724 6270
37 645 6967
71 922 840
642 845 1539
309 624 3411
32 49 9151
443 877 547
460 575 6073
628 695 8738
182 945 9827
81 444 628
521 548 3649
706 840 6417
187 305 4234
116 190 7312
691 813 461
338 809 5233
10 45 6229
76 672 7539
397 952 204
75 151 2113
797 907 41
560 832 5185
423 756 8721
404 601 9930
36 116 7520
573 580 7495
778 796 1463
342 930 1905
61 69 6805
159 461 4661
115 869 4199
12 164 2673
187 295 121
57 376 8624
477 617 8268
82 566 1314
561 620 4416
58 343 7030
67 129 9505
83 90 4048
118 634 7947
483 802 11
91 987 796
29 604 3516
178 336 5413
138 548 2793
473 557 4605
137 860 3969
258 423 4201
124 600 7410
794 919 3451
33 147 580
190 568 8221
8 905 5322
746 785 7330
5 817 2179
69 227 3324
36 824 1212
555 657 1142
733 770 8977
43 666 2356
168 623 9618
53 226 8249
339 422 1130
34 196 1925
542 971 3670
870 970 921
138 324 3239
42 129 5270
125 495 7299
670 948 6239
533 938 7998
130 404 4194
151 486 7018
161 985 6188
671 675 3093
71 250 7919
383 679 235
147 660 8056
559 572 4564
49 713 6868
26 725 2133
346 565 6725
452 801 2754
245 484 6929
400 488 2108
433 448 1477
275 860 8365
63 538 8995
166 257 5256
431 921 6864
356 893 8674
371 778 3955
418 883 8250
798 867 8315
236 469 4616
182 816 6987
56 205 7119
63 533 1363
45 953 11
153 366 156
245 625 1153
146 403 7143
55 494 9197
280 963 11
8 46 3767
185 640 8578
410 593 3797
62 480 8762
4 97 4257
85 110 1922
130 618 2867
18 58 713
137 472 4607
41 215 1722
119 298 5153
272 428 2695
131 142 1424
16 971 2596
108 658 3433
22 35 1357
479 857 498
12 618 6121
124 747 5485
189 250 2767
249 475 1082
488 557 544
188 412 8814
151 254 9072
138 348 4414
270 410 6642
142 640 4932
676 736 1131
139 823 8691
118 156 4068
260 352 7973
178 590 4160
26 304 6591
147 270 9496
90 276 9232
307 914 8557
553 654 456
257 303 4544
330 991 2069
8 476 5982
181 972 4001
709 733 191
269 604 881
478 503 6107
303 700 5805
183 228 8610
610 889 1
66 103 7214
157 713 9278
723 867 1945
81 274 7912
26 112 3888
119 306 1342
725 912 2707
49 123 8433
432 655 1385
164 896 140
45 930 2815
485 671 7058
68 530 4462
659 913 1031
554 856 4627
45 60 5347
7 390 3688
397 975 4096
21 26 1165
720 963 9245
334 354 8
512 813 2263
148 609 5469
394 980 6484
164 277 8029
300 351 3092
804 837 9188
254 330 2338
253 256 5407
142 518 7040
144 822 104
231 712 8795
760 846 356
24 719 401
929 949 6135
187 615 5389
6 39 2471
131 148 927
306 759 5760
555 816 8065
503 514 6290
55 555 4499
490 989 4762
316 932 3591
409 894 865
506 781 1896
637 961 1240
104 932 9545
975 10944
224 16
91 4102
870 12274
642 13296
883 13260
746 6617
740 10687
820 4479
523 5132
15 12589
637 2076
457 13038
339 11169
779 434
943 6610
698 2036
405 773
613 7264
338 9795
255 11780
767 2885
120 4892
183 5353
402 3981
655 7206
96 5469
4 8737
722 13081
83 88
931 6333
322 7243
685 10878
325 13430
309 2481
835 7348
164 7655
17 11457
18 3521
418 8424
824 14957
652 4248
414 8039
116 12859
192 9707
77 7337
349 8057
872 14924
521 11879
922 1312
783 5251
479 3205
404 9050
198 11050
493 5914
176 5954
234 3607
847 12048
986 3849
587 2167
32 5896
127 10584
331 5646
964 3203
611 7458
622 11424
553 6103
998 9232
445 9151
488 4731
735 5067
1000 14170
703 2739
112 880
534 9074
244 4343
863 12085
500 14086
810 4447
618 3388
95 1952
643 13812
172 14065
888 2531
332 5880
673 4991
744 14879
159 14537
614 11876
806 5813
599 6712
29 4098
543 5526
107 11590
301 12475
939 13113
398 5946
626 8589
577 11677
121 4186
751 3234
133 7235
209 3736
697 2281
541 5505
501 13268
504 14607
410 13676
743 7162
197 5683
221 585
100 1169
22 940
188 3452
298 14884
497 11861
976 10372
179 6383
103 14506
550 12455
969 1044
506 3274
507 418
693 13700
213 14391
946 4862
549 13472
897 4349
876 13480
373 1247
356 2968
535 14758
954 7457
431 6814
306 6466
560 11582
466 2913
777 5477
712 5007
463 1464
435 3056
555 6879
46 7401
88 4271
669 1792
691 11002
575 2315
902 9447
401 11629
131 4960
817 5593
70 720
130 12791
849 4709
830 9462
243 7238
961 309
913 7325
934 14991
203 7284
944 11698
914 13738
346 6102
898 10363
885 1240
199 12775
996 8629
9 7761
170 13349
860 5671
342 405
799 2564
532 4783
567 8972
33 11973
812 14062
823 12970
358 3637
165 7924
526 4646
37 1445
403 2903
155 14971
554 10185
908 5627
924 14356
874 3579
571 10253
115 1442
838 12336
950 6915
441 6976
537 7663
273 2850
143 11756
886 14044
27 9873
374 2065
880 2873
666 6870
533 10088
531 2245
918 4308
792 14868
311 8961
265 796
489 12997
604 9969
509 8338
610 12220
336 7656
601 2194
251 970
135 8689
242 8892
933 6296
942 13848
494 12868
436 9426
938 4648
442 2809
136 2565
778 4722
42 945
297 1616
139 13212
715 8212
853 14448
720 5241
109 8241
801 5389
390 916
453 14947
960 2322
205 4864
615 2692
85 3825
43 2401
237 3688
851 1722
707 4020
696 2744
647 6849
326 12189
363 3301
317 12523
907 4852
530 195
761 10693
781 5390
561 5623
846 7672
257 14270
552 6272
840 10124
28 8047
334 962
850 7811
759 5681
370 386
719 6743
371 14834
540 11153
220 8108
267 1763
58 10162
861 3190
458 3234
671 9340
357 9393
223 11496
811 6255
412 10353
952 11523
106 9994
411 14646
974 10617
962 987
61 8815
206 6237
528 9944
347 8256
702 8076
990 12514
603 4607
953 8547
367 2130
617 2282
563 13978
330 5434
832 1694
394 7131
270 2322
836 5207
593 4115
755 4293
630 13375
280 9833
884 9036
536 11173
716 5657
219 449
789 6427
157 942
845 3175
621 1689
967 5420
608 3699
675 7522
606 10979
230 12562
84 9442
828 2904
444 7564
56 9876
181 14678
807 10837
288 10563
44 5810
87 3450
966 14433
193 1683
99 13645
238 3920
14 572
249 6368
581 7721
473 2804
829 6269
369 13292
727 4170
584 14987
687 12829
427 7335
382 11585
752 14697
920 10477
871 14864
600 13367
351 14507
228 12181
747 11715
579 8314
724 7881
452 2981
23 403
324 1727
152 12292
195 9676
988 1497
713 11666
233 2559
13 7673
706 9440
48 6689
891 7058
313 74
480 9317
477 3349
333 5070
417 8603
688 8549
151 14159
57 10029
585 4233
941 5389
937 4728
910 8190
178 8049
629 14128
240 1549
281 11441
664 3412
387 10213
145 1755
802 1706
848 11454
935 10712
598 10128
857 5900
424 14326
361 12933
682 14483
160 5117
496 3867
252 12713
839 3732
365 9878
113 5836
299 9039
74 3031
278 7077
274 4971
513 2254
448 14779
241 9823
400 4199
855 10690
989 13608
660 13445
235 5406
36 974
690 3082
732 2004
745 1339
368 6938
925 6551
736 1808
940 8631
253 11951
482 186
856 3040
186 1293
124 13866
462 14394
512 14505
19 13815
355 6096
138 3757
227 1891
709 1677
979 7839
354 2132
129 9787
900 12196
62 3756
487 247
505 3226
632 7360
776 13101
784 993
997 13377
455 10799
470 7552
985 10458
168 12933
304 9093
166 4502
754 9636
503 7504
726 9302
770 14178
282 704
215 1996
972 2584
26 2097
291 4788
725 11251
733 4568
797 13819
260 8900
619 8644
773 3749
890 2432
831 1972
24 10015
34 2958
956 975
771 11149
472 5219
292 1328
895 11267
290 7522
498 8455
583 3879
86 5829
980 13734
94 8112
734 14517
384 2057
55 6756
589 802
866 4293
973 6728
592 6001
495 2700
397 934
544 11891
994 9493
386 7496
340 896
948 4243
256 2095
422 14083
729 12246
284 10319
679 5687
460 14828
141 122
229 4844
111 4424
814 4685
476 2677
545 1627
68 2645
977 12128
110 8243
101 5040
963 2748
312 14825
65 5987
323 8875
163 12517
226 12698
161 3670
805 8879
864 11487
816 4133
461 8318
236 5396
296 7164
834 13637
680 837
380 8488
893 11089
208 13257
167 9676
570 5340
146 8273
1 10259
803 9093
396 9173
320 11622
8 5882
588 3532
731 8272
639 6541
254 11749
596 13266
868 11518
38 9924
511 3737
912 10270
633 10503
678 12380
315 10312
177 7097
667 4950
992 10323
10 10050
211 2494
71 11634
194 5368
423 13748
360 2489
39 12559
826 3508
202 7708
568 1434
591 7226
134 10634
749 3854
878 11056
518 3853
551 8280
657 11107
150 976
247 7536
995 699
546 3371
875 519
674 914
153 10850
502 3037
795 13171
841 4139
437 10569
927 8847
508 1171
31 179
429 734
327 10947
232 2008
970 14945
923 8296
321 11922
899 3345
809 5494
162 6248
467 11335
978 8234
171 10318
947 13504
89 6870
559 5316
490 5284
214 5316
464 10369
658 3266
659 13433
625 1228
663 3451
63 12630
662 9936
40 14961
142 1363
887 11822
999 14652
766 7691
936 3563
471 5617
699 5599
590 9254
388 7539
714 2718
474 7237
635 14111
538 10582
11 2319
710 8423
514 12364
459 6750
793 11089
276 2841
565 5200
929 13717
446 13735
246 8898
539 1360
738 7628
677 11200
492 9447
982 11396
951 14213
641 9017
949 818
447 2134
993 7726
765 4830
140 12234
808 5041
93 2604
574 11435
485 12343
47 2270
686 5281
432 5952
392 823
98 9106
364 14634
930 458
376 6422
187 8279
144 500
222 11311
819 4263
409 9149
207 12787
231 1375
41 5754
911 13333
624 6562
708 3338
906 7229
833 10249
54 9341
631 8748
128 9276
796 862
965 6821
379 10721
656 6917
204 4413
945 1923
269 2144
519 4668
787 4253
454 12246
449 681
78 7312
80 81
762 3484
694 1432
81 2448
283 8389
105 9228
742 11066
158 10636
468 6561
786 8494
430 417
862 14808
117 5773
118 5077
928 13805
612 3557
483 14437
353 219
465 14313
216 14455
148 14218
421 7126
785 4984
919 4319
156 10218
873 4349
958 8170
35 5406
750 8689
957 12171
648 10702
3 14066
5 2231
798 10173
439 10727
52 13069
892 1535
607 336
653 12633
341 10525
728 2395
210 7833
548 12185
191 9411
517 3042
225 7655
184 4639
73 4254
310 1122
837 1537
628 11466
605 2715
344 4181
894 5572
695 1784
780 10162
375 4059
769 5362
794 1313
182 5958
248 9285
426 3376
372 1272
307 11069
737 5485
634 11430
125 2507
879 14549
623 11960
137 14572
586 13282
854 13
524 1049
991 12842
572 13901
564 12237
821 1461
932 4557
378 318
815 1428
413 869
672 5122
616 10797
108 12191
419 1862
217 2735
689 8276
406 3892
595 3624
126 8012
921 12929
67 6747
609 516
842 1136
983 1451
300 3261
915 14261
562 4355
547 14907
484 1188
827 10327
822 12990
649 11625
651 10335
968 1273
896 11156
261 8505
45 5754
582 2349
566 2586
196 13113
987 11650
529 5254
852 11257
516 9088
438 1026
212 4195
522 4081
264 1152
266 9449
383 1144
293 12281
279 2115
788 3629
705 14398
881 11205
681 14155
60 8647
684 6060
481 12438
971 11236
451 4804
119 11393
557 10772
556 4558
865 6724
542 14991
201 7880
825 6978
654 206
259 1674
428 13219
92 5485
859 2440
82 826
132 5085
627 6854
955 618
102 4543
20 5330
764 12497
425 5716
154 1381
287 10015
889 7017
791 1487
169 10304
984 4895
12 6877
271 4689
558 3814
408 3132
190 7776
114 11074
858 13422
520 8099
277 3725
843 2064
348 8688
175 10797
64 6401
756 3322
262 4203
804 10634
319 6636
104 2663
25 3979
650 8055
69 7271
395 10996
717 9368
294 11440
981 2673
337 611
53 7197
318 3041
580 9070
730 2398
185 1299
700 1979
670 8997
391 1375
7 11351
456 853
916 6666
683 4475
904 13567
343 8423
329 12864
149 14954
760 9883
16 6571
903 10557
645 11371
867 2781
51 4058
328 9245
174 9443
97 3663
602 13755
377 71
90 12377
123 14609
882 13801
718 4882
665 8861
258 12608
189 8570
800 2610
122 13414
295 151
475 8519
335 139
303 10073
721 7045
597 5348
491 10625
218 9636
739 11040
638 1891
905 1439
704 8136
393 3248
768 6692
926 1980
644 12874
818 4439
76 1957
440 4864
79 8260
285 7789
443 10836
147 13183
661 3281
314 13890
389 11373
180 13771
173 5744
286 10420
772 8625
433 9026
640 12623
72 1062
959 10770
844 2398
758 5379
757 12385
646 8448
573 1662
901 3295
407 13081
774 3267
510 6212
21 7835
723 2204
239 14484
486 1386
620 11602
790 9967
345 14833
478 284
636 2845
711 8214
420 12523
268 4464
515 9435
59 351
701 14128
594 5689
275 10486
352 9766
399 5669
415 10451
450 3422
748 2489
416 8697
753 13471
49 4991
2 2240
578 7218
272 2478
200 3905
869 14334
50 9586
289 13905
909 13434
576 14763
692 7593
350 12751
250 1509
499 391
741 13010
813 10302
917 10606
775 13696
362 1055
30 11436
359 10073
366 12907
75 2984
263 3583
527 8842
305 10769
569 12146
316 14312
469 12960
763 13499
668 4043
676 10123
245 10601
877 5316
308 11353
385 12948
434 2892
66 13938
6 3839
782 2731
381 14033
302 1487
525 12880
