1000 2000 1000 116
359 382 3898
125 492 5584
58 216 3793
379 869 8831
246 472 1390
264 270 270
42 170 5354
101 934 3445
794 915 3060
489 501 3437
280 963 4872
15 479 622
823 827 6672
420 575 9419
1 2 5721
384 533 7046
298 315 1264
122 327 7773
177 672 3672
152 224 1246
467 838 7745
712 953 1316
170 595 5543
645 950 2796
182 563 371
66 196 5682
93 806 1637
5 163 8666
66 231 5636
643 692 4884
800 953 6830
75 982 125
143 459 1419
478 503 3812
201 244 1717
609 815 5079
62 853 7021
72 354 3562
763 874 5604
177 494 3668
11 999 8600
19 79 2859
16 881 6389
570 907 8829
12 317 7272
169 819 4675
339 500 4713
95 242 7419
114 367 2857
8 905 1043
515 793 6278
127 292 6220
3 15 1855
68 530 1914
284 455 9179
63 866 4539
235 635 1804
194 617 2415
506 781 6483
533 938 3238
115 297 1755
239 792 9626
226 361 9645
24 224 1633
353 462 2066
531 831 7562
27 94 9798
262 867 6606
240 410 345
133 567 2058
122 407 6410
65 132 4066
242 757 5174
398 539 1364
256 350 4621
125 774 3807
281 865 6809
303 700 4819
92 854 9500
3 371 4775
1 340 6851
684 780 5580
267 319 6408
502 739 3817
112 241 8440
275 860 8793
622 958 7063
157 713 8330
103 701 287
557 884 5676
132 484 6683
414 624 9610
443 877 4610
14 417 9583
2 3 5241
21 369 8321
319 392 3558
75 150 9155
33 146 1330
115 162 7764
186 853 3382
247 680 7267
85 110 3859
29 56 9532
437 797 2070
69 138 2507
188 418 5036
762 831 7904
114 768 2047
426 555 4574
624 733 9232
354 608 8093
114 625 8303
240 510 7440
63 584 5017
35 103 3342
397 975 6011
32 64 6378
195 657 8159
223 289 2308
178 718 7635
421 434 3671
233 649 1884
410 585 1282
187 292 2812
91 768 4236
109 192 1697
168 187 2898
488 557 7668
444 621 5535
499 707 3597
224 894 7079
21 127 4980
649 981 500
535 765 5252
290 592 314
34 593 3031
46 106 4756
117 189 1164
107 865 6068
287 298 5763
693 739 2101
431 921 4962
122 287 7750
58 61 1716
271 560 7628
221 728 8833
301 706 4043
101 465 8738
670 850 6408
54 977 1909
3 30 5543
93 885 5940
663 907 3548
768 993 7702
404 555 5316
707 771 8135
288 524 3920
457 997 3966
847 914 7504
258 420 2840
589 928 4060
6 36 6091
328 517 2000
510 980 5515
496 783 78
80 919 1316
316 932 2866
121 143 8758
193 328 6969
6 7 7545
5 282 5900
102 622 212
410 471 1152
541 738 1226
342 707 7143
49 58 7157
228 234 2765
147 170 1830
258 578 8901
238 689 6433
804 867 4855
268 424 4624
258 315 5273
392 800 5147
363 574 8389
73 667 8820
29 402 6049
378 380 5368
195 258 7397
1 21 1853
266 843 6000
201 984 7738
597 877 1448
322 821 8276
281 547 5408
67 160 4724
5 841 3330
817 822 2375
495 639 3241
454 955 2789
226 551 8799
225 648 9730
441 463 5054
192 416 5534
46 613 7672
16 45 7373
315 588 4478
435 693 2853
233 979 826
164 181 2520
12 638 385
130 786 1001
699 821 9100
551 926 6581
33 125 6544
42 54 4
40 864 9208
76 323 9790
53 70 7298
147 797 671
68 751 9180
10 529 3096
216 307 9827
339 422 837
417 500 1760
362 975 9960
171 902 6196
164 277 9459
160 442 5459
28 987 4116
203 250 635
715 745 5045
88 117 2876
362 394 4153
58 524 1187
4 597 6339
645 854 551
339 370 5311
785 862 2637
307 619 4289
9 524 5911
168 623 1889
309 679 4615
723 867 8466
33 887 3071
145 922 4484
185 553 862
118 664 946
59 366 5711
26 446 7993
11 228 6509
173 925 1463
298 674 4441
29 81 7600
542 940 7602
192 443 3798
530 695 3118
445 789 8493
344 782 5892
224 616 2401
429 979 2682
195 366 1430
462 927 5245
327 676 2358
17 310 5873
856 972 7138
71 251 1828
52 352 7283
395 584 4385
61 134 9292
4 76 1631
401 688 1540
55 494 6236
3 20 9048
406 447 4617
174 526 2619
509 641 3205
34 525 2429
46 69 4203
639 963 9107
139 736 6112
115 787 9692
52 101 7493
719 858 1068
192 200 3984
98 175 891
403 473 8320
66 289 1295
60 318 7961
62 706 8205
28 34 2920
170 458 3963
537 770 4611
156 164 3199
260 632 7555
119 955 5340
93 290 3695
80 110 5775
622 674 6620
404 993 4558
82 563 9070
320 933 7023
79 729 3823
343 554 3666
147 660 508
72 132 1308
52 787 4918
619 843 3484
390 908 7138
394 470 151
303 462 9356
293 777 1262
187 191 4452
674 750 4780
478 857 8941
171 251 3355
99 994 2708
376 912 9343
49 923 8303
235 924 1514
411 460 8646
101 521 7805
214 454 8493
490 766 6061
569 936 5468
353 433 1013
471 615 8889
765 935 7922
3 60 4286
611 804 8778
261 288 387
149 999 3379
555 925 9660
511 602 1022
632 675 5732
327 498 1923
260 365 3843
205 923 9107
95 666 7940
307 507 7071
123 378 1368
530 739 4741
60 823 2776
65 508 3391
394 976 4831
830 901 5322
95 745 6254
97 740 9158
35 455 8737
287 587 4572
129 914 8305
488 709 4998
79 158 7561
19 25 8451
248 692 2139
377 780 4034
94 368 3804
719 809 5647
78 147 1199
876 989 4615
74 581 4625
24 99 6574
257 300 5223
21 37 7300
238 711 9750
17 29 8733
107 886 9094
391 576 8489
84 650 6813
100 594 2327
374 810 4359
165 186 7280
65 441 1359
64 404 960
478 959 1359
84 309 6275
489 840 9098
543 902 4548
343 759 8471
528 901 3329
56 753 8878
150 484 2022
53 953 3949
176 329 9424
14 496 5678
520 949 6442
496 901 2497
654 762 2380
239 479 8389
116 483 874
40 596 4994
347 890 2653
14 66 621
712 739 9706
685 824 3437
173 188 2310
236 875 4436
513 822 2588
486 585 4956
206 911 814
245 811 5513
99 549 1066
187 852 1876
500 594 1747
349 707 6609
174 243 6310
12 618 2618
58 823 9023
121 416 8731
29 352 8611
236 263 6687
432 652 4433
268 715 7155
243 809 2896
342 930 5265
329 427 124
153 363 4140
250 296 5722
756 799 7333
310 665 6251
353 707 5154
261 309 2484
6 73 9497
746 813 6539
74 486 7277
60 274 4106
83 874 1391
177 805 2030
529 666 9716
39 175 6072
43 939 5342
74 423 1315
376 538 3914
217 452 8127
678 994 1535
853 894 3843
444 600 7250
81 275 2161
642 845 2010
524 767 3339
187 302 7704
325 345 3862
248 319 2229
261 278 2262
102 281 1659
421 808 2709
611 622 6462
439 556 3835
353 372 9720
347 891 384
71 169 3950
266 554 9482
478 843 2528
306 759 5345
200 960 9958
770 947 1063
33 898 5641
11 26 5667
45 57 3750
144 818 2024
126 258 7266
4 5 4092
137 469 5323
404 598 4879
314 586 2377
423 425 2041
200 438 9392
8 725 6675
488 794 2340
290 481 1697
77 301 9262
490 755 1589
748 796 1242
134 434 2938
114 814 2642
102 761 765
137 996 7263
78 635 5406
401 597 2053
695 722 1703
34 108 7531
458 740 941
488 860 7218
329 923 332
201 237 8743
264 439 4891
57 373 6015
551 582 2768
166 804 9212
31 107 6881
804 963 386
268 341 7415
170 171 8433
570 673 1738
331 896 8570
69 599 8554
137 907 4796
36 987 2854
130 264 985
507 750 8550
798 867 8709
99 620 6152
288 315 6736
3 53 5656
206 540 8127
367 752 4307
528 754 2926
514 965 3292
760 850 7568
180 510 22
133 461 3543
346 536 9748
397 552 5104
101 677 452
215 482 3275
333 852 2121
116 189 1423
72 144 1784
731 786 1465
18 55 1945
368 430 4280
106 587 4836
321 530 3205
366 864 9447
707 760 1424
167 358 6655
301 658 6201
311 399 8283
362 557 9466
131 208 9549
176 213 2984
283 921 9151
573 580 6632
51 773 6858
398 571 7223
10 167 9651
46 742 7761
142 505 1062
167 556 5075
648 834 1103
672 768 9559
163 309 7842
111 337 3205
843 912 2607
33 347 8432
202 209 500
151 864 529
117 207 3630
386 609 3612
850 974 1886
206 582 3562
88 627 8795
410 590 7558
65 378 6618
441 810 4857
473 557 7177
124 988 9555
131 148 7659
497 559 9281
91 404 4152
24 874 6132
503 868 5983
36 794 751
119 303 8828
535 851 1227
733 843 3795
103 252 1747
290 583 6285
9 27 1194
649 813 6088
154 326 6321
352 665 4753
31 670 7013
32 224 4851
706 871 4957
92 331 8251
108 449 2522
5 10 7714
587 826 3228
596 948 5239
477 617 4822
69 715 827
439 603 9677
350 914 2098
587 744 1344
397 522 1724
876 948 1593
15 18 2166
290 992 518
525 966 5744
34 344 1895
266 579 2810
549 642 4719
375 831 6156
460 605 8932
233 465 4579
421 448 8146
15 115 8963
182 469 7426
559 617 5613
220 573 180
20 93 9646
703 740 1938
55 555 6143
461 493 8615
13 17 7288
343 503 6049
167 790 9581
38 394 6024
569 576 8766
848 908 3557
255 580 4075
509 828 1139
303 518 5679
660 931 5614
64 112 4208
49 833 2657
544 840 5308
124 744 1585
117 206 465
483 562 7586
612 658 1270
99 361 3470
586 710 1327
27 457 359
321 571 2818
146 919 7779
402 953 5622
2 315 6607
91 212 8919
30 324 4667
90 274 2840
672 793 2872
317 468 2699
720 761 9519
257 988 6772
311 944 9695
299 406 7898
61 68 7789
71 316 1074
716 764 7994
126 136 5196
111 341 746
113 427 5803
773 996 4508
445 643 1241
340 957 7249
778 796 751
227 998 2616
346 465 9554
148 609 3529
712 895 6184
22 661 2841
79 397 6151
34 423 4898
255 724 9141
724 728 9969
318 513 3688
689 775 715
104 477 1182
37 355 782
295 639 8531
268 388 7527
12 19 2761
445 997 2743
222 283 4597
114 332 217
38 878 724
40 82 5808
183 227 8604
143 785 7501
42 169 1591
314 488 2717
153 839 3337
574 584 6859
982 984 5541
48 80 3700
66 102 6805
201 955 7553
100 118 1461
232 374 8286
496 806 9713
793 994 4286
559 729 2066
48 374 7762
172 832 5385
14 51 1183
7 221 4246
318 656 4106
351 670 4
157 784 7254
606 769 1195
406 408 4295
250 279 362
353 772 7538
34 49 3525
198 246 1375
98 100 7331
95 439 1917
221 421 2980
843 913 7625
221 803 6668
485 671 1625
154 609 9324
438 925 512
464 559 8240
155 869 6215
208 980 4375
436 652 1975
409 887 6783
747 965 6882
239 968 5174
114 497 9909
294 805 2701
60 602 8896
65 109 6183
375 970 5243
610 795 9517
804 833 6246
1 6 1794
480 532 2912
164 896 1050
108 371 2833
97 700 1120
24 199 8986
597 645 6313
257 384 5132
181 671 6301
224 627 8769
340 565 9540
185 640 2422
280 980 339
726 769 6295
86 225 8901
159 458 6698
356 893 6596
172 247 7944
199 235 7534
134 867 5615
508 941 4538
319 385 3226
268 474 3238
146 360 8310
322 996 694
299 490 410
797 903 9850
616 980 1694
390 534 4123
652 666 4413
140 271 1602
363 905 8272
203 950 2772
155 381 8574
274 306 9379
334 356 9302
50 77 9338
727 835 9623
307 910 9839
7 13 6079
289 464 6214
130 145 9279
188 512 1923
466 544 8075
183 771 6633
298 649 4397
152 351 9657
236 405 9799
255 994 3775
297 611 4338
251 755 9908
313 837 3039
96 463 8412
6 193 4903
563 756 6539
2 944 3924
358 456 6405
344 924 1107
34 508 3266
557 723 4188
240 589 9896
245 484 9720
559 569 9162
533 697 2853
41 52 5342
47 251 311
711 873 6179
77 710 3759
691 752 1889
58 202 9325
125 154 9933
854 941 8739
59 123 2225
760 846 9690
43 568 8604
266 300 8687
280 672 5605
114 122 1495
10 140 4681
460 907 9160
159 516 4310
332 956 8670
386 509 4859
387 870 7907
229 247 5824
324 634 728
83 256 4131
530 647 1491
158 159 5678
248 722 2293
29 702 8115
416 957 7851
84 91 2209
273 791 6293
709 733 2125
263 535 4838
136 340 7602
297 298 462
864 979 2248
250 476 6786
511 645 469
101 559 7329
432 706 1728
414 710 5707
534 694 5913
749 925 8197
163 821 2010
141 950 7380
243 916 9371
295 616 5864
665 702 2939
334 351 1931
175 566 4901
828 904 9445
358 602 7387
99 758 3787
8 476 7862
96 338 9264
83 86 8897
394 422 207
23 696 3017
333 983 6423
518 579 3552
48 153 5562
479 857 8338
164 673 3116
389 454 9819
403 480 2255
440 744 3569
192 550 3856
185 414 3491
532 772 3081
203 886 4684
510 533 8896
140 222 4679
177 217 3218
315 393 4114
12 988 5632
464 704 3801
379 679 4596
835 856 114
64 683 4743
16 183 1003
183 635 8747
94 98 1203
9 165 4839
652 921 3880
36 288 7842
53 583 1138
555 816 4036
13 95 2496
492 713 9919
24 26 5354
304 470 5296
316 494 4404
133 316 7314
82 642 8731
93 334 5986
3 353 7463
1 201 8374
180 643 1842
185 313 7886
209 495 8455
685 687 8675
259 479 9259
27 527 7869
762 791 9331
41 891 6199
325 333 9845
212 375 6048
32 427 9094
229 500 6993
139 538 1284
36 726 1957
392 561 4583
243 699 4435
730 919 7523
28 260 1157
822 899 1878
26 111 3066
189 436 2930
124 600 2898
272 713 6257
255 472 4837
283 548 4344
400 595 1476
586 880 736
469 578 3300
4 74 4955
67 129 9007
494 628 6571
260 654 136
339 566 6362
263 528 6406
104 932 1063
362 888 1952
187 612 9067
303 572 9945
606 815 7419
330 759 5159
138 156 5215
778 918 5116
416 424 2093
14 191 6649
78 84 3731
101 356 9134
136 741 2204
60 489 2499
254 330 1169
693 996 1754
509 644 575
141 205 410
563 784 9112
50 139 4134
200 265 7149
641 689 6754
289 555 260
46 948 9929
24 716 3518
138 545 9800
94 704 5201
368 773 9306
572 577 1242
248 501 8530
118 254 9681
218 478 7150
35 300 5844
23 628 6619
346 671 3897
55 312 3682
109 766 4799
674 890 7111
555 654 1333
52 602 8103
196 517 2288
533 952 41
642 870 6313
24 273 6992
521 548 3094
66 900 3613
259 522 3038
130 615 3556
168 760 331
28 391 1499
64 131 2830
556 998 1520
618 647 6721
265 647 2853
816 863 5541
27 759 4342
27 412 2722
322 414 7667
178 590 1146
849 988 3730
151 486 2317
309 321 5774
678 711 7609
365 502 4654
464 478 824
83 181 1376
90 398 8698
220 486 7168
710 807 9578
83 166 9778
337 369 2989
407 714 2842
97 493 396
59 734 5607
238 749 7388
122 789 6985
142 485 3950
284 921 3904
114 130 1956
793 924 5139
790 942 9711
68 184 6639
62 657 6680
78 861 6149
823 955 8817
696 805 7770
24 385 3412
936 985 8577
433 541 8218
384 702 4953
36 116 5526
335 986 6861
633 871 7866
532 581 9171
179 185 5925
63 140 6739
763 818 236
178 390 6554
1 476 5585
261 806 4883
126 151 8250
433 445 8405
690 952 5369
643 929 1241
297 852 7797
27 32 9176
144 215 5564
724 835 4716
230 978 1383
821 860 9643
17 882 1514
55 451 2255
162 357 8813
411 622 8305
166 413 6704
298 462 9138
631 670 980
767 996 2426
911 999 3573
76 776 8711
127 734 6775
474 649 7117
83 398 6843
108 655 9353
401 550 2042
162 297 3321
243 291 5042
163 962 4088
340 907 5407
97 991 4759
171 556 3118
209 415 2207
212 630 681
841 981 3160
395 866 5285
456 907 2032
324 862 6113
220 885 4158
26 725 275
150 452 8554
123 853 9595
2 223 4215
421 763 9598
389 740 6904
29 328 6740
70 426 1465
375 748 5739
518 762 9138
20 44 9950
436 810 176
207 992 4633
606 926 4013
497 852 7773
135 840 7594
49 713 9892
29 601 3908
134 431 1527
253 255 6970
883 917 8913
233 544 4446
132 148 8133
90 174 3485
371 931 3479
130 259 5639
148 986 8700
667 704 7773
49 105 1034
156 427 5743
259 735 6944
421 754 9009
630 926 9597
308 976 1498
4 96 7796
98 736 4292
2 8 9105
159 523 1859
40 152 3100
323 626 9360
148 311 3055
503 908 9854
808 937 9384
126 619 6521
142 426 9008
107 128 9601
400 488 8439
720 952 4554
263 375 789
17 481 4459
779 975 8295
603 940 7464
370 816 1859
26 304 150
378 976 1397
183 667 4044
237 864 339
114 293 6730
275 352 7605
194 841 6910
326 428 1539
518 940 6799
19 913 7422
291 670 5481
115 865 858
274 483 4817
483 798 2699
522 643 5727
118 415 105
219 390 5481
231 511 3773
528 905 9025
523 935 7676
124 314 3198
153 164 5237
271 339 2669
160 267 4276
91 653 3970
170 606 2498
161 985 9644
131 994 1144
633 858 5629
426 906 9109
463 727 7848
392 635 2142
4 334 4065
159 974 7348
242 386 8863
147 268 6134
464 647 2076
92 533 3559
558 675 480
687 727 2303
469 695 316
295 364 3541
309 566 2135
304 823 4710
4 458 2837
803 861 1685
443 854 9913
216 261 9903
248 496 9103
590 677 6863
61 172 6464
322 539 752
53 157 4692
160 695 4446
748 871 1565
84 133 3096
144 564 2921
358 650 7340
759 967 8049
492 537 3348
445 712 9809
809 965 5396
650 851 3624
754 869 9240
6 12 1525
325 722 1322
742 933 5025
9 238 1496
231 964 1619
74 158 8698
296 491 6878
76 669 9914
64 698 8044
748 897 6528
1 35 7984
177 196 827
108 307 6970
324 581 921
295 410 4238
166 636 1267
67 88 7991
298 785 5245
739 760 2813
321 944 1829
454 461 2719
71 918 4283
77 986 4495
155 650 199
503 514 8510
41 522 1282
140 182 7240
407 842 866
85 218 1889
289 678 7384
783 982 641
15 221 6339
870 955 3601
897 989 4794
150 221 4229
525 961 8433
330 991 8983
456 676 7497
130 401 7143
459 691 8353
202 845 2717
230 620 1733
8 705 2936
56 92 3730
154 684 631
45 953 8901
561 620 6360
584 595 5382
10 640 7069
264 324 304
64 436 1548
212 664 3744
89 553 7045
434 573 5239
339 454 8818
303 922 6757
394 594 3327
353 396 78
437 870 5542
409 873 6989
18 734 6472
226 802 5989
706 883 7041
143 572 1155
397 956 2753
517 759 7040
47 83 5897
229 294 2381
382 957 781
133 362 1481
10 439 839
795 899 2712
37 63 2403
545 560 4035
411 524 2907
231 712 7386
38 741 7715
72 122 1968
247 830 8078
22 33 6060
271 626 1029
41 685 8947
16 965 8209
211 485 7516
659 909 9979
257 982 7557
306 900 3926
49 411 280
8 395 649
723 869 4007
186 217 4681
179 674 3265
348 879 7661
23 90 9047
671 980 2930
114 346 6733
486 806 3258
553 651 6133
43 444 6557
81 272 8323
79 84 6614
358 479 5494
182 941 8430
254 285 4221
69 889 5703
37 40 9988
133 168 5652
479 935 6446
54 212 6179
535 691 989
174 230 5319
192 778 9924
342 980 1069
150 801 8623
56 204 9259
263 305 2343
208 649 1627
74 464 9732
256 999 4432
98 269 9382
399 719 531
207 526 7403
285 353 7970
96 670 2064
73 124 2220
98 711 733
717 773 9090
453 480 2140
270 326 9724
168 335 2389
610 859 1789
77 306 1994
135 177 7980
145 945 7190
530 618 9295
602 803 1801
295 719 7513
690 881 5099
95 179 5929
47 116 2354
1 48 2259
107 253 9056
340 893 4526
460 955 1362
260 349 8570
421 703 4499
456 771 3654
14 981 2575
258 925 7839
108 531 6516
153 909 4383
376 819 5658
78 233 71
522 749 6465
86 336 821
38 139 7762
32 982 6209
360 645 9004
371 998 1928
669 932 4869
219 220 5899
188 519 3252
53 225 7294
110 648 6367
248 269 8593
33 47 746
640 697 1701
296 590 3497
35 303 8175
162 239 5384
171 515 1749
136 678 4122
12 22 6669
934 967 97
50 419 6445
424 630 275
490 989 4621
68 204 4658
211 382 8528
181 972 7029
143 274 6432
27 815 2623
317 673 9248
581 884 1076
732 870 4208
196 291 7959
869 938 9533
761 795 8245
91 987 7997
63 535 9447
708 909 6867
264 409 9926
248 327 1455
418 883 4068
691 813 1251
3 85 1493
755 844 2562
186 660 4623
671 771 7877
50 62 5416
34 195 1293
233 403 172
301 615 7999
400 544 8555
418 462 3598
337 399 3693
36 502 8558
260 468 8136
291 438 8637
550 560 7419
380 536 9173
131 141 9223
281 322 5819
58 194 9005
71 812 6167
784 886 3345
122 219 3392
526 817 1385
748 825 6698
568 638 5253
603 825 8165
870 966 3589
718 963 7217
91 92 4097
20 119 473
10 14 6682
460 693 72
361 662 606
809 942 182
266 540 7126
133 990 5320
240 656 8781
203 236 5521
62 741 4261
194 456 3602
532 837 6036
309 386 8594
240 475 6371
409 894 2814
107 571 7426
72 876 816
71 301 7903
178 257 6033
69 544 6718
16 967 624
418 616 708
37 78 496
308 915 2306
545 675 839
827 921 7641
137 731 1759
233 884 6876
75 82 2202
236 513 9070
34 266 9930
377 465 5852
506 864 3700
119 126 9502
81 262 1046
799 849 6754
81 847 24
192 857 1829
527 558 3333
25 87 8216
249 580 4092
107 709 4319
7 390 9923
301 705 6618
568 713 9196
631 786 2554
192 607 6556
654 659 7317
516 917 5380
142 518 8236
212 525 2180
37 978 3707
190 565 9734
784 973 6734
318 493 9502
19 280 2124
394 479 3359
789 891 7080
280 448 2787
77 208 6352
271 420 10
128 357 6501
274 491 1616
503 882 1028
336 830 302
27 724 2957
676 736 1091
20 488 1558
474 648 7625
222 934 4120
395 811 4338
500 745 789
58 343 1645
267 551 4660
609 897 1544
87 518 723
81 444 3841
442 883 2379
551 597 8176
170 773 254
272 874 1509
353 703 6907
42 429 8206
91 144 6330
686 803 1179
200 790 7832
191 653 852
426 765 6864
159 690 1527
182 812 4618
259 561 1660
1 139 2852
205 762 3984
475 674 7551
173 684 4147
295 384 4050
251 294 8030
334 458 7572
568 855 6624
37 645 1951
32 649 6979
288 514 7674
35 316 5112
264 371 7732
431 926 434
299 353 1211
434 825 9552
148 681 8945
135 567 9623
174 467 562
35 546 890
110 792 2371
58 514 6706
63 533 3057
61 244 6669
14 542 1904
403 487 916
728 829 1079
6 137 3610
673 683 1747
109 780 9301
123 322 6916
241 500 177
585 643 2677
32 39 4705
36 144 4895
150 627 7387
31 605 9748
583 823 3838
29 539 1519
280 511 6020
324 626 319
84 101 6760
268 304 801
532 731 4708
429 509 7083
41 155 7710
276 375 2520
678 899 268
505 591 2432
160 229 178
526 700 7963
887 895 1227
47 308 38
342 629 8801
15 24 9866
184 811 1651
312 584 2412
240 412 8740
83 495 2522
942 995 6827
456 793 1420
508 971 257
299 507 586
4 284 4568
415 610 1852
542 971 4560
21 88 2493
662 789 7276
706 836 6667
61 425 6466
372 649 17
202 320 3418
397 989 7826
662 857 6163
236 467 6820
174 337 5043
139 703 9535
248 897 4250
56 990 4594
592 945 719
55 104 2393
89 97 2405
160 404 854
867 893 8246
7 41 6844
647 768 8117
111 646 5104
174 423 8096
171 389 2242
119 343 6730
628 753 5230
179 387 9618
281 849 8068
264 743 3573
448 698 1282
601 730 9546
252 537 935
139 819 8581
703 810 8704
149 345 8706
97 611 7791
62 477 3699
124 186 1445
114 120 7699
471 929 6525
560 832 5534
590 954 3983
855 948 6519
375 983 713
185 862 3313
12 435 1207
396 764 9490
340 418 5325
525 625 4868
56 779 9231
703 962 8614
673 843 6111
100 499 3578
229 335 2420
243 547 6069
232 714 8470
512 813 8243
168 625 3896
671 675 1953
163 809 7611
19 356 9373
120 226 389
527 899 8954
189 249 5272
29 457 2712
52 438 2683
263 576 7680
155 736 2402
63 64 1797
651 874 1946
172 867 7415
278 377 4725
14 28 2420
102 150 3430
635 863 2779
53 719 402
9 15 8480
235 844 6820
104 442 4048
55 332 8373
202 326 7275
907 932 2009
15 842 5949
159 197 2012
560 585 2197
430 824 8168
160 213 3080
256 501 368
480 948 2568
667 969 6261
53 65 8388
576 709 3634
130 468 3021
534 872 1626
152 963 8837
37 269 5025
733 770 3272
437 515 5744
503 543 8604
334 584 2370
227 245 3349
628 695 2117
43 663 5974
789 988 2608
247 564 7364
457 950 3589
696 896 3367
833 942 9866
683 966 2132
168 925 9059
45 926 4000
324 354 3561
2 11 3954
201 400 2032
3 40 5684
129 648 797
378 746 6628
177 243 9023
104 943 2458
309 621 814
712 972 6680
9 198 4015
131 210 7513
5 59 9866
239 892 2257
17 38 3073
70 109 3190
85 646 5830
610 889 8202
208 867 8809
240 688 2128
113 638 1228
105 513 176
578 930 9923
84 437 6638
601 708 8545
9 794 6429
20 364 4428
376 546 3430
423 509 440
329 381 7878
176 325 3357
352 889 8764
211 788 7443
274 931 1163
748 845 6295
44 613 5226
24 570 1979
553 598 1731
46 190 3236
79 135 9868
199 217 3605
7 113 3880
265 842 699
475 524 8064
205 579 9343
6 9 2063
335 640 7103
86 498 1997
50 946 7658
2 84 9899
111 257 2419
638 916 9347
3 920 3609
359 804 2653
10 178 1039
624 675 6356
269 604 3513
251 768 6427
174 792 327
178 336 1384
300 972 284
118 631 5848
163 218 151
760 768 1684
467 616 293
460 572 1272
515 764 1840
270 633 7704
416 642 9724
874 953 1408
222 1000 4637
143 248 6854
112 240 5067
71 250 5291
124 656 2168
556 592 1564
370 848 4140
328 743 2221
96 277 9512
135 375 7248
331 732 7138
21 23 8216
36 50 9504
681 774 2203
34 719 4887
310 974 2358
411 450 3666
408 934 7516
112 342 6162
196 691 8884
378 678 1803
9 16 9485
540 774 8326
2 4 2754
147 207 9948
83 89 3736
720 963 3254
6 871 7351
34 165 602
355 432 6642
266 520 4795
446 887 2980
67 894 4872
782 794 8742
70 114 6603
402 571 789
25 390 6579
125 901 7853
467 878 1415
711 979 4728
203 232 5484
521 994 6930
35 180 627
637 961 9906
493 987 5738
30 740 9277
460 656 9086
36 820 238
249 475 730
301 376 1811
73 373 4406
227 875 2220
42 665 2350
61 203 3413
10 42 5046
119 295 7103
493 953 3667
247 359 3691
494 937 7419
145 171 2350
17 466 5189
47 225 7080
614 882 7327
467 892 5967
16 276 9876
393 658 2727
76 157 1378
176 211 7798
236 466 5604
583 727 6270
65 846 6967
6 176 840
341 855 1539
155 793 3411
714 968 9151
41 214 547
218 720 6073
200 686 8738
150 936 9827
624 671 628
5 813 3649
111 632 6417
238 935 4234
110 347 7312
107 156 461
262 335 5233
142 637 6229
327 565 7539
332 422 204
93 242 2113
629 861 41
361 699 5185
361 797 8721
745 939 9930
397 952 7520
49 121 7495
71 129 1463
296 745 1905
754 884 6805
219 956 4661
82 371 4199
245 622 2673
89 682 121
86 173 8624
163 369 8268
333 842 1314
19 286 4416
346 562 7030
303 614 9505
14 643 4048
87 836 7947
121 126 11
643 695 796
10 145 3516
590 951 5413
300 348 2793
88 383 4605
268 612 3969
174 612 4201
121 337 7410
148 251 3451
108 497 580
929 945 8221
713 935 5322
594 660 7330
413 834 2179
454 791 3324
105 149 1212
670 948 1142
250 276 8977
344 877 2356
230 959 9618
2 160 8249
202 856 1130
452 801 1925
59 906 3670
120 150 921
197 627 3239
291 893 5270
723 737 7299
368 882 6239
789 848 7998
115 646 4194
279 937 7018
96 393 6188
355 440 3093
791 950 7919
746 781 235
124 473 8056
27 34 4564
387 453 6868
842 845 2133
12 164 6725
819 958 2754
593 747 6929
5 952 2108
601 696 1477
525 939 8365
67 597 8995
383 679 5256
834 1000 6864
589 684 8674
266 623 3955
184 966 8250
1 60 8315
178 761 4616
345 504 6987
138 321 7119
36 142 1363
102 134 11
137 856 156
294 955 1153
525 913 7143
338 809 9197
186 873 11
200 626 3767
797 990 8578
613 774 3797
596 639 8762
351 493 4257
132 161 1922
166 771 2867
426 726 713
497 621 4607
319 882 1722
24 834 5153
18 717 2695
469 721 1424
554 856 2596
32 46 3433
329 870 1357
46 72 498
138 348 6121
558 861 5485
155 893 2767
12 75 1082
140 158 544
154 325 8814
69 226 9072
388 649 4414
188 412 6642
19 543 4932
358 434 1131
71 802 8691
184 540 4068
425 441 7973
118 155 4160
438 697 6591
427 836 9496
328 350 9232
744 870 8557
44 355 456
419 904 4544
211 651 2069
116 800 5982
544 878 4001
108 705 191
392 472 881
42 495 6107
105 379 5805
151 254 8610
60 296 1
361 688 7214
582 691 9278
276 783 1945
78 330 7912
375 398 3888
45 995 1342
571 733 2707
20 299 8433
25 187 1385
697 795 140
175 380 2815
122 339 7058
17 31 4462
336 347 1031
175 199 4627
664 833 5347
162 311 3688
638 769 4096
575 879 1165
162 876 9245
271 303 8
371 778 2263
667 917 5469
619 642 6484
231 416 8029
496 604 3092
272 425 9188
15 524 2338
74 539 5407
12 277 7040
531 951 104
315 646 8795
204 958 356
383 848 401
725 912 6135
630 866 5389
2 905 2471
423 756 927
8 43 5760
12 71 8065
16 67 6290
270 407 4499
146 400 4762
571 973 3591
438 506 865
244 303 1896
110 668 1240
402 766 9545
890 10944
517 16
482 4102
561 12274
57 13296
994 13260
616 6617
34 10687
282 4479
406 5132
316 12589
120 2076
884 13038
84 11169
821 434
188 6610
380 2036
945 773
515 7264
928 9795
61 11780
449 2885
6 4892
486 5353
314 3981
552 7206
452 5469
343 8737
362 13081
835 88
670 6333
723 7243
122 10878
906 13430
166 2481
35 7348
685 7655
52 11457
553 3521
434 8424
151 14957
966 4248
64 8039
576 12859
743 9707
805 7337
998 8057
428 14924
729 11879
604 1312
433 5251
407 3205
840 9050
820 11050
769 5914
139 5954
770 3607
245 12048
304 3849
546 2167
611 5896
851 10584
879 5646
875 3203
404 7458
193 11424
468 6103
152 9232
450 9151
469 4731
738 5067
116 14170
514 2739
904 880
898 9074
153 4343
341 12085
80 14086
325 4447
591 3388
812 1952
762 13812
159 14065
715 2531
765 5880
829 4991
231 14879
562 14537
881 11876
676 5813
789 6712
539 4098
873 5526
739 11590
878 12475
595 13113
382 5946
880 8589
949 11677
331 4186
317 3234
861 7235
484 3736
90 2281
932 5505
872 13268
954 14607
394 13676
796 7162
580 5683
161 585
652 1169
721 940
135 3452
85 14884
698 11861
397 10372
982 6383
869 14506
908 12455
742 1044
663 3274
598 418
189 13700
364 14391
947 4862
678 13472
292 4349
571 13480
923 1247
393 2968
136 14758
345 7457
141 6814
948 6466
103 11582
285 2913
312 5477
33 5007
232 1464
798 3056
23 6879
648 7401
475 4271
629 1792
862 11002
969 2315
158 9447
48 11629
656 4960
942 5593
154 720
478 12791
480 4709
988 9462
41 7238
3 309
732 7325
965 14991
566 7284
398 11698
673 13738
39 6102
716 10363
925 1240
814 12775
186 8629
700 7761
140 13349
706 5671
736 405
22 2564
78 4783
526 8972
533 11973
783 14062
935 12970
996 3637
592 7924
251 4646
488 1445
196 2903
146 14971
570 10185
281 5627
235 14356
198 3579
461 10253
527 1442
691 12336
65 6915
479 6976
603 7663
870 2850
617 11756
631 14044
148 9873
573 2065
528 2873
162 6870
117 10088
418 2245
366 4308
30 14868
993 8961
303 796
467 12997
354 9969
477 8338
355 12220
369 7656
667 2194
247 970
7 8689
637 8892
313 6296
458 13848
174 12868
101 9426
36 4648
44 2809
782 2565
334 4722
640 945
425 1616
213 13212
684 8212
42 14448
976 5241
850 8241
9 5389
291 916
463 14947
446 2322
352 4864
764 2692
750 3825
995 2401
516 3688
494 1722
485 4020
176 2744
294 6849
950 12189
587 3301
512 12523
704 4852
953 195
1 10693
662 5390
520 5623
171 7672
160 14270
95 6272
992 10124
270 8047
863 962
773 7811
918 5681
841 386
636 6743
555 14834
659 11153
892 8108
897 1763
675 10162
429 3190
115 3234
17 9340
326 9393
200 11496
264 6255
157 10353
306 11523
778 9994
703 14646
50 10617
211 987
335 8815
719 6237
707 9944
860 8256
887 8076
958 12514
206 4607
818 8547
56 2130
585 2282
989 13978
525 5434
747 1694
669 7131
724 2322
865 5207
730 4115
753 4293
944 13375
386 9833
680 9036
290 11173
791 5657
94 449
689 6427
709 942
727 3175
755 1689
133 5420
584 3699
390 7522
192 10979
119 12562
73 9442
924 2904
121 7564
882 9876
411 14678
859 10837
353 10563
86 5810
828 3450
300 14433
575 1683
441 13645
760 3920
224 572
222 6368
423 7721
839 2804
775 6269
457 13292
244 4170
472 14987
687 12829
542 7335
867 11585
983 14697
610 10477
410 14864
832 13367
574 14507
975 12181
405 11715
957 8314
250 7881
288 2981
620 403
545 1727
838 12292
677 9676
464 1497
963 11666
916 2559
797 7673
37 9440
69 6689
358 7058
864 74
370 9317
808 3349
741 5070
615 8603
583 8549
593 14159
979 10029
109 4233
38 5389
978 4728
549 8190
383 8049
888 14128
45 1549
788 11441
737 3412
766 10213
642 1755
371 1706
910 11454
713 10712
75 10128
531 5900
930 14326
660 12933
145 14483
763 5117
943 3867
323 12713
106 3732
628 9878
233 5836
402 9039
759 3031
596 7077
672 4971
931 2254
5 14779
658 9823
915 4199
481 10690
409 13608
220 13445
368 5406
269 974
877 3082
524 2004
360 1339
228 6938
209 6551
501 1808
249 8631
379 11951
257 186
767 3040
414 1293
761 13866
223 14394
977 14505
854 13815
392 6096
253 3757
363 1891
913 1677
530 7839
740 2132
197 9787
499 12196
456 3756
502 247
105 3226
786 7360
735 13101
508 993
46 13377
896 10799
981 7552
118 10458
511 12933
187 9093
643 4502
802 9636
665 7504
348 9302
507 14178
504 704
803 1996
72 2584
49 2097
639 4788
579 11251
25 4568
651 13819
466 8900
1000 8644
100 3749
351 2432
903 1972
248 10015
87 2958
107 975
650 11149
941 5219
644 1328
365 11267
645 7522
76 8455
754 3879
267 5829
297 13734
77 8112
273 14517
60 2057
88 6756
506 802
694 4293
333 6728
834 6001
914 2700
53 934
277 11891
529 9493
67 7496
271 896
268 4243
8 2095
381 14083
664 12246
26 10319
519 5687
373 14828
319 122
435 4844
236 4424
227 4685
831 2677
179 1627
874 2645
320 12128
195 8243
564 5040
919 2748
666 14825
246 5987
857 8875
633 12517
810 12698
649 3670
726 8879
984 11487
243 4133
83 8318
114 5396
609 7164
167 13637
298 837
936 8488
272 11089
535 13257
126 9676
310 5340
997 8273
311 10259
104 9093
827 9173
99 11622
901 5882
234 3532
613 8272
498 6541
557 11749
846 13266
826 11518
711 9924
322 3737
816 10270
403 10503
15 12380
602 10312
871 7097
986 4950
329 10323
385 10050
823 2494
327 11634
589 5368
337 13748
318 2489
412 12559
671 3508
191 7708
718 1434
920 7226
582 10634
93 3854
657 11056
955 3853
262 8280
745 11107
800 976
493 7536
883 699
578 3371
625 519
112 914
849 10850
785 3037
374 13171
601 4139
29 10569
781 8847
462 1171
63 179
586 734
780 10947
359 2008
926 14945
82 8296
346 11922
551 3345
534 5494
474 6248
332 11335
856 8234
630 10318
799 13504
946 6870
216 5316
263 5284
70 5316
991 10369
240 3266
550 13433
772 1228
889 3451
491 12630
717 9936
907 14961
123 1363
295 11822
417 14652
632 7691
970 3563
128 5617
16 5599
127 9254
776 7539
58 2718
185 7237
779 14111
465 10582
510 2319
134 8423
852 12364
543 6750
237 11089
190 2841
548 5200
289 13717
725 13735
453 8898
108 1360
795 7628
822 11200
24 9447
444 11396
824 14213
487 9017
927 818
784 2134
438 7726
682 4830
614 12234
430 5041
819 2604
89 11435
787 12343
147 2270
302 5281
701 5952
440 823
308 9106
413 14634
51 458
624 6422
771 8279
163 500
483 11311
18 4263
891 9149
315 12787
215 1375
296 5754
305 13333
229 6562
255 3338
451 7229
81 10249
600 9341
702 8748
293 9276
387 862
471 6821
439 10721
378 6917
902 4413
537 1923
62 2144
144 4668
985 4253
426 12246
239 681
111 7312
690 81
184 3484
909 1432
612 2448
12 8389
436 9228
696 11066
230 10636
607 6561
886 8494
175 417
830 14808
748 5773
208 5077
599 13805
155 3557
577 14437
201 219
588 14313
241 14455
752 14218
699 7126
357 4984
252 4319
356 10218
693 4349
32 8170
731 5406
962 8689
496 12171
330 10702
635 14066
259 2231
734 10173
194 10727
258 13069
455 1535
447 336
432 12633
541 10525
973 2395
523 7833
952 12185
492 9411
339 3042
679 7655
324 4639
774 4254
28 1122
242 1537
940 11466
214 2715
376 4181
150 5572
768 1784
204 10162
91 4059
751 5362
280 1313
558 5958
569 9285
168 3376
299 1272
683 11069
758 5485
102 11430
999 2507
968 14549
396 11960
554 14572
722 13282
518 13
646 1049
424 12842
54 13901
567 12237
261 1461
395 4557
655 318
961 1428
173 869
301 5122
972 10797
137 12191
971 1862
559 2735
929 8276
284 3892
183 3624
74 8012
131 12929
21 6747
608 516
55 1136
328 1451
695 3261
668 14261
813 4355
581 14907
521 1188
681 10327
990 12990
777 11625
513 10335
309 1273
124 11156
844 8505
344 5754
460 2349
490 2586
113 13113
14 11650
10 5254
210 11257
836 9088
347 1026
340 4195
895 4081
497 1152
868 9449
912 1144
420 12281
265 2115
974 3629
744 14398
967 11205
933 14155
495 8647
899 6060
688 12438
900 11236
443 4804
431 11393
286 10772
876 4558
97 6724
207 14991
164 7880
459 6978
361 206
31 1674
338 13219
540 5485
960 2440
156 826
377 5085
987 6854
92 618
794 4543
503 5330
372 12497
951 5716
470 1381
401 10015
843 7017
653 1487
619 10304
712 4895
375 6877
287 4689
728 3814
367 3132
641 7776
275 11074
848 13422
400 8099
547 3725
415 2064
885 8688
98 10797
536 6401
964 3322
442 4203
421 10634
605 6636
182 2663
627 3979
350 8055
79 7271
847 10996
720 9368
219 11440
560 2673
654 611
804 7197
391 3041
509 9070
811 2398
170 1299
276 1979
866 8997
714 1375
389 11351
746 853
178 6666
19 4475
833 13567
165 8423
445 12864
934 14954
225 9883
129 6571
532 10557
27 11371
817 2781
205 4058
177 9245
278 9443
260 3663
647 13755
626 71
138 12377
594 14609
218 13801
149 4882
2 8861
858 12608
815 8570
20 2610
825 13414
125 151
427 8519
489 139
96 10073
894 7045
572 5348
922 10625
13 9636
274 11040
399 1891
180 1439
606 8136
597 3248
505 6692
692 1980
809 12874
853 4439
621 1957
911 4864
142 8260
11 7789
256 10836
674 13183
937 3281
790 13890
212 11373
59 13771
199 5744
47 10420
905 8625
568 9026
705 12623
500 1062
938 10770
686 2398
321 5379
708 12385
40 8448
66 1662
279 3295
980 13081
807 3267
143 6212
132 7835
622 2204
522 14484
837 1386
283 11602
634 9967
733 14833
661 284
697 2845
419 8214
388 12523
342 4464
638 9435
203 351
757 14128
384 5689
181 10486
917 9766
4 5669
169 10451
623 3422
349 2489
806 8697
68 13471
893 4991
921 2240
437 7218
202 2478
217 3905
336 14334
749 9586
590 13905
266 13434
939 14763
544 7593
801 12751
110 1509
710 391
238 13010
254 10302
307 10606
538 13696
618 1055
842 11436
756 10073
855 12907
959 2984
476 3583
956 8842
793 10769
845 12146
448 14312
130 12960
71 13499
408 4043
226 10123
563 10601
556 5316
565 11353
416 12948
792 2892
172 13938
221 3839
43 2731
422 14033
454 1487
473 12880
