1000 2000 1 138
408 473 2703
165 320 720
409 452 638
51 371 8147
257 647 6396
357 592 8871
284 542 1827
102 413 6226
117 426 4717
527 962 7146
42 207 818
15 44 3754
27 669 5467
645 734 6870
52 720 9632
525 909 9434
20 535 7978
365 375 9830
22 873 3329
261 743 9495
407 737 8379
71 383 1458
599 918 5515
593 816 6630
6 460 2939
32 39 3858
733 750 8473
406 463 7952
65 150 1184
455 510 6866
220 285 6476
38 588 3575
594 821 4189
464 692 26
206 277 4619
192 855 534
97 436 4261
950 977 1398
116 929 2946
67 796 4140
80 243 7354
880 979 7123
63 90 5005
533 810 1645
113 521 4871
116 219 884
538 996 7819
84 605 2877
177 557 4169
493 873 8992
274 342 3421
586 688 2066
810 840 691
125 728 6542
341 804 9025
522 868 163
60 154 9293
115 335 8246
22 101 4868
133 689 45
223 587 6254
126 519 5569
863 975 1587
320 478 4208
355 745 2654
406 433 9795
521 699 3276
706 777 1190
238 808 2865
226 364 9462
597 725 6180
791 938 8697
21 321 9286
247 858 382
119 702 3610
958 985 6655
867 976 293
103 255 70
42 571 8647
181 312 6811
386 419 2880
117 690 875
25 533 6485
173 649 6790
37 137 3128
173 225 2608
265 917 3639
125 407 1501
74 115 7405
420 983 8848
49 356 8920
455 840 5480
694 804 4099
616 703 3143
38 323 8307
22 633 9763
369 713 4191
58 554 6367
830 917 4054
264 489 4792
206 643 4224
780 832 2411
149 426 4358
75 876 5926
272 773 9477
22 58 4515
136 174 8197
232 577 3587
820 830 3102
492 713 8800
87 761 360
649 736 1727
23 42 3582
528 612 4517
339 918 2765
237 275 5277
582 931 3599
297 441 2668
370 795 538
41 566 9970
441 523 3591
174 284 6356
165 945 4289
142 849 4220
133 167 3478
274 424 4282
55 102 6153
409 686 685
117 257 541
200 271 2521
112 258 8144
223 369 7153
311 749 4938
373 950 6006
291 827 6647
24 347 5834
588 657 3244
750 837 4696
527 898 4592
180 247 4330
798 850 7919
295 935 2502
156 738 9505
524 794 5843
114 921 2319
78 245 6386
576 725 1003
278 410 1184
59 123 4264
153 977 1235
157 486 8088
542 707 3411
299 762 7436
417 733 5039
677 824 660
118 146 4406
20 257 5524
162 377 71
525 756 8117
47 152 7069
188 240 7068
49 492 6941
550 958 6007
214 655 9971
21 297 7962
102 216 3172
23 492 7087
858 891 6416
389 405 4739
304 666 1575
366 676 1326
99 1000 2640
311 962 5525
151 372 5986
320 506 9314
807 810 7036
77 726 6259
59 953 2017
431 653 6168
280 362 851
281 788 7107
334 422 9963
948 955 3295
11 742 1847
572 958 3756
206 613 7827
84 734 6286
85 145 2833
291 909 2181
8 12 3607
50 288 1571
204 701 5684
98 897 5295
595 934 8287
628 894 7201
9 281 2732
241 405 6200
14 479 7934
323 638 9229
267 873 3019
594 912 613
770 856 8252
333 932 3252
51 797 4096
76 670 2152
16 318 1958
178 837 4485
285 697 9126
771 878 215
310 464 81
386 425 6094
204 418 4678
286 984 3517
118 504 892
620 741 5109
33 62 2426
10 36 2088
23 298 1104
276 476 2563
70 224 9658
7 14 6850
127 680 4398
261 476 2142
15 543 1196
164 485 3168
529 959 2633
130 136 9864
956 972 6829
66 84 3549
604 611 6433
599 723 8865
149 616 8032
230 287 2837
172 716 9884
724 822 1056
515 684 8168
717 724 3978
106 496 3341
231 363 1193
252 601 2485
422 556 4007
545 765 3102
287 581 9997
107 140 2414
83 228 8984
626 816 4253
762 910 1070
819 835 9406
101 506 6098
290 539 1293
262 455 5825
490 615 8656
133 669 4568
77 481 2938
230 645 9289
66 173 7696
58 632 7104
251 823 9123
107 763 9433
587 662 9176
216 360 3617
137 610 2067
304 949 9076
201 936 9651
693 901 1926
254 519 7136
326 962 7023
274 602 6025
739 996 3669
46 873 7271
399 717 9212
680 792 6419
219 922 5449
282 563 9294
463 505 3005
1 4 858
928 963 799
46 772 6018
621 892 7592
279 439 2647
641 836 7646
540 847 9387
30 185 6115
36 881 5769
444 516 2560
54 589 7494
143 604 3293
146 594 8952
474 910 7820
805 832 8782
144 564 4624
416 765 9795
162 230 3409
315 476 2081
733 916 9979
397 948 3611
399 828 4632
613 696 1734
90 660 1443
86 130 3719
697 757 6954
365 914 8390
390 789 3510
54 270 4927
21 382 8065
365 565 1011
537 598 6155
202 370 3343
174 309 876
349 613 5063
104 235 4906
83 100 3454
81 280 7024
533 719 205
528 594 7483
347 765 5335
524 570 6877
95 743 3998
56 208 1725
528 910 2763
739 800 8281
1 24 836
138 304 6262
507 901 2670
30 324 283
424 969 8429
305 979 8126
255 325 7951
666 741 6043
89 478 8999
780 830 6989
200 609 472
142 851 9731
152 913 7143
205 392 6377
392 693 3892
573 627 8486
4 10 134
494 679 9172
9 938 708
465 509 3273
523 759 5171
520 545 586
77 234 2210
453 854 7188
106 137 2925
726 745 7407
120 796 2399
807 958 2353
154 237 4123
322 721 8258
657 744 6259
431 708 1522
364 764 8396
550 966 2023
70 177 1163
108 190 6284
302 459 7929
370 986 6007
405 917 3450
153 325 617
14 33 8681
129 539 6707
313 842 3614
325 414 7882
533 767 3239
381 409 2767
575 810 3879
177 545 3230
737 901 8686
334 804 5548
483 798 4894
27 748 7823
195 289 9412
488 717 8289
243 784 3854
30 110 3491
245 556 4614
4 696 2020
42 416 9338
177 291 168
200 263 601
177 834 5168
2 105 1458
104 924 8656
440 468 2926
453 834 7474
281 973 8860
33 235 1319
300 945 6714
926 984 2299
436 599 8914
197 988 711
673 766 2297
500 916 5238
408 799 5877
164 388 7406
430 855 3122
195 834 6559
213 763 7596
861 1000 1408
517 718 6461
24 153 5995
260 674 161
29 30 4672
174 754 3467
324 765 9576
65 103 5834
59 311 6136
606 612 123
265 820 1555
47 421 7297
12 527 6641
167 276 5025
34 296 2840
238 906 4902
143 356 3593
380 413 5407
38 451 5447
2 11 3471
515 571 671
334 612 835
283 433 305
372 558 2982
829 875 9849
313 864 7577
147 698 5313
504 590 602
334 517 4358
191 247 9727
529 881 8609
10 573 4449
638 826 1079
59 355 4095
305 799 195
371 965 2131
83 361 6772
161 391 5693
143 391 4424
171 305 8167
38 378 640
160 584 6321
366 407 1816
32 75 5002
593 821 6869
621 635 4067
137 287 3759
531 737 8486
60 362 9560
127 414 7144
817 926 9291
45 113 4326
482 614 171
374 456 96
289 341 2483
7 349 7782
32 825 2444
241 245 5736
443 798 1272
524 700 9797
42 50 4055
46 855 9125
42 814 9016
362 561 2529
183 231 2175
550 794 6571
507 882 2275
114 602 5410
5 393 3184
56 615 2122
671 992 2243
206 508 9962
458 648 1909
138 452 2085
725 782 548
125 654 9764
1 26 4559
279 816 4474
831 895 5775
412 775 122
626 762 2382
639 778 143
26 457 1045
138 834 7475
809 814 7092
242 907 6515
239 369 5070
96 656 2191
23 600 6418
160 870 6981
131 307 5899
259 262 7339
76 497 5732
252 1000 4791
86 603 7786
246 637 3042
257 471 4407
839 970 131
741 960 5104
553 685 3768
73 202 871
679 989 8184
47 531 978
65 251 124
380 399 1297
245 376 9731
40 475 7590
202 470 42
241 466 4022
34 454 2171
110 212 6424
13 154 6365
347 529 3646
935 968 9725
310 375 4536
130 614 3004
112 819 3575
28 34 2647
370 500 1485
76 325 5413
656 728 5684
142 538 1412
364 496 1999
559 665 9114
309 538 3781
4 92 3354
44 175 5384
66 133 9178
9 776 8789
596 956 7340
936 945 1357
255 831 7068
85 201 9366
190 780 5839
19 157 2705
993 995 2968
333 347 1666
19 46 5805
220 370 3027
119 859 8082
10 652 1299
194 980 7473
195 743 7068
29 979 3583
312 780 1039
58 59 1110
153 522 4124
489 893 5379
70 316 6424
226 913 6036
22 732 9529
194 818 5348
558 596 7051
135 221 8465
277 303 9809
172 688 1159
6 401 3117
32 946 6745
378 792 5696
30 45 8631
43 171 8147
852 919 5679
69 765 1956
678 737 7331
68 285 5396
253 465 143
457 699 3691
109 846 4983
623 853 6732
274 292 2293
89 141 3138
863 926 4557
110 127 8340
94 935 758
308 396 2660
902 939 9504
571 695 5080
429 578 934
71 787 1823
110 231 4354
26 107 9657
565 769 1830
173 905 2945
40 94 9146
12 458 7409
162 215 9337
206 454 4061
257 552 7677
624 855 7061
359 683 895
249 636 2309
128 183 8075
156 943 5896
622 886 8242
182 258 4781
278 892 6151
10 651 1459
227 704 9273
15 41 7162
15 501 2128
466 935 8338
463 915 3821
303 623 7013
12 52 7976
401 729 1027
319 645 9679
258 911 5927
334 380 8718
111 660 8531
509 919 3033
135 519 1016
241 270 3343
491 835 3106
149 461 305
121 975 5687
91 299 3894
205 216 3913
498 936 8633
106 308 8626
252 673 6730
370 854 9148
659 817 6800
25 661 2707
262 770 3846
537 573 13
121 662 3599
222 879 8363
143 592 8728
383 671 930
507 590 2546
276 543 8991
92 574 1479
7 51 405
62 603 2332
294 985 8923
177 812 4366
4 558 3762
218 725 5912
500 586 5449
126 445 2258
722 730 1537
407 831 4192
315 329 6761
10 976 5827
44 298 9730
721 883 696
64 536 8987
252 803 1019
60 63 7509
21 356 620
150 312 5153
679 890 5102
116 690 4919
47 757 6385
48 924 5027
160 492 6307
558 671 7905
15 964 4828
39 729 1965
535 564 9586
253 646 186
350 369 1733
164 832 6947
536 790 1206
228 898 3418
503 652 2017
123 337 155
542 884 4025
474 621 7688
190 681 1162
249 293 3485
166 772 5585
393 932 3520
15 37 4851
620 779 4682
145 250 7621
169 176 7621
6 8 9148
102 409 9391
428 568 8347
63 927 3448
505 689 7584
290 565 6169
345 930 1369
190 518 506
55 236 1209
257 524 4930
283 453 7363
139 144 3357
286 580 4838
61 155 6789
74 566 3031
232 555 9941
41 53 6467
577 784 6145
2 47 7587
861 969 3627
183 407 4042
579 954 8089
220 694 231
402 809 4795
700 880 4397
303 596 7769
130 485 8086
601 998 5768
102 380 1794
826 928 9719
164 569 1965
521 888 3508
410 899 7316
48 167 6358
433 901 3523
379 483 6900
206 227 1011
538 968 2884
217 481 6333
835 885 6965
171 426 6121
630 741 8612
591 696 2322
581 660 1114
261 956 8385
520 702 2618
810 823 737
381 576 9539
325 767 3476
522 803 8238
351 679 8906
569 865 7624
86 637 5080
7 15 4931
28 239 7791
245 994 2208
421 483 345
106 266 7393
71 121 7106
175 927 9482
645 894 5654
127 580 7139
296 890 5953
474 959 3570
125 449 4428
49 191 3332
777 941 7556
58 220 9457
601 776 7763
875 929 4447
70 108 6807
181 621 4662
861 961 4538
1 124 7272
205 729 1079
248 347 1822
613 646 5329
437 719 7336
110 131 4707
161 205 8502
125 138 3718
167 848 8341
59 117 5247
239 900 4068
280 644 2541
81 945 2573
77 669 4167
337 696 4066
794 976 6747
260 306 495
588 805 7034
148 532 6523
4 735 3693
419 705 2229
239 876 1179
341 345 1390
707 718 2708
50 125 7680
566 575 9867
475 723 6218
54 197 3603
182 626 4787
455 601 9893
8 20 6411
650 918 4397
378 568 130
332 678 4651
407 610 2455
170 577 1969
255 625 7062
263 418 4616
224 563 4931
348 687 6860
39 457 9080
225 920 1003
162 517 2437
461 708 1596
755 796 2713
34 169 8493
66 521 7987
123 617 7096
344 786 1818
65 326 943
510 927 5877
641 698 5214
147 265 5034
19 21 590
47 60 5018
763 983 7393
141 150 516
619 976 5639
102 559 4661
220 501 9156
715 722 3484
669 800 4317
9 19 4487
32 634 2765
163 432 4702
650 722 8382
52 470 5542
412 734 9100
316 596 1472
65 494 584
206 450 2109
11 23 2156
410 811 6287
121 313 5294
152 340 5554
361 946 7718
65 194 2744
162 503 4800
348 551 448
143 948 4347
415 720 289
457 553 8904
59 148 9321
722 879 379
342 785 6888
102 224 8836
530 946 7601
283 440 399
56 314 8343
775 785 6376
505 668 1741
120 823 2040
141 699 9409
267 814 9331
110 286 271
59 328 6287
275 928 1465
359 439 8181
32 150 3520
143 544 5798
201 390 9593
460 835 533
5 628 6714
603 724 7735
760 994 8885
394 881 5230
192 573 3102
97 250 138
688 759 2083
27 48 7732
576 965 7714
521 782 4106
150 918 7084
309 404 8439
1 142 1649
152 348 6819
36 310 7415
107 379 9034
79 239 8460
486 840 4836
173 798 1526
238 521 853
418 575 6943
8 352 2522
593 734 5750
271 744 3247
222 847 1357
505 649 7478
240 547 5928
6 93 1816
413 726 9707
209 694 9929
176 530 5427
625 821 1652
223 659 3335
328 930 9869
99 188 5205
172 437 2600
278 403 2630
266 815 5414
458 522 1337
460 652 3419
280 498 4805
265 423 9126
97 357 9558
5 159 1079
133 970 8040
210 268 9258
695 716 7558
249 999 8196
423 561 7284
71 463 6327
3 253 5966
76 663 8575
22 102 8604
220 504 7782
306 573 2857
365 805 2336
32 595 6
215 454 2870
36 40 5055
45 766 2904
582 676 2458
612 876 3399
651 998 2202
277 738 3996
253 269 7495
879 888 2262
273 294 1390
190 785 7937
4 5 8298
527 719 8980
34 129 6383
295 973 6461
277 287 6949
361 482 8917
153 815 8258
94 436 7146
258 874 7711
733 852 4590
587 672 7824
402 968 2055
269 543 3241
668 960 6194
286 701 577
687 944 4495
898 950 9995
85 120 2302
932 971 7212
4 91 3565
592 641 2542
7 195 6395
44 765 7247
213 783 1013
133 218 5694
101 126 3702
4 689 2558
204 557 4681
69 164 9712
178 264 9321
879 928 8024
24 877 5420
421 504 2509
504 850 9852
156 435 1057
542 677 6446
36 969 1199
625 651 1216
266 752 4
69 299 493
43 588 1230
133 408 1431
206 541 2148
410 937 8985
194 331 4122
552 849 1008
456 606 3415
153 396 7058
82 958 5534
53 368 4564
784 909 5824
421 962 3281
6 384 2597
156 750 6714
675 791 1314
431 950 5806
249 296 1889
131 196 6927
461 682 7385
39 654 5465
77 564 8228
207 720 1665
111 199 169
186 193 917
380 448 2429
309 807 6681
635 709 9826
330 869 3459
768 997 3307
272 950 1117
596 841 2626
407 993 7462
306 387 8418
399 402 389
1 2 5359
252 715 4826
708 773 5085
236 259 2513
89 168 7412
87 300 858
590 927 719
564 963 4721
605 761 2612
538 755 400
63 967 5174
212 990 391
21 560 2424
651 698 4132
79 469 1748
244 717 3826
88 334 4203
474 751 9368
175 327 8105
60 751 8177
31 59 3144
285 624 1268
413 827 2145
585 656 4680
286 837 494
183 514 3867
8 549 2581
276 786 2866
67 887 3991
136 659 9699
652 776 7539
60 546 1761
584 588 57
158 428 3205
273 739 9302
163 893 5990
168 282 2796
56 105 4426
758 807 1553
88 189 1322
973 995 4921
369 951 3802
200 431 6174
839 963 4878
411 857 8930
253 422 2224
130 545 4937
247 607 2283
399 913 4878
310 314 8746
59 343 1975
390 827 4905
324 801 8572
580 856 1646
16 925 3420
44 623 7210
117 180 6548
789 921 1603
445 454 498
57 83 6478
625 806 7812
68 661 127
140 668 4815
444 484 7690
148 357 7681
50 906 6047
281 444 2952
388 577 3430
665 667 7819
170 838 8981
800 974 3270
121 295 8503
226 514 8756
56 658 3711
1 832 2258
10 16 7089
544 711 3254
51 72 5975
637 722 8051
828 950 3734
315 704 797
350 928 4025
121 622 1884
276 302 5951
114 365 1094
118 239 699
346 882 3483
52 135 7077
432 678 5425
1 25 6669
291 659 7363
134 753 7238
46 61 7544
498 548 9758
91 95 7358
30 172 6081
7 186 643
17 465 3336
130 210 4253
124 366 2135
73 482 8489
306 327 1774
55 487 6801
565 586 3277
54 319 5368
768 859 1690
177 896 86
186 778 3659
192 872 3252
221 733 6295
235 244 3194
347 946 4965
82 367 5063
492 929 6135
845 940 3813
259 273 464
156 266 4091
144 417 9775
551 713 4546
129 860 4997
668 969 2972
513 670 1874
452 853 243
62 74 5701
325 828 2530
317 604 9271
13 22 6384
266 541 8047
124 133 7457
686 770 1841
556 642 3704
345 508 9821
806 900 5755
507 558 1012
443 976 1346
174 211 3956
378 624 2814
232 259 3233
283 778 7007
5 73 2303
542 630 6204
392 608 6569
527 581 9629
178 610 5770
473 831 1348
109 491 610
194 262 8962
8 56 7462
313 684 9398
796 995 5794
628 887 4717
256 434 6097
282 334 5391
433 548 6130
50 397 181
835 942 1873
681 951 6339
333 534 4943
688 841 4479
106 753 958
295 423 8383
77 964 7861
4 7 4530
307 515 856
1 679 8056
51 566 5206
598 662 7018
164 938 7467
433 762 9533
247 633 9202
450 525 8400
702 747 3608
80 157 2795
86 868 8381
312 603 676
9 207 6570
24 389 4203
76 950 3144
607 638 5157
42 337 3300
439 876 1832
382 801 2741
928 935 6891
22 429 6909
305 727 9271
322 428 4144
665 729 9946
557 842 2116
93 948 1521
52 111 4228
22 158 3928
214 781 4579
844 892 9349
344 796 3014
50 537 7425
50 565 6974
448 884 278
189 233 2369
754 812 5002
343 468 8361
148 226 2270
260 921 2328
616 619 6743
10 236 601
497 753 7654
184 679 8314
282 521 8120
64 434 8482
578 677 733
180 866 6340
389 955 1737
746 842 4819
19 921 6774
449 613 7592
67 192 1761
207 782 8724
284 510 7001
479 755 6725
278 968 437
195 629 4301
33 394 9844
6 927 1014
11 447 4774
491 559 4250
443 829 5330
728 771 8290
741 824 471
163 930 2296
241 436 8911
42 361 901
163 381 3577
89 655 5177
310 648 1592
47 54 2686
125 338 4946
291 564 6765
80 356 8513
278 371 2349
137 577 1300
220 808 8578
261 970 8123
641 713 8536
94 415 1033
151 493 6977
336 587 5989
345 788 2451
92 479 7546
58 350 6656
97 657 5370
550 670 4621
454 767 8169
282 892 9089
298 730 1273
325 552 8681
55 653 2214
132 800 296
117 596 1441
343 513 3363
621 844 9976
692 840 9749
52 378 5960
333 381 7864
115 972 8445
14 664 2431
438 627 2864
349 365 2176
641 920 6958
344 999 745
65 66 1223
169 769 5834
121 893 5112
102 203 4116
517 768 5905
684 806 6063
60 353 5081
443 848 6664
180 181 6531
787 878 7798
559 629 7181
71 109 6036
710 895 5344
83 182 6762
569 718 2483
9 514 2176
166 178 7829
184 464 4103
341 477 4143
199 443 6999
41 248 9464
562 679 7726
132 681 9917
167 259 796
431 511 4820
635 746 8691
37 464 8083
461 902 5647
416 419 8112
503 519 2153
399 472 7322
231 560 2376
514 598 7772
200 427 2478
209 1000 3813
189 308 5458
307 984 1149
115 619 9067
526 913 9218
450 631 9631
517 520 5984
18 438 2785
25 590 6882
2 3 6716
72 679 4987
394 593 4421
660 986 3618
17 501 165
629 928 7862
122 338 5857
116 160 1328
119 403 4305
54 470 7962
57 214 6437
195 515 7527
113 446 748
425 446 7000
168 430 4147
319 771 7985
163 395 8687
93 277 2451
92 604 5276
54 77 2430
215 455 3375
549 957 6247
53 130 1995
382 773 1817
4 6 5266
100 420 2355
301 388 7685
45 481 8536
302 708 7359
234 867 8618
210 658 2530
950 988 8094
435 942 2554
66 112 997
645 946 3104
142 345 6531
52 438 5480
553 622 4240
15 18 7997
525 863 4741
675 917 606
4 161 7143
20 261 1319
205 273 3516
558 824 438
372 386 9430
451 854 5244
310 842 6632
2 369 4779
8 147 4033
264 427 4920
821 896 7076
30 104 5735
156 198 7238
19 55 5315
169 611 4550
23 78 1973
86 301 6092
387 582 557
7 9 4731
821 869 3331
39 68 9630
246 893 1782
62 909 9875
34 36 4233
621 950 278
401 426 4228
467 499 5475
6 658 1809
290 336 6531
301 359 7550
818 835 4832
152 595 8949
209 322 4582
843 947 6107
67 589 2367
813 825 8065
104 601 945
365 822 1711
4 22 6208
144 716 7282
19 152 5129
95 406 114
133 854 7648
256 274 3854
177 577 2235
520 770 5138
10 205 2458
401 980 3341
250 731 7950
150 151 2816
317 401 4612
414 448 5645
44 971 3593
10 279 3400
15 132 1004
465 526 9894
385 462 7447
295 758 4520
138 143 7594
427 534 7553
326 847 7697
16 388 5984
94 134 7000
54 849 6930
187 195 1119
314 440 3688
234 813 5645
52 76 910
698 863 5325
505 870 1704
242 438 6285
75 169 8932
339 406 8190
658 997 5422
20 242 2336
804 893 3328
181 209 1122
220 241 4396
514 823 8141
442 467 7972
330 982 7678
654 708 5221
594 718 7627
394 677 8907
109 576 1313
574 654 8069
130 374 9781
9 275 4590
473 761 8947
212 638 1859
674 747 9361
103 871 2159
86 364 6825
757 902 1527
442 618 2369
87 537 6264
106 128 1578
56 346 6943
122 477 9125
20 476 3576
185 206 2403
382 448 63
435 539 9172
267 637 1843
79 499 1662
77 936 1343
547 667 5413
387 903 2038
97 248 9552
351 568 9163
109 114 6134
103 263 6829
39 766 6465
53 978 1223
551 634 6781
657 742 7391
278 758 4919
526 833 7141
252 862 7220
216 401 6520
480 793 8924
216 637 9966
406 826 2186
79 96 7492
307 762 9903
292 640 7834
39 662 6343
296 940 1737
76 963 5441
103 281 4546
248 871 2313
453 888 4338
108 675 714
338 992 1551
267 377 2728
149 394 584
96 774 74
212 861 5357
308 779 5537
62 64 675
70 725 2652
570 872 6912
419 531 7195
593 632 284
8 223 7068
152 385 9003
34 252 9271
106 842 6583
523 756 2002
558 748 6475
152 843 932
52 832 451
120 877 2235
275 994 3935
350 882 8274
93 867 7964
570 803 6399
273 698 5143
736 860 2103
949 993 4727
145 278 2282
276 616 9315
215 919 9276
226 631 2294
588 720 9078
330 424 2316
527 848 2389
505 726 9642
627 708 3883
868 922 3251
179 407 503
94 123 3483
230 420 8023
349 623 9164
278 802 7504
504 549 5962
406 528 7696
277 804 7014
245 797 8701
195 324 9
337 994 6882
93 599 3909
111 400 6210
24 500 4369
203 712 440
412 507 8615
414 631 5308
380 956 1782
61 101 8410
398 480 4024
366 651 7021
109 866 4211
185 415 2118
335 340 8538
393 647 7665
47 79 9302
514 876 8969
165 984 6020
64 70 4128
540 585 1985
351 889 1494
106 630 5733
13 31 6635
1 29 7241
421 991 5976
452 818 6912
309 492 8299
561 911 7196
41 172 8188
387 785 6171
80 187 8795
46 418 462
234 397 785
14 85 7996
17 577 5286
32 81 3785
187 339 1690
471 846 321
515 568 5734
88 579 1263
122 184 2943
225 255 7785
64 163 2011
5 793 3787
78 122 2372
502 526 7532
47 801 1239
428 490 2748
9 156 4574
47 873 7757
400 502 5980
344 351 3062
28 193 3819
411 544 713
18 28 4790
437 586 7267
547 620 8910
76 179 9078
195 978 7426
704 985 9754
205 516 4619
287 492 4026
99 106 182
377 511 4982
175 310 7703
423 552 2438
448 674 3252
608 920 3228
136 160 2974
792 998 5018
129 864 1181
279 409 4207
276 833 2762
293 962 6417
451 641 9601
92 139 4955
652 768 2964
79 695 7448
959 976 6523
45 308 1533
121 416 5856
306 443 9890
516 675 5846
620 715 3780
96 431 47
595 711 8858
15 43 2695
476 578 7449
142 154 2061
107 411 4625
51 214 6336
134 152 2436
444 609 5520
388 626 5619
738 957 4106
71 80 53
498 532 2350
662 942 3083
583 663 4216
618 646 3492
392 428 103
13 238 950
94 409 596
370 749 7526
499 728 4662
358 743 3645
125 539 8577
142 540 1799
168 474 1278
77 246 9890
208 293 2452
12 82 3326
67 87 2920
124 556 512
126 436 7140
647 993 2571
567 696 2814
65 71 7209
580 678 5253
736 862 849
404 591 7319
461 619 8225
223 526 5860
345 721 4702
235 344 9481
496 813 2092
635 681 8904
209 571 8551
180 605 864
435 754 3986
184 492 1863
336 433 7409
471 491 8055
555 760 3765
225 564 8421
257 820 5187
168 909 1829
22 32 5013
685 710 2473
152 641 4366
494 744 6878
454 853 4344
269 845 1881
641 958 299
400 991 70
51 265 6075
639 701 8223
289 959 3016
49 806 932
167 222 5362
265 531 2607
219 913 694
390 836 567
14 383 483
22 953 4284
80 254 4059
61 92 504
152 272 4773
164 300 7901
680 719 9802
378 956 8181
708 713 5535
315 350 9621
175 692 1465
6 200 3270
31 549 2870
267 996 5756
293 333 1463
313 706 6064
356 949 2367
744 900 5899
174 425 3177
473 702 7565
169 229 6205
414 442 7343
524 527 5681
597 999 9620
137 338 1282
407 868 4044
364 488 3824
57 68 1559
431 842 3866
116 875 1445
46 116 5116
48 81 8564
134 602 6059
37 965 1329
559 650 2000
231 389 9619
813 944 9788
65 786 5905
94 977 4086
212 354 9115
76 97 4647
81 657 5074
140 213 2041
149 949 2743
556 952 6662
134 982 3470
86 634 7601
297 317 2238
209 941 3227
324 348 1301
318 855 7109
389 765 1192
285 741 6245
604 806 2523
221 919 9345
854 976 3997
188 774 4940
524 567 4199
316 906 9860
492 506 8382
319 673 9396
222 267 7848
100 268 6330
169 595 1923
334 767 1780
257 585 5892
81 923 7444
268 321 7898
194 370 6467
636 743 3479
380 597 9609
600 646 5464
539 714 2463
16 232 4399
387 692 5328
395 535 3210
48 444 9797
21 842 740
373 819 6594
1 13 4355
484 512 5275
753 801 1761
75 834 2173
203 925 3344
218 616 6118
211 339 7707
408 543 5318
459 990 9244
449 554 708
470 872 902
391 815 7511
326 459 2198
77 788 7443
108 493 8175
664 691 8346
350 776 3496
541 782 4557
158 412 4219
312 695 2557
42 597 4655
297 434 1948
20 627 5207
419 621 3663
106 498 5598
178 639 5123
254 727 3219
25 67 1992
742 886 6810
433 867 3457
66 155 6889
548 790 2180
393 657 8388
596 855 8705
234 734 1456
512 980 6368
58 398 479
75 98 6323
830 942 2282
72 763 6454
58 201 5665
428 768 8459
50 518 6498
274 314 9867
301 773 2398
348 352 1528
840 908 8574
496 862 3782
37 455 3270
38 204 7970
737 865 7750
594 839 6205
124 829 5205
284 740 4139
123 554 9133
2 35 146
282 373 8658
35 119 8586
307 574 4269
73 497 397
170 483 6246
523 904 8550
552 560 6443
368 386 2371
158 160 2794
659 766 4253
129 399 1628
338 817 6665
535 993 1870
188 470 7825
180 385 6620
70 865 880
675 899 7993
69 648 1338
262 600 9242
231 263 1303
91 651 3646
400 888 5525
131 909 6322
513 553 5628
40 332 5828
734 818 4110
88 260 3958
51 99 6716
234 935 2251
524 883 3627
104 904 6572
446 649 761
238 961 4036
32 471 3080
915 921 9305
373 486 2419
44 852 9293
462 548 5555
481 514 3071
686 851 1781
178 217 3413
620 776 6892
160 735 862
300 830 8401
110 303 5448
769 904 8799
437 629 5922
472 568 5723
542 551 7155
152 257 3734
274 731 5742
412 431 6239
869 933 1169
275 853 3688
911 931 7668
558 935 2103
60 634 5847
42 939 6042
106 260 1514
557 661 7587
321 557 8446
211 513 6849
123 358 6185
453 681 4307
218 256 1202
175 707 7501
745 937 7650
160 166 2444
42 321 4320
458 495 233
48 57 8645
178 859 5937
154 235 6943
36 49 3874
19 240 5754
866 987 7631
282 446 5430
110 732 7221
487 541 8513
217 914 190
75 835 2372
5 202 3940
107 249 1622
350 836 3692
92 546 4468
440 734 5984
621 875 3670
364 537 9256
12 863 3022
641 659 7288
251 315 5863
398 468 6026
33 393 639
316 634 2991
134 957 6369
130 354 8714
507 824 5789
273 950 5696
653 981 9048
123 417 9359
111 604 6698
262 266 4952
172 534 8342
274 726 4265
344 948 7509
136 980 1346
500 615 873
76 740 1697
137 563 9125
552 748 4416
57 801 5074
70 283 3482
57 874 6997
131 879 9130
101 760 9592
122 272 3278
115 208 4028
29 38 4571
506 887 1505
1 17 6835
301 330 6427
410 816 8291
322 814 4715
911 948 4791
281 290 9911
21 768 7958
16 947 1513
655 819 6766
237 804 3678
613 699 3276
189 997 7891
346 562 1989
29 165 8433
320 572 5884
683 704 9314
228 819 8908
374 910 1367
358 394 513
550 902 1339
731 802 5296
182 550 4004
214 307 7252
404 843 1487
47 353 3158
48 89 542
139 661 7231
58 138 2176
277 724 1403
21 86 7716
117 118 1057
36 653 819
353 404 2364
540 997 8097
283 318 2056
405 716 8098
75 771 7145
4 715 7853
422 746 4824
144 254 186
46 149 9951
225 237 4098
904 921 8917
259 520 1950
572 795 9783
377 605 1496
530 704 8750
345 951 9159
9 551 5985
181 583 549
814 872 3822
224 231 8833
37 69 9183
183 739 2483
55 65 358
18 170 6241
23 443 687
716 789 2171
376 558 5464
837 986 6278
907 992 9095
127 685 1190
51 88 9867
645 731 7380
72 162 5047
367 975 5372
21 27 3389
640 6996
