1000 999 500 1
1 86 10000
444 445 10000
838 839 10000
99 100 10000
687 688 10000
1 998 10000
1 104 10000
536 537 10000
719 720 10000
159 160 10000
898 899 10000
8 9 10000
779 780 10000
40 41 10000
1 122 10000
628 629 10000
251 252 10000
477 478 10000
100 101 10000
132 133 10000
720 721 10000
569 570 10000
192 193 10000
41 42 10000
812 813 10000
1 872 10000
284 285 10000
872 873 10000
753 754 10000
1 890 10000
376 377 10000
14 15 10000
225 226 10000
74 75 10000
845 846 10000
468 469 10000
106 107 10000
694 695 10000
317 318 10000
1 728 10000
166 167 10000
15 16 10000
786 787 10000
47 48 10000
226 227 10000
1 746 10000
258 259 10000
846 847 10000
107 108 10000
878 879 10000
1 993 10000
318 319 10000
1 764 10000
350 351 10000
48 49 10000
442 443 10000
80 81 10000
291 292 10000
1 602 10000
879 880 10000
140 141 10000
351 352 10000
383 384 10000
1 620 10000
232 233 10000
820 821 10000
443 444 10000
81 82 10000
292 293 10000
324 325 10000
173 174 10000
1 458 10000
384 385 10000
22 23 10000
416 417 10000
233 234 10000
627 628 10000
1 476 10000
476 477 10000
114 115 10000
357 358 10000
1 494 10000
568 569 10000
206 207 10000
417 418 10000
1 979 10000
449 450 10000
266 267 10000
660 661 10000
298 299 10000
886 887 10000
1 988 10000
1 332 10000
147 148 10000
509 510 10000
1 997 10000
358 359 10000
390 391 10000
207 208 10000
1 350 10000
239 240 10000
450 451 10000
299 300 10000
693 694 10000
542 543 10000
1 188 10000
423 424 10000
240 241 10000
602 603 10000
634 635 10000
1 206 10000
483 484 10000
332 333 10000
364 365 10000
1 224 10000
575 576 10000
424 425 10000
635 636 10000
273 274 10000
516 517 10000
1 62 10000
365 366 10000
214 215 10000
608 609 10000
1 974 10000
1 80 10000
819 820 10000
1 983 10000
668 669 10000
306 307 10000
1 992 10000
549 550 10000
760 761 10000
398 399 10000
21 22 10000
609 610 10000
641 642 10000
852 853 10000
490 491 10000
113 114 10000
701 702 10000
339 340 10000
582 583 10000
1 848 10000
431 432 10000
54 55 10000
642 643 10000
752 753 10000
674 675 10000
1 866 10000
885 886 10000
146 147 10000
734 735 10000
615 616 10000
1 704 10000
826 827 10000
87 88 10000
675 676 10000
1 722 10000
1 960 10000
179 180 10000
767 768 10000
28 29 10000
616 617 10000
726 727 10000
1 740 10000
648 649 10000
1 969 10000
1 978 10000
88 89 10000
120 121 10000
708 709 10000
1 987 10000
557 558 10000
1 996 10000
180 181 10000
1 578 10000
29 30 10000
800 801 10000
272 273 10000
1 596 10000
892 893 10000
153 154 10000
741 742 10000
2 3 10000
590 591 10000
700 701 10000
213 214 10000
62 63 10000
833 834 10000
1 434 10000
94 95 10000
682 683 10000
305 306 10000
154 155 10000
1 452 10000
3 4 10000
774 775 10000
35 36 10000
623 624 10000
246 247 10000
1 470 10000
95 96 10000
866 867 10000
1 946 10000
338 339 10000
1 955 10000
1 964 10000
36 37 10000
1 308 10000
430 431 10000
68 69 10000
807 808 10000
1 973 10000
279 280 10000
1 982 10000
128 129 10000
1 326 10000
899 900 10000
160 161 10000
371 372 10000
707 708 10000
220 221 10000
69 70 10000
101 102 10000
1 164 10000
312 313 10000
161 162 10000
372 373 10000
10 11 10000
1 182 10000
404 405 10000
464 465 10000
102 103 10000
1 200 10000
345 346 10000
556 557 10000
194 195 10000
405 406 10000
1 38 10000
286 287 10000
1 941 10000
497 498 10000
135 136 10000
1 950 10000
1 56 10000
346 347 10000
378 379 10000
1 959 10000
227 228 10000
1 968 10000
438 439 10000
76 77 10000
287 288 10000
1 977 10000
530 531 10000
168 169 10000
489 490 10000
1 806 10000
622 623 10000
260 261 10000
471 472 10000
1 824 10000
320 321 10000
352 353 10000
563 564 10000
1 842 10000
412 413 10000
261 262 10000
293 294 10000
504 505 10000
353 354 10000
1 680 10000
596 597 10000
1 927 10000
1 698 10000
1 936 10000
294 295 10000
1 945 10000
537 538 10000
748 749 10000
386 387 10000
1 954 10000
9 10 10000
1 536 10000
1 963 10000
629 630 10000
840 841 10000
478 479 10000
689 690 10000
327 328 10000
437 438 10000
1 554 10000
570 571 10000
419 420 10000
1 572 10000
42 43 10000
268 269 10000
873 874 10000
134 135 10000
722 723 10000
360 361 10000
1 410 10000
681 682 10000
603 604 10000
814 815 10000
452 453 10000
75 76 10000
1 428 10000
411 412 10000
663 664 10000
773 774 10000
544 545 10000
755 756 10000
16 17 10000
714 715 10000
1 922 10000
1 266 10000
1 931 10000
108 109 10000
696 697 10000
806 807 10000
1 940 10000
1 284 10000
1 949 10000
788 789 10000
1 958 10000
1 302 10000
747 748 10000
729 730 10000
839 840 10000
688 689 10000
1 140 10000
201 202 10000
50 51 10000
821 822 10000
82 83 10000
670 671 10000
780 781 10000
1 158 10000
142 143 10000
762 763 10000
23 24 10000
234 235 10000
83 84 10000
854 855 10000
813 814 10000
326 327 10000
662 663 10000
1 14 10000
1 908 10000
1 917 10000
24 25 10000
795 796 10000
56 57 10000
644 645 10000
1 32 10000
267 268 10000
754 755 10000
1 926 10000
1 935 10000
116 117 10000
736 737 10000
1 944 10000
359 360 10000
695 696 10000
208 209 10000
57 58 10000
167 168 10000
828 829 10000
89 90 10000
300 301 10000
1 782 10000
636 637 10000
149 150 10000
30 31 10000
728 729 10000
1 800 10000
90 91 10000
200 201 10000
333 334 10000
669 670 10000
182 183 10000
1 638 10000
880 881 10000
141 142 10000
761 762 10000
274 275 10000
1 656 10000
485 486 10000
123 124 10000
1 903 10000
1 674 10000
1 912 10000
215 216 10000
426 427 10000
64 65 10000
174 175 10000
1 921 10000
1 930 10000
1 512 10000
156 157 10000
518 519 10000
1 939 10000
5 6 10000
1 530 10000
248 249 10000
610 611 10000
459 460 10000
418 419 10000
340 341 10000
551 552 10000
189 190 10000
887 888 10000
1 368 10000
400 401 10000
148 149 10000
510 511 10000
281 282 10000
1 386 10000
492 493 10000
1 404 10000
584 585 10000
222 223 10000
543 544 10000
392 393 10000
314 315 10000
525 526 10000
1 242 10000
861 862 10000
374 375 10000
122 123 10000
484 485 10000
1 907 10000
1 916 10000
1 260 10000
466 467 10000
576 577 10000
1 925 10000
425 426 10000
558 559 10000
407 408 10000
1 98 10000
366 367 10000
1 116 10000
348 349 10000
458 459 10000
1 134 10000
802 803 10000
440 441 10000
550 551 10000
63 64 10000
399 400 10000
532 533 10000
381 382 10000
491 492 10000
4 5 10000
702 703 10000
1 884 10000
473 474 10000
794 795 10000
432 433 10000
1 902 10000
776 777 10000
524 525 10000
1 911 10000
735 736 10000
1 920 10000
506 507 10000
827 828 10000
465 466 10000
676 677 10000
1 758 10000
809 810 10000
70 71 10000
768 769 10000
406 407 10000
617 618 10000
1 776 10000
130 131 10000
750 751 10000
498 499 10000
860 861 10000
11 12 10000
1 614 10000
801 802 10000
650 651 10000
1 632 10000
783 784 10000
893 894 10000
44 45 10000
742 743 10000
255 256 10000
591 592 10000
1 650 10000
724 725 10000
834 835 10000
683 684 10000
196 197 10000
894 895 10000
1 906 10000
155 156 10000
1 488 10000
288 289 10000
624 625 10000
137 138 10000
1 506 10000
96 97 10000
867 868 10000
18 19 10000
716 717 10000
1 991 10000
188 189 10000
1 1000 10000
1 344 10000
808 809 10000
657 658 10000
170 171 10000
280 281 10000
868 869 10000
129 130 10000
1 362 10000
900 901 10000
749 750 10000
262 263 10000
598 599 10000
111 112 10000
221 222 10000
1 380 10000
690 691 10000
203 204 10000
162 163 10000
1 218 10000
782 783 10000
144 145 10000
254 255 10000
842 843 10000
1 236 10000
874 875 10000
236 237 10000
195 196 10000
815 816 10000
1 74 10000
539 540 10000
177 178 10000
875 876 10000
136 137 10000
1 986 10000
1 92 10000
347 348 10000
269 270 10000
1 995 10000
118 119 10000
228 229 10000
1 110 10000
816 817 10000
77 78 10000
210 211 10000
531 532 10000
380 381 10000
513 514 10000
849 850 10000
472 473 10000
110 111 10000
1 860 10000
321 322 10000
243 244 10000
564 565 10000
202 203 10000
790 791 10000
1 878 10000
413 414 10000
51 52 10000
656 657 10000
882 883 10000
143 144 10000
354 355 10000
1 716 10000
597 598 10000
446 447 10000
1 734 10000
1 972 10000
1 981 10000
538 539 10000
1 752 10000
1 990 10000
387 388 10000
1 999 10000
520 521 10000
630 631 10000
479 480 10000
1 590 10000
328 329 10000
461 462 10000
1 608 10000
420 421 10000
512 513 10000
723 724 10000
1 446 10000
572 573 10000
494 495 10000
604 605 10000
453 454 10000
1 464 10000
664 665 10000
302 303 10000
435 436 10000
545 546 10000
1 482 10000
756 757 10000
394 395 10000
17 18 10000
605 606 10000
1 967 10000
848 849 10000
486 487 10000
1 976 10000
335 336 10000
1 320 10000
546 547 10000
1 985 10000
578 579 10000
1 994 10000
789 790 10000
1 338 10000
638 639 10000
881 882 10000
519 520 10000
730 731 10000
579 580 10000
1 176 10000
611 612 10000
822 823 10000
671 672 10000
1 194 10000
552 553 10000
1 212 10000
612 613 10000
84 85 10000
855 856 10000
704 705 10000
1 50 10000
176 177 10000
1 953 10000
796 797 10000
1 962 10000
1 68 10000
645 646 10000
856 857 10000
1 971 10000
117 118 10000
888 889 10000
1 980 10000
737 738 10000
250 251 10000
586 587 10000
1 989 10000
209 210 10000
797 798 10000
58 59 10000
678 679 10000
191 192 10000
1 818 10000
527 528 10000
150 151 10000
770 771 10000
393 394 10000
1 836 10000
242 243 10000
830 831 10000
862 863 10000
1 854 10000
711 712 10000
224 225 10000
334 335 10000
183 184 10000
771 772 10000
32 33 10000
803 804 10000
1 692 10000
165 166 10000
275 276 10000
863 864 10000
124 125 10000
744 745 10000
1 710 10000
1 948 10000
216 217 10000
804 805 10000
1 957 10000
65 66 10000
836 837 10000
276 277 10000
1 966 10000
198 199 10000
308 309 10000
1 548 10000
896 897 10000
1 975 10000
368 369 10000
6 7 10000
1 984 10000
1 566 10000
249 250 10000
837 838 10000
460 461 10000
98 99 10000
309 310 10000
1 584 10000
341 342 10000
190 191 10000
778 779 10000
401 402 10000
39 40 10000
172 173 10000
282 283 10000
1 422 10000
870 871 10000
131 132 10000
342 343 10000
1 440 10000
585 586 10000
434 435 10000
72 73 10000
677 678 10000
315 316 10000
1 934 10000
526 527 10000
164 165 10000
1 278 10000
1 943 10000
375 376 10000
1 952 10000
618 619 10000
256 257 10000
1 296 10000
1 961 10000
467 468 10000
316 317 10000
1 970 10000
710 711 10000
1 314 10000
197 198 10000
408 409 10000
257 258 10000
651 652 10000
1 152 10000
500 501 10000
743 744 10000
560 561 10000
1 170 10000
592 593 10000
441 442 10000
652 653 10000
290 291 10000
684 685 10000
501 502 10000
533 534 10000
1 8 10000
382 383 10000
593 594 10000
231 232 10000
1 26 10000
474 475 10000
1 929 10000
323 324 10000
717 718 10000
534 535 10000
1 938 10000
1 44 10000
566 567 10000
777 778 10000
1 947 10000
38 39 10000
626 627 10000
264 265 10000
1 956 10000
658 659 10000
869 870 10000
507 508 10000
1 965 10000
718 719 10000
356 357 10000
567 568 10000
599 600 10000
1 794 10000
810 811 10000
448 449 10000
71 72 10000
659 660 10000
508 509 10000
1 812 10000
540 541 10000
12 13 10000
600 601 10000
1 830 10000
632 633 10000
843 844 10000
104 105 10000
692 693 10000
573 574 10000
1 668 10000
784 785 10000
45 46 10000
633 634 10000
1 915 10000
665 666 10000
482 483 10000
1 686 10000
105 106 10000
844 845 10000
876 877 10000
1 924 10000
725 726 10000
1 933 10000
574 575 10000
1 942 10000
785 786 10000
46 47 10000
1 524 10000
1 951 10000
78 79 10000
666 667 10000
515 516 10000
138 139 10000
1 542 10000
758 759 10000
230 231 10000
1 560 10000
456 457 10000
818 819 10000
850 851 10000
699 700 10000
322 323 10000
548 549 10000
171 172 10000
759 760 10000
1 398 10000
20 21 10000
791 792 10000
414 415 10000
52 53 10000
640 641 10000
263 264 10000
851 852 10000
1 416 10000
112 113 10000
732 733 10000
204 205 10000
792 793 10000
1 910 10000
53 54 10000
824 825 10000
1 254 10000
447 448 10000
1 919 10000
296 297 10000
884 885 10000
1 928 10000
1 272 10000
765 766 10000
1 937 10000
388 389 10000
26 27 10000
237 238 10000
825 826 10000
1 290 10000
86 87 10000
857 858 10000
480 481 10000
297 298 10000
329 330 10000
178 179 10000
766 767 10000
389 390 10000
27 28 10000
1 128 10000
238 239 10000
270 271 10000
858 859 10000
119 120 10000
1 146 10000
330 331 10000
362 363 10000
422 423 10000
60 61 10000
454 455 10000
303 304 10000
891 892 10000
514 515 10000
152 153 10000
740 741 10000
363 364 10000
1 2 10000
1 896 10000
395 396 10000
212 213 10000
1 905 10000
606 607 10000
244 245 10000
832 833 10000
455 456 10000
1 20 10000
93 94 10000
1 914 10000
304 305 10000
1 923 10000
698 699 10000
336 337 10000
1 932 10000
185 186 10000
396 397 10000
428 429 10000
245 246 10000
639 640 10000
488 489 10000
126 127 10000
1 770 10000
731 732 10000
369 370 10000
186 187 10000
580 581 10000
218 219 10000
1 788 10000
429 430 10000
278 279 10000
672 673 10000
310 311 10000
521 522 10000
370 371 10000
1 626 10000
402 403 10000
219 220 10000
581 582 10000
764 765 10000
462 463 10000
1 644 10000
311 312 10000
705 706 10000
522 523 10000
554 555 10000
1 662 10000
614 615 10000
252 253 10000
1 909 10000
646 647 10000
495 496 10000
1 918 10000
706 707 10000
344 345 10000
1 500 10000
738 739 10000
555 556 10000
587 588 10000
798 799 10000
436 437 10000
1 518 10000
59 60 10000
647 648 10000
285 286 10000
496 497 10000
890 891 10000
528 529 10000
377 378 10000
588 589 10000
1 356 10000
620 621 10000
831 832 10000
92 93 10000
680 681 10000
1 374 10000
712 713 10000
561 562 10000
184 185 10000
772 773 10000
1 392 10000
410 411 10000
33 34 10000
621 622 10000
653 654 10000
470 471 10000
864 865 10000
502 503 10000
125 126 10000
713 714 10000
1 230 10000
562 563 10000
594 595 10000
34 35 10000
1 904 10000
66 67 10000
1 248 10000
654 655 10000
1 913 10000
686 687 10000
503 504 10000
897 898 10000
158 159 10000
746 747 10000
295 274
325 14700
4 1651
217 3810
95 8647
834 6051
696 9014
84 4423
809 4814
599 7928
683 4381
256 3631
360 5566
167 1902
768 14822
22 4810
145 5054
29 2760
475 1142
336 7334
120 12893
275 10945
535 13826
148 6770
713 4108
877 7621
816 11970
197 9785
241 8705
54 10985
280 9397
109 6835
562 8033
786 7272
101 13475
841 4150
132 3761
270 11410
215 204
247 12376
37 6927
803 1780
426 10301
288 14802
246 3754
725 2667
467 5146
664 4674
347 10303
97 9420
298 8496
276 13106
157 10464
839 4680
389 9714
589 12991
85 8843
648 9314
198 13274
473 14540
606 6271
856 13654
689 14944
378 780
569 5048
431 5691
402 358
666 7648
107 6184
863 13153
419 2523
594 6241
497 13082
559 2285
376 13446
72 11691
641 5676
720 13525
301 2597
181 9970
150 9404
323 13379
733 12524
442 797
516 9108
712 13215
823 12452
672 1845
887 8588
671 4304
222 5502
234 8150
10 3907
25 7633
155 11721
7 941
773 4760
451 8748
337 8189
96 356
401 12661
119 4134
139 3693
498 7166
60 10447
420 14797
373 7663
793 10931
173 6825
504 7260
738 6391
570 13797
462 6556
526 10209
852 10221
871 249
127 10658
265 3256
491 13698
83 13929
649 5887
646 5716
505 2070
90 3767
772 3892
587 448
221 7198
251 10867
811 3278
894 3069
888 1078
822 3191
78 2262
65 9585
361 6680
851 958
49 8763
739 10782
403 6725
612 4647
283 8610
407 13605
28 6636
517 7042
749 4845
394 13374
415 2416
257 10396
379 7053
443 8249
149 11240
732 1340
631 4268
432 7088
427 1420
23 5402
829 8485
395 189
233 4060
418 13919
619 8447
239 13286
79 1658
433 14779
289 11766
815 2979
151 12441
581 9026
318 14842
779 8999
901 4457
550 7014
293 8390
282 6026
751 150
821 12460
529 8974
637 562
210 7632
787 4508
617 5746
480 1917
775 3622
41 8802
618 2337
126 7345
487 11387
558 2034
121 7602
390 13639
445 12359
66 6886
12 2286
762 6237
769 13389
895 6018
154 1631
354 3671
168 3908
271 5311
424 7818
522 5533
438 4540
245 11199
358 10317
42 12751
103 12969
694 8500
667 10816
229 9876
642 9049
605 10438
185 8328
481 4344
677 10926
59 1989
588 8060
553 14900
353 14587
343 7759
796 7371
511 8478
455 1850
797 1591
539 2166
311 13928
709 3508
463 12058
349 4628
335 6056
250 11321
144 10485
258 12934
397 5500
875 8772
371 1088
46 2417
312 7172
780 4593
636 4195
781 6447
731 10171
523 6257
643 7429
761 3544
355 709
359 1593
113 1498
544 7956
564 7835
365 3148
727 7115
833 12060
893 8250
425 10727
48 1514
187 250
19 12212
647 2111
263 13305
798 4612
24 5131
439 1956
767 2290
799 1330
317 14358
35 4137
568 14528
661 5205
408 13035
61 10635
690 5403
216 4140
814 193
227 6426
889 1925
628 1856
791 3177
673 7616
421 4172
11 5570
499 7277
547 4623
180 7881
240 1270
503 11602
691 5768
259 5427
316 3306
162 5106
828 7018
131 11188
660 10568
17 8649
341 4444
209 8355
515 14645
385 12047
211 9766
545 1702
881 9192
53 6975
607 5757
299 5276
71 13301
486 7317
294 12852
89 8642
175 6626
900 4310
130 5309
714 12935
715 11660
527 10138
702 3382
595 704
13 2309
456 14678
541 5085
630 12020
655 8057
719 9624
367 4296
485 4531
679 10367
898 12922
306 12153
721 1067
582 4017
313 9345
400 4706
756 14742
413 12043
372 7831
18 3769
31 9699
750 3995
763 11535
695 12647
292 13688
659 638
665 3107
810 115
172 589
30 8297
552 9853
493 8813
474 14152
623 14207
5 7924
156 12428
461 1609
624 13244
757 10161
509 6177
264 7472
654 5932
91 13166
204 9548
47 960
635 2262
319 14262
583 4369
73 5263
108 9720
832 2964
613 2916
670 11574
586 928
510 12606
52 7180
55 8888
307 582
840 362
331 12526
845 1324
174 9670
853 13774
70 2258
223 946
857 614
707 596
468 12747
396 197
864 14817
191 971
575 1470
869 6513
348 1484
576 12281
179 1038
571 7877
790 14673
611 14372
827 4247
835 123
138 3397
199 9190
685 10915
192 14736
437 2871
546 3033
232 315
169 6401
114 4499
469 5049
883 13226
36 13938
565 13300
846 12074
593 12797
688 6520
125 2216
629 13395
391 4274
708 6202
533 8909
684 5920
743 12821
330 10688
277 837
444 6063
186 10100
600 6744
329 2080
817 13038
847 4961
528 10380
300 2279
253 13320
859 2971
377 10194
324 9608
701 11066
161 14843
492 4413
876 7951
804 11655
577 11600
274 14910
342 6800
235 14291
563 9558
43 12904
143 5331
838 11239
678 12552
102 2351
305 5662
449 13156
755 6528
228 7697
653 2554
870 6074
77 5770
6 10271
745 14136
67 11867
163 6768
805 2724
115 3360
726 6353
287 1678
193 3194
774 5910
858 10220
502 12099
882 6717
820 13281
133 5330
521 5903
203 7930
383 8421
409 3215
450 11092
269 10777
252 831
601 5054
534 4399
205 14206
557 12215
540 11645
744 4783
520 13237
792 8391
737 6961
384 7669
899 10972
551 4495
366 3571
457 8399
697 7401
479 5870
703 10292
865 1191
785 6982
414 3305
281 6637
137 292
625 6116
