1000 1900 500
6 570 697
584 693 9835
70 182 7899
824 990 4105
252 347 9096
95 734 6228
121 139 1505
29 47 1360
125 728 2246
42 79 4777
238 425 9877
32 75 657
547 756 8800
934 936 9820
222 393 2787
347 806 4742
209 273 9579
335 945 112
33 750 5739
189 884 3785
219 432 3756
35 442 5805
354 815 17
490 538 5473
86 425 4927
133 335 9412
504 786 3154
84 116 4020
510 906 3501
917 988 9549
44 69 8422
106 948 6668
3 4 1995
686 864 8073
525 675 1022
334 872 9187
1 2 5422
222 381 3286
610 978 5099
120 255 4216
414 551 8913
831 999 871
879 943 9215
99 698 7844
12 459 1140
202 412 4482
16 113 1096
301 511 3321
390 440 7825
337 465 2344
36 103 2565
959 983 7388
216 229 4712
50 148 573
150 171 9019
83 508 8625
180 303 730
124 823 8892
399 963 8140
378 581 9844
98 478 8266
824 889 5965
835 905 4574
219 294 685
247 421 6460
76 938 5627
124 527 4653
509 513 8399
687 691 9092
432 546 8957
243 285 7140
134 375 9042
780 840 3155
47 913 9738
695 726 8491
106 114 9719
80 577 9005
203 746 4838
444 477 7340
190 724 7647
99 158 240
797 833 8944
216 276 845
392 488 9945
198 461 4236
519 769 6223
290 456 2662
253 621 812
275 688 5989
355 552 2458
19 66 3553
678 708 9603
239 313 6826
227 455 2228
393 504 9235
519 888 225
554 644 6746
185 751 192
507 978 6116
90 762 3493
576 825 3968
308 658 9146
98 261 2972
557 659 7184
25 53 2987
423 998 7856
367 691 2921
116 509 9516
595 792 397
195 946 7413
102 192 4695
486 499 3071
540 958 2971
385 655 688
44 149 7529
386 971 8432
40 232 3736
227 345 3481
75 348 6203
44 795 1760
70 87 7015
718 976 3940
626 805 3274
205 1000 2976
344 869 7147
79 80 2153
30 461 278
615 636 2460
588 977 2283
230 964 3901
43 136 1802
127 155 4654
450 627 4982
231 669 245
264 282 4506
366 988 1683
444 458 7600
756 901 1067
427 771 9596
234 742 8142
348 596 5558
349 773 3910
44 96 691
507 740 119
204 581 8701
27 74 352
44 453 3634
174 532 7495
402 599 2364
90 210 709
47 110 7668
203 238 8319
5 325 5257
207 495 9900
870 990 3921
275 635 5460
508 997 9983
326 373 1674
167 320 2099
277 882 48
731 772 4022
372 454 7700
200 405 6058
214 482 8609
2 35 335
329 505 7144
404 459 5200
55 182 7762
575 597 6624
89 194 7084
350 984 5427
136 664 5778
491 893 1583
55 489 7015
232 949 9554
460 679 7185
523 922 9508
202 851 3168
276 533 2661
226 582 4152
142 491 6934
742 858 9515
84 759 8632
258 616 6693
41 208 4531
75 425 1478
3 33 8979
220 451 1473
228 316 144
16 941 6629
1 239 9725
477 803 1056
361 875 3670
275 471 8152
4 175 2833
226 566 2392
346 494 367
137 414 5946
141 425 4530
759 940 1579
642 944 6348
1 200 7473
731 763 941
529 658 4325
359 450 9323
208 217 5886
335 383 3949
79 804 5180
736 822 8122
89 204 525
718 791 1137
264 914 2924
301 951 9268
624 909 4385
852 940 8833
627 905 1669
344 544 576
369 471 7349
141 430 7766
207 491 1478
592 955 3061
409 491 6573
248 318 3668
382 646 1639
255 418 7338
441 765 63
783 813 7466
247 736 6526
107 242 5951
87 944 5762
487 644 3958
202 429 7994
297 302 3704
574 950 5176
13 31 2008
86 578 5972
79 328 9875
316 661 7272
560 644 3089
569 746 2850
272 276 9314
606 814 7
714 718 8173
503 587 9270
29 34 8836
85 633 3565
232 316 8400
584 900 1506
80 868 3300
329 702 7258
186 742 2482
461 766 385
108 564 4594
210 689 6874
420 971 301
218 538 1149
226 420 5489
164 770 4352
26 343 1005
132 359 6493
147 391 6874
9 159 7727
449 493 5271
606 718 1233
931 1000 284
120 241 4645
788 845 3328
36 627 7433
494 763 5582
356 935 9654
684 816 2043
541 709 5305
410 576 1726
25 861 5910
238 743 3387
658 785 4672
116 211 8757
13 24 1603
663 790 5954
661 849 6377
361 970 4647
421 458 1609
254 847 3037
875 1000 3115
59 642 3477
488 796 8087
47 542 2509
290 401 9353
80 406 2139
75 184 8956
702 868 1397
392 974 3950
212 254 4449
263 564 9981
265 706 9352
206 245 9190
397 883 5236
43 265 4880
833 926 2730
19 258 7795
20 324 5125
591 946 7283
687 761 154
347 499 513
39 40 6894
45 156 7355
643 975 2745
487 649 8355
24 67 7815
172 581 9540
189 531 2420
17 27 5206
266 408 5843
151 454 271
106 562 4079
785 965 1530
136 595 2605
147 262 3927
352 596 3497
606 867 6260
311 841 7282
376 903 9387
117 537 5890
304 420 3328
699 781 5673
44 78 1332
474 741 3623
65 523 4277
130 343 2527
29 259 2224
402 984 6342
399 894 6814
40 143 9471
172 427 2549
730 893 8555
20 30 747
295 974 9815
589 713 1560
249 558 196
45 413 9144
294 777 9710
448 624 9029
374 639 9821
602 824 5070
410 467 8997
163 167 2820
329 385 8956
233 625 9521
555 602 1530
476 717 2408
397 506 7650
347 404 3260
455 917 1787
120 605 9531
827 942 6114
494 936 275
564 880 652
36 179 703
111 487 5412
567 682 5493
11 188 5957
315 856 2625
121 126 9040
429 612 3727
70 566 1980
609 911 1515
280 969 5186
46 454 4153
166 378 9396
176 314 7763
229 529 2310
710 851 412
704 864 5314
138 209 7015
608 766 4807
123 307 9352
219 245 9268
648 931 1610
504 950 693
9 12 269
343 510 3573
65 456 831
143 648 7652
400 424 3701
91 512 5662
87 220 9663
117 166 1321
174 374 7489
78 790 9507
75 797 1788
37 722 3652
127 727 2688
23 46 5933
214 421 9602
577 579 6434
331 867 5738
59 311 4937
3 605 455
339 377 8716
623 821 3413
640 930 1767
426 953 6863
89 107 8413
431 501 291
37 879 8233
599 941 8241
2 3 2601
107 716 315
280 594 5481
229 278 5754
940 989 6358
236 322 7451
251 990 5283
310 708 6064
325 921 6894
290 399 5327
190 203 4538
88 793 3785
236 986 5471
397 587 4926
215 678 4628
506 828 7856
166 544 6296
5 8 7739
53 296 7994
232 824 5584
143 814 2860
402 422 7519
484 632 4132
269 498 350
140 579 8237
53 299 9254
390 558 6979
223 535 7896
841 978 9264
252 377 591
308 524 8087
20 26 4872
81 109 3790
326 332 2892
207 577 5967
69 172 6673
130 324 3066
38 463 8686
19 29 2694
89 822 9686
52 143 4622
4 476 1667
90 752 8836
356 374 520
797 898 1624
469 688 4832
225 462 3430
232 479 4151
201 258 1298
300 793 2594
406 849 1825
168 225 4941
533 661 5459
263 596 6984
91 119 4696
529 877 8457
332 599 7284
446 578 7576
460 642 7547
547 871 726
164 169 7099
88 300 4203
38 234 679
476 760 8584
91 142 1151
187 295 1940
96 309 9416
79 81 237
192 898 3204
152 908 8384
127 622 5745
281 475 2701
3 49 7101
364 578 8300
213 466 7456
188 681 7083
113 212 1139
125 376 4789
399 613 2321
249 496 676
452 964 278
585 670 8089
368 660 5280
32 511 4418
163 237 3698
179 720 3641
95 180 4750
224 751 9646
222 745 2260
236 360 8652
244 897 462
147 710 2972
194 772 4190
140 343 1675
639 873 2177
257 820 4805
644 845 1390
428 814 9986
411 566 9887
526 557 1999
55 132 2980
30 997 7590
453 844 1608
388 769 1080
589 795 5500
190 568 3668
644 920 4697
22 859 8002
688 968 7838
167 287 771
364 485 1645
141 619 3353
59 723 2705
538 673 1476
287 555 1822
441 468 6399
805 984 589
430 934 9048
725 888 3640
638 833 5113
82 429 9073
1 15 8770
11 162 4252
277 895 6759
361 606 7487
366 515 4258
197 519 2776
258 814 6728
477 712 5426
660 944 749
486 908 3252
460 549 4803
271 970 4267
314 394 2301
72 226 1451
489 593 1456
455 982 3143
255 570 3054
39 525 1756
71 632 5524
230 346 6634
466 965 717
537 810 6016
25 185 3183
46 504 3392
503 519 5142
415 440 871
22 202 3160
130 223 8992
133 343 3047
251 338 8952
52 213 7071
482 553 9834
379 410 6796
48 135 2739
80 88 1905
8 167 9960
603 898 2019
472 1000 1619
195 254 8506
304 421 8774
81 85 4398
56 305 9148
30 431 2263
9 60 2532
166 801 8562
22 307 8298
27 93 2113
318 833 7548
482 837 9221
511 907 3688
813 956 1902
409 450 7894
299 382 4625
180 905 3286
251 891 5633
467 783 1341
221 550 306
376 538 6014
535 700 1975
659 735 1996
572 590 1796
285 881 649
59 545 167
366 380 547
178 216 2267
18 161 7599
555 984 4149
179 639 4676
522 722 5266
686 835 5459
577 942 6397
218 568 4972
689 831 1786
149 756 3490
357 379 3111
257 354 922
547 914 9993
300 376 9205
74 234 484
175 462 7575
138 849 9238
192 720 730
397 431 6526
539 834 6483
307 351 2008
262 366 6316
620 751 5976
586 806 3546
271 397 7220
94 214 4492
203 434 5063
442 653 8589
67 821 9392
37 65 4462
322 676 5591
228 270 3687
213 448 3139
336 601 4683
234 303 8432
906 936 8122
52 703 5056
394 600 4737
549 604 5287
164 989 8187
63 138 9241
220 725 3122
210 887 8902
58 264 7966
328 779 1235
69 183 9360
246 806 7600
682 895 232
232 913 1411
526 688 1756
29 127 3542
80 131 9133
241 299 7681
100 991 2541
402 634 2505
364 761 5894
318 893 8888
42 64 1189
122 819 610
277 388 5207
78 352 3851
724 931 27
554 868 1577
86 852 3388
561 985 5287
363 716 4787
230 452 5234
69 818 8713
218 830 8747
151 173 5421
320 954 5021
361 486 3029
4 762 7175
468 828 3022
714 845 7171
55 82 4888
402 749 4677
174 564 5867
258 620 1794
179 937 1959
489 664 5000
111 987 5573
99 616 7337
601 919 5406
51 850 8181
58 372 5174
374 407 2359
470 948 8844
322 457 1022
201 905 5110
516 993 5569
58 221 8224
549 681 5867
264 793 9984
16 380 8089
28 56 1946
537 702 7504
297 409 7826
278 938 614
325 386 7405
52 279 2027
683 882 7522
168 281 8642
844 857 5118
441 957 2756
237 967 8886
108 983 1358
130 802 4818
208 396 3897
89 557 1355
360 440 5565
286 763 6611
23 621 2404
233 438 4450
105 608 3994
542 815 1536
23 248 1272
178 444 8165
484 795 9844
492 612 328
261 671 8548
250 880 225
88 468 8457
40 607 3828
54 707 7566
248 428 6414
386 827 7449
211 418 1944
267 308 6771
464 667 2364
44 434 6219
367 705 4909
383 594 1488
207 215 5231
115 863 4254
152 573 7618
314 429 9445
389 463 1490
112 609 6090
29 926 5251
247 789 6323
118 630 4084
752 879 1533
347 511 1866
20 647 4209
20 86 3045
333 417 655
20 589 7776
71 690 7104
448 946 3614
19 51 4107
354 843 5275
164 408 2829
186 194 5734
32 326 6074
109 930 7323
318 543 866
120 827 4705
249 620 504
620 699 7684
10 989 1741
17 28 1660
163 636 9983
52 57 8552
103 146 8866
261 872 2729
131 764 976
155 774 6452
94 950 8851
44 67 3236
52 460 3028
4 252 7337
733 925 2172
261 398 23
75 104 3020
882 991 2613
116 128 5500
70 187 1182
244 549 2390
399 526 8608
57 323 4488
91 913 1845
344 736 6943
692 869 1777
467 940 1338
460 483 7450
190 632 1759
19 866 6596
54 185 2029
101 137 676
525 725 1667
225 406 4925
800 812 1031
1 21 8022
21 250 1179
536 822 6610
673 880 9093
72 649 2584
597 915 4806
205 638 8806
223 988 7183
219 939 558
493 520 1591
433 572 7088
569 702 5557
110 591 5641
238 516 109
7 341 3887
64 277 3402
505 637 357
359 826 1590
430 736 8077
415 553 9102
3 606 9980
78 617 853
65 505 4064
240 501 8333
151 973 3480
679 966 3187
232 364 1140
302 432 2399
300 828 9764
245 267 6876
87 619 3392
520 919 7874
449 994 555
76 157 5798
142 410 8557
20 671 3166
1 35 7523
205 959 3676
283 565 7920
178 185 9448
189 447 7762
198 622 5307
40 257 3857
352 437 8451
210 820 3759
154 864 4569
344 935 1057
464 627 6022
235 884 8212
148 340 9700
551 942 7566
850 991 905
472 546 486
42 134 8240
701 799 1338
871 877 7306
66 640 6530
131 218 7257
149 739 1456
405 641 4606
40 855 9606
606 712 8871
86 266 9943
680 732 8854
770 788 8535
23 37 5292
335 451 479
479 652 7937
74 260 5071
88 100 1368
593 650 4868
146 786 7886
408 935 5172
509 622 2502
34 209 2223
9 235 5725
375 662 1823
52 903 664
20 193 6021
115 117 7770
50 327 2973
64 98 8734
281 382 7582
408 776 4868
232 568 5101
166 392 249
205 890 1355
81 154 4073
95 307 749
38 42 3477
56 813 3277
84 474 393
183 367 5203
213 274 2057
575 728 3389
485 899 6704
717 787 4509
100 858 4531
803 878 4641
378 688 7044
278 872 482
145 517 5694
131 457 3224
307 949 6285
756 757 5126
321 344 7600
397 778 9485
195 383 2080
211 247 6811
136 330 9230
264 315 5420
444 612 9544
481 910 8801
74 663 836
47 233 3159
236 325 5000
67 84 6203
332 678 4598
883 916 8012
383 509 3465
28 694 1395
532 851 921
631 681 7584
52 647 7032
206 948 4928
512 771 6347
559 571 82
397 684 5244
38 115 7827
499 744 8670
364 973 1978
515 616 8257
406 629 9652
220 608 6131
309 846 82
167 902 2608
151 330 9727
143 885 7207
68 207 1349
225 507 8418
260 411 2778
158 331 8546
106 346 8653
277 336 2161
87 408 8708
165 645 919
187 206 1070
554 625 6431
24 205 7025
120 285 7915
114 183 3120
250 730 2001
292 806 7981
482 606 4972
405 424 4223
564 895 129
95 441 6557
336 637 5178
239 363 6066
79 404 4264
864 956 6136
240 548 7114
125 923 4921
151 907 5337
246 415 938
532 650 7038
225 302 5039
652 756 1791
147 842 3547
496 981 7915
282 987 223
272 784 5510
838 909 6169
46 888 8175
30 39 6321
31 520 7268
463 567 4021
150 756 657
41 213 4421
372 834 8810
618 858 5612
183 382 5674
464 773 9482
402 855 9389
192 801 4229
2 41 9220
319 469 9279
567 613 3815
145 844 4856
259 445 8192
206 971 8151
411 450 9407
99 727 8369
20 580 1619
1 19 8394
31 55 5592
417 450 332
360 742 2029
115 335 5506
23 493 2822
358 665 7524
241 529 2193
74 623 7072
396 556 5582
265 679 9622
264 711 863
957 978 6673
563 713 816
243 766 233
536 694 7633
53 514 1572
616 811 8362
209 749 4355
212 677 5650
50 650 8255
365 850 4496
436 636 3698
18 124 4591
281 956 6074
32 312 4423
209 809 797
619 783 7198
284 753 8524
102 279 2293
294 882 1322
86 547 9419
418 800 4405
441 470 6785
359 836 814
339 702 6123
550 830 4995
86 970 1480
357 539 4002
12 89 3718
48 121 5703
566 633 5146
197 530 4204
212 821 2034
64 223 3978
123 794 7615
12 110 2747
221 768 3168
465 862 6928
372 705 2453
873 877 3456
557 733 4935
573 892 8224
113 331 3225
405 960 5183
547 772 4819
673 900 7479
487 583 1777
246 925 2898
464 748 8382
217 852 6911
727 837 1395
150 709 5507
573 797 7633
30 125 1026
609 990 6161
198 314 778
550 642 1532
254 290 1650
487 643 4931
106 133 9940
23 463 2110
261 301 6835
6 16 7020
179 737 1587
442 680 5457
315 360 4143
89 929 5811
2 10 9164
30 240 1391
105 615 6608
328 909 7440
129 738 652
42 784 8415
241 687 6970
589 895 6631
46 148 9031
308 387 6973
2 265 4325
209 361 8305
229 433 2100
239 457 8387
642 678 7932
51 213 5845
459 532 4290
375 569 7607
130 592 6996
361 707 3054
116 297 2872
676 703 1271
152 249 69
307 991 1444
158 312 506
196 452 4242
665 727 9953
420 460 332
611 999 8806
89 151 1057
412 736 6096
397 648 568
249 289 6480
226 390 7272
467 616 9741
58 629 5559
4 676 7501
24 515 5799
213 593 3122
47 157 5807
422 780 4457
69 370 3180
182 268 6542
910 931 1296
225 932 4502
80 448 9760
704 859 3620
58 628 6334
828 957 6951
197 651 8045
905 939 4909
207 611 8298
278 638 7437
753 894 111
410 965 8653
294 416 8961
642 782 8082
145 189 474
390 803 7755
70 731 5082
488 929 8672
259 690 3363
306 948 9240
182 231 2680
1 607 5099
329 393 5463
185 251 5547
498 697 784
339 509 3507
788 829 758
224 784 1368
14 200 7861
94 105 5746
359 729 2610
456 618 8123
199 997 288
465 536 3392
357 546 1563
37 355 8175
2 508 7582
22 776 3328
513 623 9358
190 434 6100
58 627 2517
708 818 4866
33 59 3965
274 583 1655
182 724 5143
543 556 2466
119 241 4190
400 885 9630
681 918 8518
212 989 4318
407 529 6744
692 840 132
129 334 1600
205 634 373
346 891 1830
407 955 3736
453 787 6620
80 286 2994
371 792 657
612 865 2316
589 901 982
379 866 5070
552 754 7017
4 111 5886
682 696 1096
150 515 1566
74 298 7093
574 622 3945
179 914 2066
91 92 6478
537 836 1085
782 796 9267
780 933 4106
7 168 1477
68 563 5621
3 6 960
739 928 4681
141 373 4441
253 444 6468
281 697 2180
322 812 8591
80 85 1482
670 939 8569
712 824 5178
1 504 4910
30 272 5416
85 269 6033
121 724 6097
1 90 1955
157 676 7777
226 752 3623
424 475 648
25 776 3173
39 253 3073
2 404 576
157 966 2712
151 992 584
798 912 2281
30 478 1307
41 77 9209
356 929 6456
863 918 3898
511 512 9191
91 153 6975
539 781 8817
600 995 8435
38 123 9156
243 934 1828
737 933 5232
95 106 5176
68 260 4627
179 434 2627
183 569 1469
103 478 5608
209 594 720
484 489 586
675 974 6672
1 221 2796
223 446 1677
550 711 7691
52 773 8016
151 644 8165
166 407 2823
63 134 1151
774 780 7382
451 860 4480
283 962 8634
308 446 9599
420 747 8796
150 557 5531
118 141 3566
275 500 6866
616 817 303
123 512 8462
260 349 3041
229 649 7614
113 710 3499
846 978 4696
462 854 2674
787 993 294
355 946 6497
8 211 5238
185 244 5603
279 789 8143
6 73 208
137 368 3010
386 824 4197
541 552 990
36 486 3132
119 190 6554
136 878 3093
585 818 4500
22 291 4248
38 961 902
619 848 5654
250 473 6669
198 983 8190
202 333 6262
82 173 8877
447 560 7687
515 523 7046
386 996 4892
633 766 2809
235 253 7434
167 386 4327
126 197 1156
170 662 7630
332 911 3426
356 663 5135
794 961 4907
37 182 1438
517 1000 5703
127 907 1776
45 845 5031
435 719 4968
684 729 3877
389 844 3733
49 935 2889
34 683 3462
719 796 5768
3 152 9415
205 219 9233
249 369 1704
101 725 5616
487 713 4465
23 32 9673
527 710 8357
433 743 9149
164 637 9782
442 543 4659
299 874 5879
794 837 8256
711 726 3935
142 423 9038
721 816 2165
24 733 6054
115 764 2408
73 902 8562
361 949 7160
619 720 7748
35 614 3394
444 676 5255
256 694 112
95 256 3432
402 549 5226
202 954 9839
540 677 241
158 731 2879
537 975 1914
575 657 9786
275 484 9587
335 897 4777
226 372 3158
461 656 1678
143 540 7289
169 319 867
384 561 8893
566 812 9752
140 436 1858
186 445 2815
263 989 1758
317 733 7647
432 881 2453
249 670 1948
447 834 3192
565 885 5084
203 522 9953
175 714 5533
483 503 9143
865 980 7956
33 270 9973
545 863 7985
588 750 5253
716 947 2681
60 95 4777
167 418 531
454 730 9757
172 386 8775
64 201 5936
162 428 7346
160 417 2335
53 490 2581
544 595 5140
60 236 5148
188 672 1656
200 290 9254
399 928 3483
622 673 4437
408 685 7539
411 459 9987
668 845 82
30 68 7265
352 587 5158
61 807 9331
742 935 3373
429 466 4306
61 614 9992
95 130 4509
654 748 3419
447 578 9391
526 755 7913
506 583 54
325 371 4255
249 900 6512
57 598 9451
203 205 3467
30 123 8068
151 440 6024
301 953 686
394 419 8846
155 839 3572
402 836 4229
24 904 4611
3 7 5866
1 5 1984
6 22 4512
143 159 4321
276 704 2810
283 287 7477
266 503 8142
384 586 1819
81 181 5144
36 38 8625
442 643 5400
181 991 3748
259 878 7725
12 25 5817
435 930 2935
44 150 1850
504 983 4916
19 27 3293
306 484 10000
121 456 3244
779 850 5665
369 818 1294
466 663 2347
34 231 1947
12 18 100
544 567 9172
514 600 6810
276 670 3492
266 350 5281
288 791 5424
112 362 2272
380 856 4623
126 357 8177
252 767 3363
147 939 6315
15 45 837
164 200 5412
610 715 5448
845 991 1323
175 228 9405
82 888 4579
496 963 1922
4 64 5445
543 559 4091
391 462 1377
97 389 5371
366 953 8379
395 830 2629
179 798 5441
244 896 8569
680 764 1884
193 370 2579
185 556 8674
600 631 3839
156 282 7290
243 321 5677
8 371 2794
88 968 7680
519 541 929
129 942 627
354 516 1600
461 498 3914
354 521 2560
176 267 3297
318 964 774
793 912 9565
64 690 2389
357 833 6768
391 518 4427
848 875 4577
240 329 2902
218 322 7104
41 966 6813
5 11 3244
84 293 2187
326 929 2955
166 673 4178
645 945 3263
176 368 4895
126 163 3625
745 963 92
155 674 1903
71 257 1550
545 975 1743
33 495 3215
426 960 9036
172 823 2871
928 976 6162
869 929 1380
589 732 5925
290 432 5785
392 685 6267
642 830 6680
54 626 3288
697 782 6468
217 924 8669
163 283 7124
187 646 4783
413 967 349
108 346 6657
565 692 9199
19 812 3026
634 739 4772
135 246 4018
228 893 9149
562 709 1408
203 706 5148
40 48 3459
35 63 5343
368 438 6393
4 71 4305
20 23 5754
490 826 8219
151 222 8371
301 775 461
788 865 4445
488 516 8408
317 917 3813
33 811 5718
4 196 7291
608 953 9568
7 356 8599
19 423 9766
100 678 3052
193 306 2365
324 922 2950
44 237 2021
52 578 9012
457 802 6324
193 321 9230
554 575 1637
568 866 7801
735 970 2227
321 986 8263
255 358 1877
436 842 7268
1 83 1392
179 679 9007
232 423 6879
131 701 682
579 777 1549
31 74 1775
303 653 3425
214 366 4172
674 901 4181
29 72 5314
267 544 2241
71 891 7111
108 898 768
12 62 436
741 829 1626
347 852 3344
202 668 742
367 880 2269
71 478 2084
866 924 4955
400 656 1267
66 545 5800
22 685 3203
83 164 759
361 695 9726
355 782 7344
70 224 8824
635 837 9785
322 798 3686
299 615 6916
117 675 2319
13 230 1956
145 866 558
265 449 1058
96 289 2107
218 617 1488
3 715 5876
803 903 1356
316 760 1651
69 284 6623
389 688 602
2 14 4017
741 915 3831
340 461 2648
44 430 1132
138 429 7455
108 876 8326
95 957 2752
284 508 9546
126 337 3819
144 213 3379
77 177 7003
58 568 8938
21 43 3059
240 274 9551
297 787 6084
88 173 338
76 262 8901
79 97 2618
305 534 4519
221 279 2696
130 704 721
192 467 9391
672 977 4230
465 927 3500
69 136 458
742 744 2440
8 198 8511
147 617 1201
152 271 6715
232 540 8081
59 101 1299
81 522 2088
62 729 4355
17 36 1053
38 285 9740
458 652 1159
338 521 3847
37 176 4893
312 395 2667
27 830 6352
61 112 3451
109 170 399
663 774 150
243 456 6191
300 489 9515
351 964 3912
573 838 8630
387 923 3096
247 362 3632
502 894 4568
797 1000 379
397 553 754
152 976 5925
7 660 4879
345 607 813
173 353 1891
55 869 2
110 541 2381
287 429 2701
500 607 5292
398 999 9269
152 904 6737
42 191 1221
100 154 6639
29 118 3476
130 923 9356
205 940 9597
274 614 1896
382 727 161
251 1000 4393
136 188 1847
202 943 9218
597 774 7760
420 603 8708
494 904 8754
415 912 6032
508 669 8190
188 970 9882
78 365 2207
117 384 5502
260 497 4103
302 686 8290
76 574 1060
60 892 4831
100 288 1569
321 960 6816
465 979 1116
652 697 757
137 185 3705
179 303 4335
212 837 5076
348 573 7814
636 818 402
139 310 538
93 157 4886
757 883 5163
547 588 1000
587 938 1590
386 479 8621
119 439 2774
25 311 2449
356 986 6224
38 348 2962
119 528 488
637 894 896
352 779 6513
40 421 9547
256 443 1846
66 840 3493
440 689 6719
201 266 6866
70 244 5131
635 778 8475
188 902 7991
43 601 8013
398 944 3681
79 850 3451
167 472 1293
328 683 9910
295 810 3518
417 915 5362
385 480 8466
27 214 5971
734 836 6965
612 679 8795
4 342 8726
23 299 6545
624 642 7039
621 687 6248
404 996 5830
210 422 1555
131 433 1486
543 570 9263
471 657 4689
63 140 685
58 399 3760
197 280 2148
176 402 1111
606 695 7082
27 54 4630
35 70 3904
138 397 2745
5 13 3466
175 435 4501
61 519 1032
106 108 9663
664 722 5537
655 849 4395
34 407 4173
40 126 4023
102 426 4409
359 610 7298
359 575 5818
269 406 5571
285 404 7862
16 20 6856
248 830 4786
424 910 361
345 808 2413
176 459 8791
79 178 8390
237 885 5583
342 952 829
415 481 285
98 184 436
202 839 1553
95 144 5900
107 439 8360
370 474 3851
1 147 7028
250 283 2831
712 729 7889
525 816 664
16 43 9168
236 488 13
509 855 4852
624 656 1443
20 120 8959
752 980 8079
874 927 1617
5 94 591
10 615 4197
471 721 6375
660 861 3722
390 1000 5250
682 853 2731
12 17 8405
336 502 9454
637 761 8219
683 916 9728
270 522 3539
45 199 895
203 539 8444
49 989 6520
374 853 3326
58 915 5049
328 537 8037
96 663 6023
284 299 5880
332 889 6082
683 781 8678
211 404 3441
101 292 2003
365 439 655
277 771 7676
225 400 1362
208 796 242
325 411 6820
812 955 3782
350 879 6010
378 956 6859
511 952 6547
273 328 8709
363 666 7655
810 945 3608
172 972 2481
606 631 3059
17 44 3558
6 58 1511
320 463 5443
273 876 1996
774 860 1229
1 9 173
91 277 8264
29 275 5470
262 916 5896
8 711 261
232 238 4713
170 584 6071
138 674 9688
156 174 4648
82 91 8880
155 234 9360
658 924 2800
805 961 7694
439 570 8510
596 827 207
24 441 7728
652 840 2804
481 767 3729
93 730 4133
25 45 86
79 220 6154
460 979 3329
196 460 3408
297 403 697
451 980 3420
45 312 7524
353 935 5071
405 594 449
629 725 782
82 145 9973
606 684 5382
428 676 1251
695 870 5828
38 593 7775
342 464 3206
128 263 4672
440 447 8693
233 860 4870
108 195 9999
797 864 815
458 625 3184
98 892 1701
132 903 2756
221 317 2006
13 61 7312
9 74 1332
451 668 3295
369 395 5813
785 959 1913
59 243 5002
82 530 8810
704 940 2175
702 744 4577
679 947 515
224 890 3707
366 538 3859
815 911 4680
570 959 746
283 663 5389
46 52 3017
147 913 4033
86 554 2762
10 275 5704
236 462 3794
66 76 6852
243 660 1658
39 842 3188
377 492 1880
436 899 1015
117 633 3948
103 199 6848
3 773 3350
308 640 2546
271 883 1982
657 863 9069
73 558 5875
364 734 3776
545 965 81
229 476 9620
439 876 1080
211 886 5368
37 283 9562
6 301 2787
239 654 9658
407 758 7433
305 719 3034
210 227 4411
231 512 4781
117 666 2592
440 857 9734
133 378 9297
163 286 4579
107 474 3699
91 391 6920
46 122 6890
596 832 2804
49 673 767
43 470 505
37 160 9914
493 741 630
336 857 6839
439 994 5080
331 398 5625
757 821 1052
70 325 981
519 678 5485
111 318 3593
383 674 3966
111 985 2970
200 870 6553
681 893 853
523 585 1096
172 330 7739
139 186 4376
293 809 86
60 146 4979
541 958 8437
771 988 4148
29 129 2082
199 993 5078
682 1000 1676
399 575 3355
8 50 8712
53 99 9140
272 304 9739
54 165 6251
276 860 4450
50 102 9721
55 339 9869
40 167046436
587 524112805
24 1854
861 703
149 442720671
836 3
633 35
805 108729768
904 87147357
278 116985705
195 792915347
714 642712817
921 5
131 312876160
932 220
3 890274055
312 696
618 137
766 955
401 884364076
625 34
237 458075412
487 373
571 1996
919 515126058
987 345760644
845 16
654 875338091
669 36
944 677077967
359 737231121
996 621114423
984 88882902
948 38
89 1870
559 26
280 48
662 957
592 1425
269 682295562
502 606942353
496 38
88 990
74 642156479
870 1215
969 426338908
416 545113923
557 678591768
430 1426
193 891683835
851 455
528 321395030
470 330
386 908632168
887 110553472
621 655465265
225 1013
507 8
743 611600076
924 11
627 903530337
688 584
755 45
910 1523
986 44
370 26
436 23
214 456040482
11 1635
732 998
354 244994191
817 40
494 38
219 423396269
657 979201547
549 3
522 886
461 36
997 27
675 12
349 712287381
1 481332471
562 535691362
602 28
374 1521
925 698757956
588 55896181
161 951
670 854
480 542012458
482 937442241
273 681070585
635 825
119 338489306
637 956661668
9 41
133 773265279
154 24
558 812480212
960 50
433 113517165
402 567477596
979 865036163
682 13
45 34
397 842204498
425 284
678 289700009
992 520
629 1700
697 41
153 897149410
15 855442158
897 633153014
730 370
437 1714
57 776905938
876 757299502
224 389348495
999 255
552 271
871 264136853
660 612783029
464 45
566 1013
301 558602771
344 676599168
952 242
933 549711760
427 332358697
667 744
442 324048708
358 9
120 1684
935 289378423
890 9
837 145291637
799 318
320 15
28 121
565 645350257
297 27
671 657437580
846 11
511 838738899
506 647045086
548 53
674 68
125 1069
339 2000
903 42
426 237943517
187 1622
906 494184162
784 35
73 35597171
196 210539722
6 251794854
852 622
239 1475
327 691974932
132 1273
328 1335
369 18
833 24
215 17
655 25
830 410038130
634 888316403
177 477
249 339
84 1001
175 32
185 183872699
235 151
564 687
325 710526077
577 542
731 46
572 355888218
100 389732432
813 35
64 804007362
532 1996
158 976536179
483 943402029
478 140177844
129 99
715 564718028
650 824
148 47
793 37
908 1406
972 1862
439 1946
71 718780917
964 108995514
626 36
419 1426
213 723790110
973 13184029
710 35
546 88369290
896 595691122
554 49704570
231 202
283 13
5 42173089
885 3
58 1315
700 156505375
926 253836384
847 1604
35 432435499
536 67479079
299 740083563
576 87015797
54 588
409 951729403
729 18
541 1296
822 176505202
894 670927859
901 638
346 35
434 357261247
95 141759037
774 13
257 1373
300 20
468 975454854
624 1610
404 364553585
452 6
336 344283088
749 280505010
884 1279
189 877574575
126 27684122
186 460519899
790 684993904
814 814687672
311 538081963
250 49
883 18
892 1376
856 36
585 554297541
524 237637029
757 16
677 13
849 103358255
348 1544
48 767561287
428 28
590 688369883
807 1293
26 777455168
476 816
371 33
666 1996
537 16
858 12
676 1491
242 450928604
545 787156174
429 660703106
182 181
203 12
383 182745230
711 397323425
99 999985631
737 2794225
888 540
783 186620633
803 872940539
922 378137632
951 623977336
640 16238360
462 547299442
586 1672
776 447573013
2 1743
306 1865
738 22
188 23226584
459 46
606 248586258
208 870449940
679 270883407
253 43
7 1386
658 62954246
111 42
853 946155673
360 1122
719 82876518
165 119538916
828 1324
69 743023461
271 46
639 458
38 1506
262 182504295
681 707
340 739550263
274 27
372 678547654
321 219330506
547 24
597 45
184 913612177
413 993492006
10 1014
578 157677987
898 23
745 245
421 139883355
310 603040055
451 1
560 748159538
699 591
475 49
379 831476794
930 40
492 230969586
818 741
289 22719840
490 1093
80 913334785
622 267565480
610 316735192
314 618969312
217 493134297
91 894
687 257328893
121 109348909
500 958863076
778 601
248 281
308 369689178
967 501609994
247 851879293
130 688270604
323 668073261
937 151418790
555 512379876
393 1749
911 255880624
385 673104695
13 281286519
180 916
914 569156807
769 188547516
123 606137615
27 9
350 377282330
400 269985074
18 230283395
499 1262
947 436034063
707 1076
263 28
978 904
584 653526669
141 568811676
957 691904913
115 1743
728 549665899
227 169971458
16 1975
620 477335204
668 433447939
392 856060895
582 297923287
204 725
443 398266690
740 716
251 49
353 119421378
216 607253083
218 601
477 1081
183 538207190
254 700497082
332 18
303 1840
460 700
723 423784591
615 1099
917 612680395
101 320677792
614 1062
733 591545409
521 21
946 680158411
661 10
498 199849401
281 40
342 530759328
712 736
241 813
415 915
33 797976977
652 21
771 265282944
270 86803463
765 50
50 787
305 83410698
893 893824492
388 111
956 871925497
599 720906023
465 896724827
608 22
797 2
961 327776646
32 830
594 772411799
544 21
138 433370740
617 1504
918 45
989 335362216
795 596664494
12 1167
260 1540
725 281236104
526 12
859 1963
804 84422251
811 105
488 1056
595 985855955
127 203
653 271342590
19 951
825 444513171
642 1866
574 1526
646 685277108
980 221001970
150 73011771
768 94
290 24797952
838 960190007
136 294
692 783663023
525 1072
994 812
848 804391555
886 14420737
780 426074404
168 286
86 36
221 9
268 607146610
539 506043992
902 608025213
162 1724
449 316514454
333 608521460
252 195
791 154585019
504 1872
166 497083998
295 555906722
877 923
713 46
445 152793757
855 345
122 46
142 987808253
234 11
245 150258479
324 1995
326 44
619 952795460
497 418849247
702 512
474 280798515
17 43
840 785
266 205551209
854 33
277 499761922
107 316315627
446 896
93 181834839
92 233534290
982 738338704
839 312
598 164
362 1836
781 834
202 1519
486 1319
939 41
407 139180838
