1000 999 800 1
1 86 10000
444 445 10000
838 839 10000
99 100 10000
687 688 10000
1 998 10000
1 104 10000
536 537 10000
719 720 10000
159 160 10000
898 899 10000
8 9 10000
779 780 10000
40 41 10000
1 122 10000
628 629 10000
251 252 10000
477 478 10000
100 101 10000
132 133 10000
720 721 10000
569 570 10000
192 193 10000
41 42 10000
812 813 10000
1 872 10000
284 285 10000
872 873 10000
753 754 10000
1 890 10000
376 377 10000
14 15 10000
225 226 10000
74 75 10000
845 846 10000
468 469 10000
106 107 10000
694 695 10000
317 318 10000
1 728 10000
166 167 10000
15 16 10000
786 787 10000
47 48 10000
226 227 10000
1 746 10000
258 259 10000
846 847 10000
107 108 10000
878 879 10000
1 993 10000
318 319 10000
1 764 10000
350 351 10000
48 49 10000
442 443 10000
80 81 10000
291 292 10000
1 602 10000
879 880 10000
140 141 10000
351 352 10000
383 384 10000
1 620 10000
232 233 10000
820 821 10000
443 444 10000
81 82 10000
292 293 10000
324 325 10000
173 174 10000
1 458 10000
384 385 10000
22 23 10000
416 417 10000
233 234 10000
627 628 10000
1 476 10000
476 477 10000
114 115 10000
357 358 10000
1 494 10000
568 569 10000
206 207 10000
417 418 10000
1 979 10000
449 450 10000
266 267 10000
660 661 10000
298 299 10000
886 887 10000
1 988 10000
1 332 10000
147 148 10000
509 510 10000
1 997 10000
358 359 10000
390 391 10000
207 208 10000
1 350 10000
239 240 10000
450 451 10000
299 300 10000
693 694 10000
542 543 10000
1 188 10000
423 424 10000
240 241 10000
602 603 10000
634 635 10000
1 206 10000
483 484 10000
332 333 10000
364 365 10000
1 224 10000
575 576 10000
424 425 10000
635 636 10000
273 274 10000
516 517 10000
1 62 10000
365 366 10000
214 215 10000
608 609 10000
1 974 10000
1 80 10000
819 820 10000
1 983 10000
668 669 10000
306 307 10000
1 992 10000
549 550 10000
760 761 10000
398 399 10000
21 22 10000
609 610 10000
641 642 10000
852 853 10000
490 491 10000
113 114 10000
701 702 10000
339 340 10000
582 583 10000
1 848 10000
431 432 10000
54 55 10000
642 643 10000
752 753 10000
674 675 10000
1 866 10000
885 886 10000
146 147 10000
734 735 10000
615 616 10000
1 704 10000
826 827 10000
87 88 10000
675 676 10000
1 722 10000
1 960 10000
179 180 10000
767 768 10000
28 29 10000
616 617 10000
726 727 10000
1 740 10000
648 649 10000
1 969 10000
1 978 10000
88 89 10000
120 121 10000
708 709 10000
1 987 10000
557 558 10000
1 996 10000
180 181 10000
1 578 10000
29 30 10000
800 801 10000
272 273 10000
1 596 10000
892 893 10000
153 154 10000
741 742 10000
2 3 10000
590 591 10000
700 701 10000
213 214 10000
62 63 10000
833 834 10000
1 434 10000
94 95 10000
682 683 10000
305 306 10000
154 155 10000
1 452 10000
3 4 10000
774 775 10000
35 36 10000
623 624 10000
246 247 10000
1 470 10000
95 96 10000
866 867 10000
1 946 10000
338 339 10000
1 955 10000
1 964 10000
36 37 10000
1 308 10000
430 431 10000
68 69 10000
807 808 10000
1 973 10000
279 280 10000
1 982 10000
128 129 10000
1 326 10000
899 900 10000
160 161 10000
371 372 10000
707 708 10000
220 221 10000
69 70 10000
101 102 10000
1 164 10000
312 313 10000
161 162 10000
372 373 10000
10 11 10000
1 182 10000
404 405 10000
464 465 10000
102 103 10000
1 200 10000
345 346 10000
556 557 10000
194 195 10000
405 406 10000
1 38 10000
286 287 10000
1 941 10000
497 498 10000
135 136 10000
1 950 10000
1 56 10000
346 347 10000
378 379 10000
1 959 10000
227 228 10000
1 968 10000
438 439 10000
76 77 10000
287 288 10000
1 977 10000
530 531 10000
168 169 10000
489 490 10000
1 806 10000
622 623 10000
260 261 10000
471 472 10000
1 824 10000
320 321 10000
352 353 10000
563 564 10000
1 842 10000
412 413 10000
261 262 10000
293 294 10000
504 505 10000
353 354 10000
1 680 10000
596 597 10000
1 927 10000
1 698 10000
1 936 10000
294 295 10000
1 945 10000
537 538 10000
748 749 10000
386 387 10000
1 954 10000
9 10 10000
1 536 10000
1 963 10000
629 630 10000
840 841 10000
478 479 10000
689 690 10000
327 328 10000
437 438 10000
1 554 10000
570 571 10000
419 420 10000
1 572 10000
42 43 10000
268 269 10000
873 874 10000
134 135 10000
722 723 10000
360 361 10000
1 410 10000
681 682 10000
603 604 10000
814 815 10000
452 453 10000
75 76 10000
1 428 10000
411 412 10000
663 664 10000
773 774 10000
544 545 10000
755 756 10000
16 17 10000
714 715 10000
1 922 10000
1 266 10000
1 931 10000
108 109 10000
696 697 10000
806 807 10000
1 940 10000
1 284 10000
1 949 10000
788 789 10000
1 958 10000
1 302 10000
747 748 10000
729 730 10000
839 840 10000
688 689 10000
1 140 10000
201 202 10000
50 51 10000
821 822 10000
82 83 10000
670 671 10000
780 781 10000
1 158 10000
142 143 10000
762 763 10000
23 24 10000
234 235 10000
83 84 10000
854 855 10000
813 814 10000
326 327 10000
662 663 10000
1 14 10000
1 908 10000
1 917 10000
24 25 10000
795 796 10000
56 57 10000
644 645 10000
1 32 10000
267 268 10000
754 755 10000
1 926 10000
1 935 10000
116 117 10000
736 737 10000
1 944 10000
359 360 10000
695 696 10000
208 209 10000
57 58 10000
167 168 10000
828 829 10000
89 90 10000
300 301 10000
1 782 10000
636 637 10000
149 150 10000
30 31 10000
728 729 10000
1 800 10000
90 91 10000
200 201 10000
333 334 10000
669 670 10000
182 183 10000
1 638 10000
880 881 10000
141 142 10000
761 762 10000
274 275 10000
1 656 10000
485 486 10000
123 124 10000
1 903 10000
1 674 10000
1 912 10000
215 216 10000
426 427 10000
64 65 10000
174 175 10000
1 921 10000
1 930 10000
1 512 10000
156 157 10000
518 519 10000
1 939 10000
5 6 10000
1 530 10000
248 249 10000
610 611 10000
459 460 10000
418 419 10000
340 341 10000
551 552 10000
189 190 10000
887 888 10000
1 368 10000
400 401 10000
148 149 10000
510 511 10000
281 282 10000
1 386 10000
492 493 10000
1 404 10000
584 585 10000
222 223 10000
543 544 10000
392 393 10000
314 315 10000
525 526 10000
1 242 10000
861 862 10000
374 375 10000
122 123 10000
484 485 10000
1 907 10000
1 916 10000
1 260 10000
466 467 10000
576 577 10000
1 925 10000
425 426 10000
558 559 10000
407 408 10000
1 98 10000
366 367 10000
1 116 10000
348 349 10000
458 459 10000
1 134 10000
802 803 10000
440 441 10000
550 551 10000
63 64 10000
399 400 10000
532 533 10000
381 382 10000
491 492 10000
4 5 10000
702 703 10000
1 884 10000
473 474 10000
794 795 10000
432 433 10000
1 902 10000
776 777 10000
524 525 10000
1 911 10000
735 736 10000
1 920 10000
506 507 10000
827 828 10000
465 466 10000
676 677 10000
1 758 10000
809 810 10000
70 71 10000
768 769 10000
406 407 10000
617 618 10000
1 776 10000
130 131 10000
750 751 10000
498 499 10000
860 861 10000
11 12 10000
1 614 10000
801 802 10000
650 651 10000
1 632 10000
783 784 10000
893 894 10000
44 45 10000
742 743 10000
255 256 10000
591 592 10000
1 650 10000
724 725 10000
834 835 10000
683 684 10000
196 197 10000
894 895 10000
1 906 10000
155 156 10000
1 488 10000
288 289 10000
624 625 10000
137 138 10000
1 506 10000
96 97 10000
867 868 10000
18 19 10000
716 717 10000
1 991 10000
188 189 10000
1 1000 10000
1 344 10000
808 809 10000
657 658 10000
170 171 10000
280 281 10000
868 869 10000
129 130 10000
1 362 10000
900 901 10000
749 750 10000
262 263 10000
598 599 10000
111 112 10000
221 222 10000
1 380 10000
690 691 10000
203 204 10000
162 163 10000
1 218 10000
782 783 10000
144 145 10000
254 255 10000
842 843 10000
1 236 10000
874 875 10000
236 237 10000
195 196 10000
815 816 10000
1 74 10000
539 540 10000
177 178 10000
875 876 10000
136 137 10000
1 986 10000
1 92 10000
347 348 10000
269 270 10000
1 995 10000
118 119 10000
228 229 10000
1 110 10000
816 817 10000
77 78 10000
210 211 10000
531 532 10000
380 381 10000
513 514 10000
849 850 10000
472 473 10000
110 111 10000
1 860 10000
321 322 10000
243 244 10000
564 565 10000
202 203 10000
790 791 10000
1 878 10000
413 414 10000
51 52 10000
656 657 10000
882 883 10000
143 144 10000
354 355 10000
1 716 10000
597 598 10000
446 447 10000
1 734 10000
1 972 10000
1 981 10000
538 539 10000
1 752 10000
1 990 10000
387 388 10000
1 999 10000
520 521 10000
630 631 10000
479 480 10000
1 590 10000
328 329 10000
461 462 10000
1 608 10000
420 421 10000
512 513 10000
723 724 10000
1 446 10000
572 573 10000
494 495 10000
604 605 10000
453 454 10000
1 464 10000
664 665 10000
302 303 10000
435 436 10000
545 546 10000
1 482 10000
756 757 10000
394 395 10000
17 18 10000
605 606 10000
1 967 10000
848 849 10000
486 487 10000
1 976 10000
335 336 10000
1 320 10000
546 547 10000
1 985 10000
578 579 10000
1 994 10000
789 790 10000
1 338 10000
638 639 10000
881 882 10000
519 520 10000
730 731 10000
579 580 10000
1 176 10000
611 612 10000
822 823 10000
671 672 10000
1 194 10000
552 553 10000
1 212 10000
612 613 10000
84 85 10000
855 856 10000
704 705 10000
1 50 10000
176 177 10000
1 953 10000
796 797 10000
1 962 10000
1 68 10000
645 646 10000
856 857 10000
1 971 10000
117 118 10000
888 889 10000
1 980 10000
737 738 10000
250 251 10000
586 587 10000
1 989 10000
209 210 10000
797 798 10000
58 59 10000
678 679 10000
191 192 10000
1 818 10000
527 528 10000
150 151 10000
770 771 10000
393 394 10000
1 836 10000
242 243 10000
830 831 10000
862 863 10000
1 854 10000
711 712 10000
224 225 10000
334 335 10000
183 184 10000
771 772 10000
32 33 10000
803 804 10000
1 692 10000
165 166 10000
275 276 10000
863 864 10000
124 125 10000
744 745 10000
1 710 10000
1 948 10000
216 217 10000
804 805 10000
1 957 10000
65 66 10000
836 837 10000
276 277 10000
1 966 10000
198 199 10000
308 309 10000
1 548 10000
896 897 10000
1 975 10000
368 369 10000
6 7 10000
1 984 10000
1 566 10000
249 250 10000
837 838 10000
460 461 10000
98 99 10000
309 310 10000
1 584 10000
341 342 10000
190 191 10000
778 779 10000
401 402 10000
39 40 10000
172 173 10000
282 283 10000
1 422 10000
870 871 10000
131 132 10000
342 343 10000
1 440 10000
585 586 10000
434 435 10000
72 73 10000
677 678 10000
315 316 10000
1 934 10000
526 527 10000
164 165 10000
1 278 10000
1 943 10000
375 376 10000
1 952 10000
618 619 10000
256 257 10000
1 296 10000
1 961 10000
467 468 10000
316 317 10000
1 970 10000
710 711 10000
1 314 10000
197 198 10000
408 409 10000
257 258 10000
651 652 10000
1 152 10000
500 501 10000
743 744 10000
560 561 10000
1 170 10000
592 593 10000
441 442 10000
652 653 10000
290 291 10000
684 685 10000
501 502 10000
533 534 10000
1 8 10000
382 383 10000
593 594 10000
231 232 10000
1 26 10000
474 475 10000
1 929 10000
323 324 10000
717 718 10000
534 535 10000
1 938 10000
1 44 10000
566 567 10000
777 778 10000
1 947 10000
38 39 10000
626 627 10000
264 265 10000
1 956 10000
658 659 10000
869 870 10000
507 508 10000
1 965 10000
718 719 10000
356 357 10000
567 568 10000
599 600 10000
1 794 10000
810 811 10000
448 449 10000
71 72 10000
659 660 10000
508 509 10000
1 812 10000
540 541 10000
12 13 10000
600 601 10000
1 830 10000
632 633 10000
843 844 10000
104 105 10000
692 693 10000
573 574 10000
1 668 10000
784 785 10000
45 46 10000
633 634 10000
1 915 10000
665 666 10000
482 483 10000
1 686 10000
105 106 10000
844 845 10000
876 877 10000
1 924 10000
725 726 10000
1 933 10000
574 575 10000
1 942 10000
785 786 10000
46 47 10000
1 524 10000
1 951 10000
78 79 10000
666 667 10000
515 516 10000
138 139 10000
1 542 10000
758 759 10000
230 231 10000
1 560 10000
456 457 10000
818 819 10000
850 851 10000
699 700 10000
322 323 10000
548 549 10000
171 172 10000
759 760 10000
1 398 10000
20 21 10000
791 792 10000
414 415 10000
52 53 10000
640 641 10000
263 264 10000
851 852 10000
1 416 10000
112 113 10000
732 733 10000
204 205 10000
792 793 10000
1 910 10000
53 54 10000
824 825 10000
1 254 10000
447 448 10000
1 919 10000
296 297 10000
884 885 10000
1 928 10000
1 272 10000
765 766 10000
1 937 10000
388 389 10000
26 27 10000
237 238 10000
825 826 10000
1 290 10000
86 87 10000
857 858 10000
480 481 10000
297 298 10000
329 330 10000
178 179 10000
766 767 10000
389 390 10000
27 28 10000
1 128 10000
238 239 10000
270 271 10000
858 859 10000
119 120 10000
1 146 10000
330 331 10000
362 363 10000
422 423 10000
60 61 10000
454 455 10000
303 304 10000
891 892 10000
514 515 10000
152 153 10000
740 741 10000
363 364 10000
1 2 10000
1 896 10000
395 396 10000
212 213 10000
1 905 10000
606 607 10000
244 245 10000
832 833 10000
455 456 10000
1 20 10000
93 94 10000
1 914 10000
304 305 10000
1 923 10000
698 699 10000
336 337 10000
1 932 10000
185 186 10000
396 397 10000
428 429 10000
245 246 10000
639 640 10000
488 489 10000
126 127 10000
1 770 10000
731 732 10000
369 370 10000
186 187 10000
580 581 10000
218 219 10000
1 788 10000
429 430 10000
278 279 10000
672 673 10000
310 311 10000
521 522 10000
370 371 10000
1 626 10000
402 403 10000
219 220 10000
581 582 10000
764 765 10000
462 463 10000
1 644 10000
311 312 10000
705 706 10000
522 523 10000
554 555 10000
1 662 10000
614 615 10000
252 253 10000
1 909 10000
646 647 10000
495 496 10000
1 918 10000
706 707 10000
344 345 10000
1 500 10000
738 739 10000
555 556 10000
587 588 10000
798 799 10000
436 437 10000
1 518 10000
59 60 10000
647 648 10000
285 286 10000
496 497 10000
890 891 10000
528 529 10000
377 378 10000
588 589 10000
1 356 10000
620 621 10000
831 832 10000
92 93 10000
680 681 10000
1 374 10000
712 713 10000
561 562 10000
184 185 10000
772 773 10000
1 392 10000
410 411 10000
33 34 10000
621 622 10000
653 654 10000
470 471 10000
864 865 10000
502 503 10000
125 126 10000
713 714 10000
1 230 10000
562 563 10000
594 595 10000
34 35 10000
1 904 10000
66 67 10000
1 248 10000
654 655 10000
1 913 10000
686 687 10000
503 504 10000
897 898 10000
158 159 10000
746 747 10000
334 7192
893 13396
153 2921
159 14602
686 11828
561 12997
450 12235
670 1933
61 158
173 1284
6 5483
765 3301
453 12866
83 5863
345 9887
377 4489
616 2268
519 8769
847 3067
202 5076
858 4827
148 4978
229 370
873 6528
95 6092
397 12389
427 8470
187 1410
244 11817
198 5753
237 7242
154 8091
59 8947
544 7460
35 5776
735 12003
662 11916
412 4040
683 14559
408 13599
604 4506
54 3785
736 13135
766 1979
304 8615
406 763
581 8187
755 3695
301 14641
562 2284
702 14502
928 10596
461 4722
613 12362
341 13173
693 9044
753 1392
527 2573
395 7988
649 1781
156 7722
841 3795
181 11414
609 12044
246 1704
393 7284
262 9818
645 4318
767 7941
560 13679
339 13874
514 6506
869 1396
225 9760
738 14378
816 13228
411 4009
628 5316
365 1195
349 4101
371 14676
321 11701
889 12773
553 6440
418 5528
547 4597
330 3235
413 14161
563 6870
367 227
951 1744
111 8543
522 5297
337 7528
611 6166
129 13883
796 12587
222 6105
379 707
711 2252
897 3570
25 2469
499 12340
387 10647
633 14833
311 6356
542 6777
666 11871
799 2400
915 13062
761 10067
864 14676
617 7103
230 1910
436 11743
233 10563
475 3382
635 14348
207 10840
293 1766
515 13689
7 430
3 8618
290 1396
593 7887
815 6148
607 4454
234 10506
163 14977
822 3742
103 13772
168 11151
610 12509
172 4596
857 431
31 13313
383 837
451 9909
348 2517
130 423
741 14812
49 12677
247 1042
779 421
813 120
838 5607
844 1976
409 10150
703 13087
185 13624
895 13452
299 14739
423 1757
879 10733
33 3349
573 3346
518 10914
690 14245
289 11996
390 7402
231 14104
432 3189
19 3886
626 1381
622 5123
785 3470
211 13327
801 7242
671 6676
270 2731
576 9629
252 977
82 3620
255 7256
394 13708
174 11176
215 9596
388 5225
77 9814
534 3741
139 3245
143 9435
700 9397
592 12063
751 14101
433 3630
27 180
819 11429
248 11101
265 8651
820 5734
657 2964
374 10880
870 8023
541 1061
136 10585
489 14469
623 13220
771 13722
167 14944
335 4697
30 12714
469 14842
712 5260
707 11823
675 2996
281 7197
277 6694
598 5098
718 981
22 8074
39 8770
317 13784
918 1683
629 5665
756 11977
205 9285
621 19
778 4746
364 9206
117 2769
97 3131
378 13653
533 2429
75 1487
481 14178
257 7044
283 11422
263 9260
500 2544
834 6270
216 7365
691 976
269 10522
295 4455
456 2681
709 13239
480 11479
73 7690
405 5521
272 10366
145 5104
57 4505
343 6593
58 10833
282 5618
323 13122
942 12207
424 602
821 10137
891 1588
66 7796
837 7418
663 14987
655 11956
208 13686
641 4371
699 4048
245 1940
504 11403
807 4437
668 5824
808 675
539 11239
235 4390
495 2386
441 368
721 3389
713 6617
701 9654
322 5566
325 14227
238 12667
881 10439
862 11423
558 12757
654 7987
144 3573
846 522
166 5472
271 10848
276 2613
898 10727
682 5080
933 11123
127 3630
624 2655
315 7779
715 9788
329 13346
70 8889
24 2569
67 10276
23 5555
13 10754
72 10950
52 7902
78 4021
195 3635
681 6449
587 6322
415 1411
885 11057
772 11979
40 13640
18 10664
497 6473
254 3101
899 5595
795 3338
400 11994
507 11318
658 11542
877 8624
391 11206
455 10323
102 7000
20 2908
724 13972
392 13549
228 3027
825 7233
291 14659
407 10097
437 8832
217 953
149 353
696 10400
550 6138
358 523
904 3245
12 7758
804 14461
114 9395
201 3641
101 14031
787 2778
900 12803
811 5014
684 12839
896 1601
430 1087
221 5895
135 10760
204 4143
414 14178
192 13339
695 3440
498 12426
157 5916
133 5585
137 5639
292 4026
356 11518
732 9492
381 9439
401 5416
63 12899
342 4489
886 12999
42 13690
567 8725
186 3535
346 472
180 8756
914 12669
648 5953
605 5829
312 8384
171 11829
549 6483
84 9308
591 4524
161 6118
369 1777
385 9600
574 3199
355 8625
535 13047
165 9675
651 266
739 11125
28 5797
705 9451
679 10374
352 1898
603 492
142 6843
108 2749
359 6209
532 14298
51 14342
582 168
748 5158
438 4702
599 11751
210 4109
55 11163
627 10611
492 6510
797 9435
425 945
467 6815
853 11462
615 13728
189 2645
517 2969
829 6591
419 12889
689 1169
729 296
398 4624
141 8189
505 3841
595 10689
486 9439
523 5434
487 5215
528 7439
784 5476
239 984
261 12699
150 9852
640 5066
193 8147
5 7692
327 2057
792 10226
36 12771
354 9934
328 14975
759 3614
113 13987
786 8567
583 1597
37 9960
93 14597
287 4008
472 14712
439 944
652 3425
768 6100
901 9651
516 3217
126 1555
459 8978
726 9047
619 3663
259 11776
588 3008
809 10570
340 10958
859 2457
372 9229
503 10006
794 14278
53 1514
69 942
491 8928
839 229
370 13666
280 2934
546 1785
107 2707
828 3208
631 1829
11 4135
214 7095
416 10649
403 4482
449 3054
637 9111
618 11898
353 351
660 9311
557 8548
444 12398
426 12500
774 6868
47 14634
790 12849
275 3594
41 3571
723 10464
606 9840
697 1392
17 14374
661 4791
10 8025
744 350
132 422
347 4057
128 6600
71 6053
90 9993
832 4576
540 3372
484 13216
882 792
21 2602
826 13187
4 9117
956 13444
673 8007
169 6945
300 326
445 7728
45 2831
524 1447
396 13021
319 3528
46 692
659 3679
501 7861
760 6530
556 6000
688 1113
183 10218
389 11902
457 2147
597 14751
485 3021
460 3478
521 1999
852 2535
840 11433
191 8378
318 6274
783 2153
203 8502
240 7142
763 13678
855 12044
798 4033
868 10234
483 3330
384 11912
669 2598
16 5503
267 12154
630 8247
545 2289
366 69
478 1063
687 8151
303 4981
253 11934
466 13741
737 14318
865 10603
2 7277
190 9578
297 11647
442 12931
310 4672
814 2146
743 131
81 225
336 6984
402 3207
100 12484
513 11744
937 11284
435 6326
119 8214
823 10040
856 458
639 7537
827 10133
447 4126
120 8604
706 2523
468 3401
227 1743
892 8292
875 13737
307 11755
919 8091
520 10027
162 3237
463 5839
664 12760
87 362
155 14102
871 11747
213 6731
268 14881
333 3959
636 111
579 2189
309 10062
490 7574
510 11503
714 13330
727 9691
89 1829
845 1565
94 1650
747 4904
454 4809
123 5117
91 8004
473 1168
910 14348
351 13261
888 7875
96 10442
793 8456
805 11330
924 7712
850 7605
564 6499
833 2908
876 4231
249 14673
730 14472
421 12305
570 13706
538 4807
178 10263
665 3913
831 9467
913 4038
529 14725
160 11900
256 12836
376 12896
932 6580
789 6257
905 1466
60 463
184 999
250 7177
151 8558
817 11280
923 9098
294 12769
851 1571
830 5473
569 12542
644 5788
305 10179
43 4766
88 5279
79 11157
694 8085
525 13454
118 13686
589 1519
559 1136
867 4820
634 12781
880 7113
313 14483
552 12027
685 4870
177 4999
429 10862
125 5680
274 11281
471 7064
363 95
769 6525
258 6186
742 9487
719 8306
175 8135
509 205
243 4722
575 14569
375 12912
251 50
585 10877
625 7578
399 7576
76 2599
835 6839
883 10384
642 11071
64 13421
105 10759
717 4800
770 9864
643 13237
780 3444
861 3990
555 10708
306 3470
678 5643
600 11145
612 6349
577 8419
361 84
647 2358
725 9271
508 4931
580 11416
106 7168
220 9838
773 12666
219 10549
131 3942
849 7414
568 3666
810 7237
543 12171
298 6381
672 9174
316 14090
357 4320
448 8611
496 8175
526 6412
565 6969
571 4001
465 9290
601 5939
179 342
745 8637
279 5916
196 9177
750 3118
382 13237
887 13794
197 5613
802 2969
285 14175
124 5251
209 1098
443 519
373 9686
537 9388
788 12875
586 13106
803 8847
531 14628
762 1305
646 11849
431 5672
965 1007
733 7563
653 6388
775 4446
708 13322
477 7463
594 14363
115 11096
894 3176
474 6731
199 9271
85 7833
511 3495
286 12700
9 14780
223 12256
754 9797
34 3899
843 6211
138 11842
551 11214
479 13700
667 11339
417 9309
781 11382
749 11639
720 12974
791 10486
264 3288
147 12364
731 10912
757 1834
331 9612
273 6762
241 6939
121 13252
109 4510
874 14770
676 4486
462 4559
947 1831
777 4488
288 7421
502 5595
146 8876
15 8438
112 6617
677 2383
48 7732
99 7411
232 6212
863 2059
909 2462
324 4434
420 6539
65 14798
360 14756
493 3819
226 1445
29 7669
812 1618
