1000 2000 1 299
210 805 3932
100 787 6612
58 220 3256
46 60 461
226 389 3739
746 933 4993
149 418 1744
468 927 1237
63 96 5694
42 332 2474
692 841 6323
115 290 6922
382 657 717
569 801 6536
82 448 9759
18 50 4574
645 933 3866
396 432 2131
236 249 8314
485 879 8826
49 787 9934
260 453 1384
328 712 5757
179 899 5116
381 906 8724
32 862 2506
279 445 3746
618 958 4831
21 185 8162
37 789 8409
35 94 8020
255 434 5880
684 937 281
442 610 2139
13 33 6835
392 447 9453
146 819 3891
241 984 3797
217 241 1842
1 20 685
79 107 9736
75 845 2646
246 536 1590
24 61 9009
501 773 7283
140 417 5995
51 554 7093
73 869 8877
384 939 1224
239 938 6997
219 611 5521
194 856 6965
664 997 4762
370 402 1704
206 351 7850
89 499 4008
3 7 3117
225 693 4315
111 265 2846
595 736 7514
50 53 3014
397 870 423
211 830 9119
81 298 778
65 149 1275
793 915 8174
925 993 4570
1 28 3458
400 924 6717
9 73 4869
1 401 4998
89 719 5978
577 814 8558
603 889 5671
374 833 1427
117 163 9685
254 937 6781
551 665 506
8 855 1157
55 718 394
414 440 3151
546 979 429
88 378 5990
660 842 4170
406 425 8593
652 668 5771
158 233 3463
12 58 2339
285 494 8549
154 507 8261
601 968 2670
51 851 4836
397 668 2561
10 513 2334
637 672 2097
412 646 8439
151 274 9131
626 881 5058
427 648 398
30 991 1021
137 265 5885
554 641 4506
767 770 8929
49 516 1786
942 974 5732
633 734 5405
710 948 2999
162 240 6883
497 975 5042
704 828 3564
127 534 6440
287 333 6304
118 544 2532
44 895 7803
138 177 4859
535 714 5826
103 753 5682
25 377 8322
349 495 1442
523 801 7113
582 696 400
4 16 6276
534 601 8096
66 527 2550
330 572 2558
656 952 7691
168 223 4507
39 56 8643
621 915 4136
563 837 1141
532 673 1582
302 326 3117
389 822 9260
377 775 6104
265 556 6482
103 214 9341
25 244 5700
382 850 77
149 255 433
285 561 6392
115 272 752
554 754 8371
41 838 9130
581 784 4790
85 917 5328
694 813 3712
98 924 5892
292 785 5971
177 616 7522
528 782 7179
53 104 6152
2 4 2985
627 764 3360
113 526 1256
281 500 7655
15 663 5917
361 934 6996
413 895 3293
162 275 3987
320 784 4703
131 134 2738
346 745 2516
797 941 20
358 836 8278
300 774 4159
356 949 6395
200 637 6514
656 914 9517
225 425 2928
657 917 6631
15 307 6681
43 231 8009
101 721 457
92 552 8737
116 742 8347
47 668 3096
301 468 5543
159 549 8814
114 999 2700
505 577 8979
522 624 3734
91 495 1621
80 463 1087
629 999 9171
317 890 5135
39 993 912
135 487 9339
193 897 1359
827 950 7433
450 832 3808
341 716 2780
303 411 4252
649 885 9915
108 765 7066
717 748 8038
205 533 5154
772 929 3929
43 891 9431
557 899 2462
27 547 199
334 911 2430
153 367 5957
564 952 372
103 211 7858
306 331 5215
953 980 7332
24 228 6020
467 697 4830
15 21 8272
10 13 4038
419 527 5001
520 912 2438
336 991 7738
117 526 4940
45 509 8086
128 165 9327
271 996 4992
209 640 5382
540 835 8566
7 809 1260
74 405 978
121 938 3551
504 772 2027
167 822 5970
45 123 9709
580 647 3734
260 261 6084
575 703 7846
64 849 1956
731 844 4384
116 212 4855
322 335 7345
17 190 755
402 613 9926
361 398 1564
48 106 5368
520 619 6711
692 966 7930
157 668 660
526 937 7113
358 740 8117
72 287 3340
40 49 5693
160 469 6407
66 659 5230
18 124 6348
291 713 6827
27 950 2473
224 577 2515
247 563 1033
481 504 9510
17 19 4701
489 810 4575
680 912 7172
563 584 5943
400 926 6876
88 302 6241
369 619 5900
468 488 418
181 320 2911
609 664 9758
28 910 8520
578 996 673
18 83 9288
721 732 5114
454 910 9999
85 350 8733
20 57 4283
485 949 196
26 744 519
75 124 9784
118 444 9991
407 439 6297
134 194 3486
152 165 252
499 815 3848
186 326 8467
124 227 7317
430 512 2310
767 789 5090
770 847 1491
724 792 656
28 153 7903
93 570 7698
284 559 7835
6 15 4290
236 550 4073
8 111 2333
411 422 2993
443 610 3612
115 643 9232
251 938 9841
206 295 1298
3 261 1029
267 447 875
215 521 176
23 230 6194
131 466 8473
473 986 3937
315 413 4116
454 989 1463
184 219 8597
408 433 2031
174 534 5189
10 188 4175
3 877 9297
8 115 5815
31 929 3738
32 842 9866
173 925 3073
16 32 3751
131 496 5544
155 371 1191
927 991 5882
25 67 6685
14 275 7907
128 129 1247
2 248 7207
118 696 8490
453 826 2973
165 326 6374
662 935 9004
22 811 123
27 45 2706
83 397 6809
1 341 8123
684 708 5245
485 659 432
545 639 5075
555 624 1832
324 938 2469
382 467 6946
503 828 3856
931 953 1645
117 631 8764
365 548 8801
204 388 8232
592 661 973
136 146 4299
199 242 328
58 234 1020
200 254 4890
40 55 4148
413 468 5731
95 671 1366
84 943 6988
115 332 8440
456 882 7895
6 9 5798
81 117 5568
388 462 586
196 633 8967
66 130 8722
564 706 168
198 543 8303
687 779 2284
117 921 4916
83 634 606
50 384 8576
560 717 169
324 423 7925
637 864 4834
89 885 5212
104 168 1694
68 359 7673
41 596 8526
779 955 2906
829 880 7436
102 300 5406
625 741 4241
200 524 8560
108 329 5545
278 625 3277
10 607 762
40 393 8134
60 663 2942
147 903 1826
78 991 5259
114 281 1204
167 763 4503
524 726 4409
563 653 155
250 263 7864
658 936 8549
53 453 7928
31 357 3636
171 910 4639
226 822 2355
68 253 1778
587 832 5743
164 391 9352
564 711 9866
485 874 4351
102 692 8663
252 390 9310
175 913 6131
380 777 4295
577 763 4121
142 314 6812
250 620 977
18 958 2260
288 648 8411
57 523 8704
369 715 2230
279 522 1238
225 398 5999
728 756 7003
158 766 7579
142 456 6249
240 295 2560
196 744 6659
80 191 1253
387 628 1100
384 957 4110
200 592 9950
171 178 9144
121 589 9413
57 793 7036
35 144 28
579 691 7848
12 164 5971
243 959 7896
124 983 237
521 626 9264
61 82 8652
79 224 6538
291 457 4617
203 381 2243
53 792 455
31 78 7565
395 740 8729
600 908 1229
610 871 173
486 695 5090
146 174 5505
82 532 9469
658 845 6320
82 872 651
555 797 2646
347 833 4990
505 853 330
346 628 3448
101 126 2813
175 616 8217
599 725 2724
168 740 7635
578 933 3670
647 715 1624
426 428 6515
490 760 6337
228 598 7840
186 754 3058
298 344 4601
622 875 5646
160 296 5416
67 308 8502
633 945 8369
62 312 348
359 838 550
109 406 5802
812 893 9485
547 638 3985
435 839 1106
31 379 5866
161 408 6594
691 806 5175
641 728 529
136 180 490
700 844 7157
39 63 9408
351 694 7457
77 923 4756
384 468 7962
536 799 3626
288 965 5127
554 774 2440
728 779 1940
840 900 7122
323 740 5142
617 649 9126
379 485 4965
613 852 5499
6 235 7457
199 889 2878
138 936 3446
66 697 3105
24 289 4430
172 466 9642
152 360 7723
430 593 9481
423 794 1988
283 430 3344
222 246 7865
135 299 3930
279 546 3974
210 676 1924
95 908 4616
144 420 9648
269 270 8002
45 74 7632
328 498 5231
170 463 4718
8 743 7727
172 234 600
136 900 6603
412 518 534
643 909 8850
247 469 5899
178 290 5559
40 51 161
474 839 2673
417 737 7811
247 517 6662
252 442 7923
3 416 6270
540 934 8727
155 281 2384
577 940 2544
124 727 2419
56 180 9523
342 746 9343
335 964 6881
111 566 6957
463 669 7087
744 754 3386
143 397 2308
483 688 2245
209 248 3223
211 299 9664
408 781 9568
95 505 2245
241 996 2955
61 804 197
295 704 9338
220 970 5613
303 762 7039
154 339 1593
75 651 2732
246 323 2035
828 983 2837
470 730 5861
323 514 1893
28 876 4526
532 773 1496
434 887 3449
286 846 1475
65 477 1003
26 663 7399
364 483 9057
312 352 128
257 766 2337
17 730 8020
246 963 9656
462 585 9660
516 611 854
246 301 5259
276 987 8254
681 942 8124
401 537 213
455 459 6508
620 787 2793
495 867 1751
779 885 3232
513 817 8904
143 722 3814
129 141 1283
535 811 6543
273 480 2979
202 334 2339
211 266 7985
682 802 6704
132 903 8847
337 536 5312
27 295 8640
245 713 1639
20 406 1077
471 721 1800
225 633 3040
256 386 2873
108 166 1504
502 574 7812
533 632 9897
57 136 9817
642 674 1385
641 920 2346
77 99 9533
846 990 4539
420 654 1390
204 982 8907
570 780 3288
110 222 3200
429 991 375
260 305 2730
728 909 2715
566 961 6143
26 837 7432
563 964 5136
503 515 4695
655 865 2050
200 859 7833
335 425 949
115 998 9755
113 818 7656
669 943 2935
133 715 698
44 736 9533
429 683 3604
57 687 2249
503 696 4294
576 723 4500
272 273 8157
571 631 9206
3 17 2760
687 729 2753
505 690 1811
146 766 1440
392 722 2676
416 978 7324
114 279 3726
604 813 123
749 809 1232
177 358 9387
66 929 2145
411 546 6509
29 87 7824
143 575 5041
474 806 5004
535 821 5047
872 999 4691
336 724 7686
124 189 6540
235 315 9696
36 415 3241
294 470 5356
141 824 3035
343 898 4075
712 948 6063
788 815 6926
47 879 2772
192 970 4894
168 576 1880
50 102 5976
149 381 3015
32 105 4334
471 967 3444
19 571 2350
129 353 3684
28 39 6227
190 629 5319
4 232 8214
30 454 9343
6 23 1538
394 811 4553
444 768 7629
280 951 8074
232 342 976
483 532 5036
479 715 5254
22 769 2065
634 937 5615
741 985 1539
516 733 1258
10 54 8178
884 979 9988
54 148 3964
824 956 4502
101 626 3054
390 568 6469
65 909 8107
144 180 2239
237 430 7007
174 304 2951
161 557 7205
186 197 2471
341 979 8210
154 236 632
65 848 2878
2 356 3902
61 319 615
400 406 1819
908 929 4017
525 979 2270
156 367 9393
11 37 3185
209 488 6261
770 954 3084
301 396 3685
171 209 3795
749 865 8827
499 623 7174
557 996 2753
408 436 6504
66 994 3452
130 151 2250
96 726 8755
551 757 7074
71 84 6036
773 952 785
286 606 9873
522 565 4710
51 175 4618
467 707 8628
304 733 3596
177 527 9095
431 506 5610
399 635 2432
258 540 4742
63 767 1866
240 330 996
445 561 2966
244 689 9519
32 861 2393
221 781 8153
338 568 8764
243 259 574
436 785 5418
294 408 678
544 853 6690
199 254 2635
81 828 2363
136 930 633
344 500 5203
426 875 1748
284 726 1654
420 525 899
539 731 343
23 36 7049
14 135 777
202 414 770
902 930 2678
423 756 2236
123 936 6153
66 470 4128
48 761 8203
7 259 3874
385 388 704
437 694 8646
877 984 311
672 720 146
543 570 5349
352 802 1907
134 889 3119
139 647 9743
215 491 7321
279 573 6301
127 684 2895
9 47 5749
107 717 8489
285 511 3465
599 765 8240
611 664 3117
67 804 9064
238 494 350
245 407 6689
11 14 7337
213 252 2998
22 493 3090
194 245 1644
186 893 3311
85 95 7109
38 609 189
616 897 9940
290 541 7231
414 722 4252
93 229 6024
14 25 8417
73 722 9087
102 820 1442
582 702 6711
554 677 9026
87 628 5199
61 397 2056
23 376 3110
519 804 6259
87 725 8503
128 564 1335
163 317 2316
294 961 1645
125 730 2510
438 976 7561
703 960 8748
258 424 8604
172 474 3782
60 778 2156
28 825 4618
410 449 3680
586 866 7375
205 253 876
8 158 2184
251 551 5304
233 414 3442
116 412 6956
201 425 1889
23 101 5580
735 805 9646
105 321 9158
162 538 3297
194 539 288
255 664 9043
8 130 2775
457 749 7503
767 926 6528
350 823 1871
887 975 2782
385 728 909
469 926 3514
146 475 2730
168 633 6651
36 691 4328
450 503 5243
274 275 3179
46 77 4639
26 791 8820
235 311 5789
52 140 2373
11 29 8430
45 59 1709
149 253 14
65 615 2869
426 807 8837
521 997 6390
87 536 3975
754 888 4056
91 887 2720
294 965 1605
101 714 824
254 495 8128
634 778 5028
65 156 6375
603 618 5533
354 843 9485
92 666 3472
372 677 6363
356 535 2857
433 567 6487
356 815 2893
68 172 7135
38 229 422
150 795 8578
1 569 8010
602 798 1259
287 288 679
691 962 2055
36 996 1527
519 993 7608
555 888 7174
1 18 2435
347 614 5756
136 345 6116
135 938 2677
54 363 5696
3 6 5663
387 504 4241
21 65 8131
94 636 4859
105 479 7307
693 700 7741
259 346 6520
112 343 5761
322 943 1235
381 616 9990
52 292 1921
20 157 8157
3 214 3970
606 768 1700
969 1000 6616
111 320 77
249 391 5158
102 717 8705
89 473 1348
173 782 5643
144 364 3735
193 373 9016
464 893 8152
311 552 5664
548 760 2329
690 881 1560
459 994 8901
278 853 772
132 642 1318
198 690 8777
15 26 5570
219 399 2499
314 325 5394
515 979 3196
325 792 4415
240 748 9534
242 774 9127
208 395 1888
469 742 3038
267 620 1002
549 599 7843
185 195 4147
58 458 497
140 820 4315
210 766 2485
581 736 363
106 118 3357
324 946 5350
909 912 946
89 122 7593
95 551 4072
256 618 5109
560 745 8896
222 668 2493
193 350 4555
466 834 3927
132 689 4507
63 891 8619
664 963 7841
304 338 6072
19 69 8686
225 622 7316
275 319 6101
74 870 1890
100 603 9576
120 294 4389
511 938 9043
365 888 2940
923 978 1101
484 822 1905
61 462 8614
69 316 343
111 313 8662
749 924 6559
319 328 2904
421 571 6138
267 519 6980
383 950 442
20 639 7192
491 689 950
406 613 7482
440 619 5321
741 870 1952
284 907 5567
499 538 137
525 766 5224
622 922 41
445 737 1601
26 361 1396
515 998 942
414 755 2782
450 807 1190
172 207 8536
382 667 5300
303 720 1441
488 836 3745
44 131 8592
51 80 2444
614 928 9558
123 511 6232
34 617 5440
550 818 9194
59 877 2430
199 510 8019
298 560 2702
324 495 5044
466 897 9902
879 907 409
266 901 4780
305 341 2174
246 556 5714
41 91 2784
81 287 7091
314 471 664
621 647 3183
634 938 6658
224 347 5933
392 836 3319
208 215 6549
135 868 5039
43 494 6507
312 778 734
312 332 9738
6 438 3134
287 783 8418
205 779 9181
99 172 9525
613 883 5574
319 525 7766
40 339 745
32 164 6553
685 888 9451
468 898 8379
880 896 8328
416 587 5247
544 920 7584
74 328 2489
367 555 2016
353 914 8378
155 385 1088
592 629 9826
625 659 8099
38 978 4020
200 286 6242
151 627 5470
325 408 1851
30 31 5443
83 947 9577
448 804 2575
276 478 7961
67 517 2206
30 76 725
144 283 1921
26 181 4031
437 633 2505
269 761 7060
63 327 5832
445 503 3627
573 949 7812
727 781 5446
211 629 4097
514 750 6773
541 588 7238
12 186 9975
234 890 6164
380 638 6414
761 888 5988
361 542 9539
100 880 7421
481 867 103
168 768 332
68 117 2245
310 509 3123
482 627 7030
420 946 1071
576 803 3552
6 216 9520
51 88 6170
231 509 8160
243 517 285
405 604 5167
448 583 2703
65 429 9000
457 675 7718
266 380 1946
144 242 2041
172 608 4079
74 110 6301
192 854 5857
306 409 196
676 803 3861
50 560 7560
411 419 8905
194 639 4873
44 94 9568
254 258 8119
43 348 2294
863 866 8201
715 965 7923
431 437 9924
439 635 6491
42 125 2344
868 971 9601
498 944 2057
748 992 908
850 978 9322
457 547 7886
364 628 756
506 722 9937
253 282 1451
296 476 8666
11 460 9767
44 560 2060
96 645 1397
173 486 7051
531 656 5813
392 586 8609
6 8 2324
46 311 1975
383 837 77
227 619 7888
15 438 4694
165 537 9844
135 260 452
333 940 5921
633 723 8462
237 919 4901
685 857 2962
491 674 1612
633 678 6446
626 932 1868
242 894 3305
4 68 9405
178 197 9493
707 937 1438
121 155 2327
583 960 52
56 104 7692
385 477 5985
723 823 8058
614 902 4793
651 756 5732
238 933 54
2 5 8610
37 357 1974
310 554 6822
270 409 2974
178 397 141
466 836 9358
90 582 6633
439 575 3775
385 486 8938
374 682 308
852 882 6776
455 532 3839
237 471 2953
14 27 4062
7 12 6498
100 474 4041
26 297 7160
803 937 1996
755 911 4937
79 165 5005
314 346 8282
400 773 5712
260 880 4939
260 348 8111
47 282 9917
243 247 1539
168 433 5531
389 967 2933
158 256 9300
215 996 9503
365 578 9012
40 597 5696
553 905 4310
337 546 5912
748 750 1836
121 494 4619
70 284 6924
165 601 5952
609 630 189
639 723 6046
317 842 2377
406 581 6960
318 401 3213
7 959 9317
665 777 8549
26 112 5196
243 670 3368
302 310 8224
55 508 1533
45 198 1006
397 609 8948
564 872 2370
277 718 6232
424 504 2211
464 600 8141
114 982 2512
331 875 4122
412 686 2498
23 845 5534
387 788 5033
624 881 8567
370 888 705
189 740 172
454 530 7237
601 835 9016
450 975 6265
695 753 6791
45 322 9740
61 81 9420
182 412 9337
459 615 6736
144 752 5436
546 862 6474
256 606 4240
150 334 495
168 498 5736
186 399 7824
491 534 9209
388 427 9855
384 873 4377
7 507 7062
573 982 3812
24 46 155
539 822 5816
628 904 1513
201 590 155
259 695 2956
98 342 7444
325 525 1751
43 147 6228
541 583 6054
298 394 6624
119 209 1784
214 648 3467
92 94 7347
40 515 1161
556 626 1042
273 895 5807
34 75 7717
34 447 3928
562 679 2126
553 912 8306
217 285 2762
363 444 7837
226 878 402
123 576 596
443 448 9444
296 355 3316
327 437 9661
84 616 613
522 711 9537
135 416 5505
329 992 7825
796 913 3512
560 729 4198
392 465 4784
95 483 3355
134 213 8466
403 1000 3683
155 187 4902
780 946 9963
419 617 1878
261 525 9866
774 960 3544
217 813 1923
201 882 9044
23 120 6085
68 150 9796
46 70 2353
499 708 1681
493 827 9076
568 701 2221
184 372 2704
49 398 9076
170 210 2252
70 111 7430
991 993 7619
77 752 4694
615 626 5569
190 660 8390
132 693 1005
552 793 5856
384 815 7667
317 481 9016
615 723 6266
158 619 9437
308 670 7341
564 833 7403
52 103 6529
562 745 6530
40 86 4263
289 643 7574
56 232 5764
32 806 3081
345 917 7954
48 85 4218
573 759 3986
47 202 2598
254 554 5375
61 139 8858
380 419 8406
9 24 9375
41 427 1768
735 789 4169
436 897 1867
396 727 936
130 137 8666
354 366 6706
210 908 3023
66 989 2155
105 193 7944
6 285 7382
301 834 2068
593 651 6739
86 160 1250
674 802 1522
369 993 3173
927 984 7889
57 184 1171
27 93 4178
325 397 1158
667 927 5115
42 208 8315
31 821 3035
236 561 8189
29 289 2081
97 829 8976
291 788 6039
527 967 8500
3 570 28
693 801 2618
641 745 6545
248 563 4012
762 948 2462
37 956 907
99 274 5522
324 328 4925
6 533 6442
143 690 1667
288 319 621
211 940 5384
6 264 9435
47 170 8482
854 870 2985
50 152 2484
647 904 5325
175 276 6125
422 898 8008
209 800 8525
488 974 4237
815 873 8762
458 771 6249
256 472 494
494 554 4951
198 489 6896
945 996 1526
719 828 5102
23 225 5206
28 72 1980
912 954 9948
181 473 6461
715 866 5229
57 218 6839
16 326 9255
105 789 5405
880 963 772
433 749 874
142 206 5641
538 898 6547
127 215 7918
368 894 319
9 238 3829
236 848 181
126 205 2830
113 190 3774
364 795 1459
903 952 1263
68 230 2560
844 941 6405
589 937 4129
592 810 4174
131 450 9216
370 709 2747
257 884 8666
231 484 6328
644 764 974
454 781 8637
165 199 9296
265 376 8207
325 825 5857
72 532 9254
235 530 4135
563 844 4801
488 705 4029
1 3 1055
438 458 242
592 799 8531
719 921 6785
614 975 4482
594 865 1795
30 38 7873
607 662 8600
464 709 7021
287 292 5553
320 601 5327
25 133 8235
216 446 7678
721 947 3482
8 10 2166
108 196 8643
389 475 6978
147 182 6396
10 872 1384
530 789 7162
700 846 3841
76 704 5016
1 400 5985
867 886 9869
104 200 2978
117 462 8993
116 849 3107
15 22 89
450 522 5005
178 813 6876
102 769 7602
506 909 3661
256 594 1850
90 717 227
543 969 5084
671 740 7961
279 850 5351
361 700 7613
281 668 9707
68 449 6108
275 747 8263
49 77 5471
3 546 1377
167 769 6606
62 520 2439
104 554 1028
248 821 8272
257 635 9630
147 365 9234
225 250 8502
295 639 4884
520 777 7019
289 632 9383
117 443 1783
474 969 2878
332 543 9928
57 313 2260
138 407 4566
46 981 9798
325 612 8722
238 429 6905
256 605 3001
29 30 1777
187 422 9498
434 726 5411
394 766 2326
717 975 6966
290 762 9083
411 658 3959
218 502 3903
17 155 5989
706 823 9631
23 327 9028
96 113 9150
6 499 6342
41 402 8926
18 824 961
93 207 2810
56 747 1766
105 369 9990
17 262 5808
155 494 9971
35 162 8303
54 130 1965
7 886 7999
434 443 4725
151 370 2117
97 398 9253
216 673 6140
151 838 5261
418 783 8387
57 116 6078
251 562 9095
212 441 1318
213 791 6910
68 331 2414
346 890 9775
57 969 260
436 790 4588
197 784 5225
68 461 6733
10 651 5389
805 916 9638
163 203 7691
428 720 691
48 435 2147
832 926 2202
620 904 6652
6 534 1528
118 316 5716
785 819 5141
241 589 1806
102 533 6902
52 183 6754
390 831 612
275 480 2831
540 612 3266
718 859 1576
746 918 8677
909 932 3881
472 695 2188
143 521 8187
228 519 3049
201 784 6400
253 269 6186
26 566 5635
81 695 2718
409 963 2254
5 368 7679
72 97 9305
138 452 7267
359 956 2996
10 189 9269
34 179 7378
954 996 6848
444 977 7840
120 312 7609
150 473 930
832 920 6045
744 949 3514
167 602 214
158 704 6093
438 864 2968
172 603 805
168 872 9749
103 426 8498
183 219 7574
161 324 8086
55 291 5998
553 592 4192
710 817 9434
591 855 379
103 143 2302
213 646 6991
5 897 7214
209 377 1467
403 810 9961
575 596 3114
1 121 48
39 128 4329
46 931 9586
452 464 648
159 601 6680
346 637 9766
583 697 5644
17 228 2277
144 158 367
247 826 6847
82 674 3556
481 897 5123
214 707 9056
529 838 8839
579 938 5705
714 836 8572
276 627 5022
465 660 3909
590 984 839
83 846 6487
688 858 6831
255 267 3957
16 997 4337
675 895 8111
374 608 4959
233 268 5925
103 415 3932
205 278 1652
93 861 7318
775 999 6683
625 786 1648
129 349 6514
24 171 7109
249 655 1304
477 520 2381
21 243 5908
30 92 1269
319 860 7622
629 657 3908
166 297 7876
527 812 1480
17 35 9508
105 708 928
297 890 1082
45 119 2949
161 426 1519
85 451 2047
462 789 1489
274 404 5386
470 708 9862
206 791 7527
8 145 5840
296 329 1935
779 873 2468
1 2 6897
60 242 5642
69 595 1134
19 44 6225
301 434 6806
627 716 4091
209 699 6913
12 109 6338
167 738 9539
824 833 9835
454 875 5973
356 786 8682
152 169 4739
37 168 7717
435 1000 8130
379 591 1748
605 953 5979
298 423 3526
333 917 6489
85 227 5419
109 447 4891
113 663 6945
99 897 2781
236 713 1392
323 508 8035
178 954 107
138 344 4466
281 357 4739
111 239 3855
873 879 5475
55 247 4614
287 957 5006
424 564 7587
842 899 3797
38 204 6793
389 970 9011
35 758 782
22 34 7675
624 840 1161
144 484 581
474 636 8875
19 226 7123
453 977 7514
260 280 7665
136 238 4626
271 495 9892
70 455 2579
730 846 5375
283 491 5626
538 715 8979
463 843 2675
351 866 4108
578 963 2849
286 352 7221
148 410 8233
377 579 8291
94 984 5131
654 956 1516
322 906 9952
37 819 4954
190 192 228
67 376 941
190 490 9319
273 622 1864
119 503 8866
265 580 169
1 478 4073
805 919 5429
10 628 4495
585 935 9394
226 528 8306
614 735 1376
135 201 4300
48 98 6953
139 221 1984
417 877 964
39 40 9797
70 488 7247
659 986 7927
401 854 593
6 374 1302
37 43 5566
393 844 7846
55 960 671
300 971 1280
557 732 5637
546 634 7926
900 982 5740
166 392 3291
333 669 5513
46 90 6791
244 407 1687
160 319 2755
11 218 7188
210 502 9317
313 457 6224
457 932 4860
154 551 9285
525 546 2078
235 930 9694
488 994 3928
816 995 7894
303 461 6994
55 367 8631
384 716 6950
114 860 1841
209 697 9453
564 644 3930
104 529 3958
9 405 8344
292 465 1283
19 182 8999
158 715 8687
196 501 259
620 688 8735
153 305 9922
649 679 3575
274 362 9838
157 726 2214
156 576 1299
546 901 9969
761 952 556
183 421 6514
532 681 7379
203 804 6895
884 942 6908
360 387 6176
554 868 785
7 41 9855
283 420 4705
260 309 9741
524 859 1812
678 934 3534
374 477 5433
196 673 3139
280 918 7091
292 957 4295
22 870 2463
58 821 4342
236 968 2327
472 598 6389
385 482 2912
431 702 5605
462 701 4547
216 634 2399
483 687 8648
26 267 3238
44 866 3361
110 146 6074
270 292 8887
92 543 4384
66 94 7831
291 354 9193
63 876 2422
188 514 4588
260 270 7575
594 878 7263
98 792 8922
20 657 2574
401 436 5027
327 383 9085
34 643 8862
82 787 5475
2 988 5235
303 436 6424
245 308 2603
43 66 9363
51 464 7072
4 173 4222
612 733 8182
289 305 7235
391 403 8230
135 220 6919
124 325 6464
559 840 4461
211 436 7605
557 781 3750
458 896 6008
46 154 3580
7 876 4829
135 251 872
169 231 7837
83 127 8233
282 929 7549
6 42 3433
166 543 7430
13 270 8060
683 884 9782
297 497 3577
681 938 2903
5 11 8433
219 293 3041
260 630 6324
56 250 4449
3 62 4550
570 870 9894
12 778 7458
32 680 7103
155 758 1566
1 509 7836
120 130 3149
268 650 8418
265 686 649
769 861 7439
144 676 5627
265 384 7359
237 937 3741
795 892 1090
24 38 3721
76 856 6119
40 283 427
200 701 9284
145 929 6759
158 190 9260
172 931 2405
697 962 366
649 803 3228
137 237 233
844 854 9591
795 935 477
43 621 1755
580 682 336
703 980 3706
421 648 5600
531 763 2231
60 254 9488
62 161 6864
287 553 6106
263 327 7808
574 859 7659
97 323 6377
49 464 3399
345 622 1457
806 945 162
73 167 4384
51 389 6753
47 64 1271
200 264 2503
5 972 2912
783 836 1894
33 315 3112
120 310 5794
32 287 9741
503 960 8507
422 598 1066
155 393 767
308 818 7713
429 950 6923
56 277 1085
185 631 7081
430 711 6918
329 375 3639
416 910 3245
29 141 7093
361 587 8485
632 927 7170
112 688 6023
1 373 4706
704 983 4980
40 79 7341
362 738 5421
282 382 8625
277 850 3232
642 828 4473
263 371 7240
903 905 4366
27 217 8836
299 443 4357
591 795 8541
551 651 8237
84 450 7567
162 318 953
47 851 2320
392 576 1318
106 530 90
905 937 9261
2 223 2510
371 988 2907
588 817 5949
289 297 7096
131 943 2045
264 584 5425
26 48 6872
657 686 5821
158 484 800
241 276 9157
89 145 7448
491 685 626
869 995 5828
642 789 3919
649 698 16
166 823 8429
32 71 5091
661 947 4330
693 698 1622
215 374 6580
190 830 1873
595 597 4130
120 340 5232
773 966 1029
84 93 6680
15 159 7514
183 299 8064
161 271 9363
44 89 1748
95 782 5559
507 882 6657
204 698 4868
646 904 4785
256 492 391
178 539 2288
140 646 176
245 479 1855
217 949 2192
389 672 609
491 531 2181
142 973 1090
747 776 4497
334 589 976
600 894 8968
57 833 9308
117 837 472
581 651 6837
123 257 5374
147 555 3654
129 782 4788
32 664 7598
520 775 6590
19 525 1607
70 262 6606
383 764 6132
217 338 6073
38 52 5443
196 210 8565
131 326 7729
967 990 929
122 398 6181
332 834 3494
368 738 4270
24 677 1616
236 337 2109
497 751 2400
74 692 3955
124 790 4486
301 335 3598
218 351 1586
284 591 7929
597 629 2834
302 545 9678
101 108 8479
181 529 4691
725 842 7535
206 623 9638
313 410 8135
250 469 6715
387 796 7749
245 558 365
297 505 4034
8 138 9335
128 703 8057
169 685 9925
275 706 4935
300 937 7265
161 577 4541
286 431 8418
119 787 2227
131 499 201
790 861 4202
167 808 8978
5 142 482
53 366 217
65 819 1917
284 303 1612
213 360 1829
168 176 6109
271 527 116
89 395 3669
225 741 5724
937 964 8756
175 262 3448
788 838 9257
483 860 407
204 336 2281
199 574 327
427 536 5513
75 100 4691
756 826 6837
260 826 4883
703 863 918
397 886 6886
313 692 8414
110 361 6518
168 594 4806
579 872 310
836 901 7124
296 739 7051
186 270 8439
656 782 8430
775 987 8568
419 448 9813
222 260 5438
287 746 6820
76 442 7758
583 894 3422
575 587 7123
241 874 3204
202 495 4517
771 970 7458
114 780 4892
81 640 5752
548 634 516
200 985 2654
143 149 5877
103 582 4723
550 840 6742
905 992 2922
169 479 3750
251 509 5095
361 546 3524
63 306 2318
596 720 7912
907 944 7172
90 114 8413
836 963 4546
93 782 2138
705 940 8591
74 317 4229
565 605 8849
181 681 2637
44 132 867
19 134 5994
264 710 7600
482 510 8576
71 816 2902
387 994 4793
268 385 4883
548 698 4235
50 328 6116
341 441 4383
590 652 2872
765 4441
