754 786
386536815 237796969 775307911 497299336 479663311 579021953 486791219 433927716 27837483 739855127 359597098 70922656 510611511 539020473 484604987 539644433 94370892 962706873 316857683 937670317 363603707 624235856 968618098 543224788 770245878 719809091 964881490 744656392 35430436 690917535 245315874 733083169 577831011 586911434 65793644 343228166 246268765 735092906 601098099 593238478 909650 150428935 420944675 368098402 33645954 580626152 258308675 750710057 961405651 827158722 415170419 65172484 287608669 434168951 978573168 141231015 919304394 273657538 405353456 458679475 986758435 211736310 213269616 820855974 275294993 487704861 886867397 826936089 213150324 810133578 727095844 142740045 919424330 146119214 625297231 796930438 666893716 935265134 269150045 194542148 27135113 921438336 408896795 217695716 780376182 366177184 480014114 684219511 391684006 160044180 590057146 548585428 909820056 467392470 415431789 104805066 213818345 63800987 739087252 462251704 193259407 539549264 289824696 545432105 257267640 68794168 484711994 463528538 456698233 675697802 760611117 347525756 803324938 746072481 955941799 425174672 650193741 612249740 961506925 136776503 592053150 2375245 777212901 760465183 549932863 495049196 13250513 52317365 366956177 990052810 673646450 168526416 252181619 412360104 541289235 432600517 863225038 759728483 514666847 575499379 760163376 640879747 8112115 222542825 859762147 478517785 613605398 671441633 381555977 735578389 441254292 468005995 938582335 447345066 200842789 325134261 74411714 889501913 622187551 354833408 977920810 573967706 339509983 62773713 34831237 390907381 7090477 528166874 940641239 56626213 114397247 975177762 909421395 814980196 820059496 970990861 968240504 543147948 851377612 200771897 180172347 406293867 625490968 74671974 322070357 544060893 107111312 506819463 354607136 287047661 323016750 835824913 41295165 729531092 99889945 435329189 304058990 653910398 355444810 159120205 846817328 417943503 226521220 765965824 420675078 333786526 92107728 845308905 555006175 186625949 510368552 107906738 413007877 67091609 653905252 348931018 273391644 247233334 353798134 66928381 953172382 877714394 38144406 263676672 509073786 979928690 725741068 363917271 240728290 750681226 944385436 953294872 171237864 687356404 786694530 197461075 888970678 321836403 94401806 267135715 842335432 257785940 255839361 81251049 394251592 919220120 593002986 814609631 512480011 32778222 222678118 30885781 567604412 78764578 953138231 453604033 339489292 64093684 868442462 82914859 143888120 415943500 180241202 247201727 573303281 206129423 752046284 353091915 425605317 437907611 882614289 689024814 346493626 194764952 138883013 469050139 666904988 907304948 587224267 773769481 43173005 195209655 928596466 47241691 676847832 432361961 662417162 847256335 750882748 488476069 738156438 20216063 260449092 334779828 979797724 711714891 381374485 981222927 220799349 386894809 76946375 735658497 225634595 865924201 143677073 128412769 178981207 160662571 1489322 893441332 627988042 971266113 912919017 411154965 370497389 450355555 482908234 199425952 697180448 564450265 346778205 645690776 274723234 838695075 309730408 603174607 906878630 332407664 505757542 805939069 851398977 922347458 456147566 334362053 748207657 775145466 113432558 610244208 412356299 353290200 119320426 928706504 900240904 616346348 689805434 574686893 14277995 943859422 958206616 901976900 391040109 367741104 419661290 763573328 449942377 495393859 462722877 74558695 966866006 928946324 513951971 767050895 845074413 581425960 879806132 586365036 432702843 530624644 431061453 681601173 478403945 13426422 965493899 485697708 908314546 293936175 630599918 71929980 565663644 164311268 691600031 431820347 195415768 652543152 423211301 560024764 920202193 781438910 205077472 512151780 338183921 864597254 43213301 984581996 842727599 823730807 274943997 140763780 339924024 618791909 428759923 396093911 982352983 687741578 789870338 755197212 951823695 113658309 287462704 652061519 414370503 667540507 77803594 85730537 627549692 470444568 139308708 327520532 373087448 843133023 402487673 925804806 177577843 64333923 582661976 456267973 738367665 585312938 803004779 100763255 536869439 516968893 8147905 454048885 675437191 331442236 219197841 557815867 794037828 729132966 864146696 274026941 363083982 422863316 362595289 77164892 373589694 482026290 930635231 645061246 680685796 436242800 41412483 807587415 762739435 956120096 272453299 671259680 959832937 29435334 660832521 335880089 170167871 306803303 635191792 714004354 460460351 964649405 757352771 270501161 954576465 876389715 16095043 672034300 199010185 162533155 144563381 283656385 246749369 832820122 203909379 864432564 911255355 24378281 105639863 964089378 942083886 364916944 962335030 382880627 308338649 538932000 893293620 472481642 175841408 871975362 262745270 406304309 376506235 189759301 553765031 459378138 647727929 662879566 971999465 889788426 594645947 559528423 107042645 549206159 492743616 542946783 522881829 691993195 963659965 20122702 795402700 160004829 653531863 229358669 918749266 915884808 261156121 222075131 455768400 947705590 711023670 926674585 664070225 907495568 290414032 525738318 917834471 837976047 558082747 587115760 511478604 438331472 715995506 782652392 198348305 934617374 224953282 10280519 665173680 36757601 898535537 281653885 312543270 254545509 39315331 483877317 551247342 816814437 200246888 34260962 715059174 290755323 74726548 628547532 334157413 80876591 731052952 567642511 501929318 364992638 401765386 17534673 576000540 66831027 536666778 459945399 639894668 468732187 570943046 565237324 439802258 665461026 51887400 378881548 718416858 882347950 818368930 42482848 474313184 634084912 174680567 329384092 309942638 947750823 235763274 281771592 468543198 682551642 7421971 165252765 423533988 344709813 280495653 469424759 210793592 497619222 894437928 318898775 13930793 28446592 126154977 527399890 557736860 668990488 639757876 674533248 140679777 494031910 108927122 240001829 16447254 94884381 513659472 900415753 929527433 946376116 925282044 716428316 10980997 905984614 347596489 567429952 928199693 896452411 134079937 218309198 18851225 524091840 346124867 365269705 190510270 799638751 428652361 179577049 715441422 935378853 37587140 550922581 829588156 564090318 999755320 30398388 768268962 312870407 425714488 620147458 17285473 200758685 174834343 91157485 9622237 966569696 991606334 546254490 291414214 370118480 2565157 286690636 508491039 371814210 175871145 882878797 883762765 297423242 78581881 149053332 660595168 648445050 324088530 196682270 557777878 685759068 355883353 437276406 380407145 156479047 433059567 991705556 831821525 710596442 898385150 998209544 783462395 809681535 351728837 113323132 485883125 108971722 505643536 787486122 670314477 952423364 471028630 644871577 92990622 992245482 74214927 613622230 753682945 423594345 336837729 239482797 121381527 374557203 869793379 985307008 840493074 693095174 521500200 908458941 767808055 310521356 438067055 798833497 860892202 725421113 584719216 359122730 140977852 697353267 349813571 113199486 489300855 171661473 194617766 355874948 591185896 676540519 808202349 208649937 945449568 331088057 920974963 338271385 40410917 43606202 620992839 199035437 995815747 136369785 998815139 467022965 181857952 763018111 671310684 943389208 30778321 841636583
? 759634964
! 70 356222142
? 760611117
! 382 643618388
? 909820056
! 27 761851779
? 382880627
? 625297231
? 877233147
! 268 750164544
! 714 343672910
? 731052952
? 631684480
! 378 835439790
? 312870407
? 309730408
? 174680567
? 304981466
? 406304309
? 222542825
! 607 129823362
? 689024814
? 841490436
? 441254292
? 65172484
? 750164544
? 386894809
? 281653885
? 616346348
? 546254490
? 822157048
? 714004354
! 219 965139058
? 539944209
! 387 893170537
? 541289235
? 289149779
! 164 67646395
! 730 136733188
? 270501161
? 835824913
? 643859565
? 663508985
! 171 896999839
? 955899960
? 822695822
? 456267973
! 752 56170160
? 419661290
? 898385150
? 725741068
? 663109657
? 363917271
? 92990622
? 343672910
! 456 66520574
? 488476069
! 676 218777164
? 760465183
? 525347114
! 713 376586432
? 315515168
! 126 639952675
? 928596466
? 860892202
? 269150045
! 115 764076326
! 530 644428018
! 677 633963403
? 965139058
! 241 547724676
! 374 593025972
? 442088622
! 60 681902256
? 354833408
? 222542825
? 864432564
? 468005995
! 191 608576575
! 19 91695598
! 3 159106575
? 509073786
? 564090318
? 287462704
? 704697812
! 320 152672353
? 483877317
? 797535680
? 782652392
? 57129094
? 528166874
! 419 228608170
? 210793592
! 736 807726085
? 363603707
? 913333274
? 662879566
? 906878630
? 598525312
! 329 34950328
? 797571813
? 343672910
! 610 155112867
? 727095844
? 843133023
? 59603072
! 64 516599839
! 356 608103349
? 382880627
! 475 882143713
? 829588156
! 579 700749487
! 686 729709594
! 504 232699279
? 206129423
! 210 635634133
? 415170419
! 26 996556559
? 501929318
? 290414032
! 502 800557373
? 836420975
? 803324938
? 366177184
! 342 145085543
? 35430436
! 698 788929360
! 647 370856532
? 351728837
! 87 329943647
? 558836800
! 322 94930369
! 353 52967886
? 937670317
? 449942377
? 860892202
! 585 213850712
? 635634133
? 189759301
? 373589694
? 951823695
? 958206616
! 346 709454402
? 673646450
? 80423216
? 65005691
! 594 875666728
! 122 13162463
? 365894582
? 326471946
? 761767797
! 326 272630598
! 525 829768405
! 331 343310974
! 574 21706968
! 395 683434459
? 755442932
! 149 935342389
? 376586432
? 363603707
? 671441633
? 252181619
! 175 577539222
! 492 578659275
? 199035437
! 733 984841535
? 343310974
? 684219511
! 451 454629705
? 784051053
? 177005285
! 133 484091360
! 524 971115519
? 246749369
? 136733188
? 411222733
! 492 821418334
? 652061519
? 181884004
! 684 987166129
? 979797724
? 432361961
? 74671974
? 509073786
? 68794168
! 672 960415200
? 544060893
? 199035437
? 91157485
? 274943997
? 720501531
? 494031910
! 216 919202266
! 127 296584742
? 92990622
? 415170419
! 754 744790653
? 549932863
? 368098402
? 194542148
? 645061246
? 700749487
! 333 650973273
? 8112115
? 363917271
! 242 360970462
! 368 49858977
? 528166874
? 582661976
! 709 722577947
? 376586432
? 612249740
? 581425960
! 386 800152226
! 545 723384964
? 90315298
! 150 956823675
? 781249699
! 546 966368794
? 940641239
! 108 586694420
? 47241691
? 397768939
? 946938960
? 998209544
! 729 722217914
? 755197212
? 439802258
? 213850712
? 651798798
? 536869439
! 516 429591459
? 970476730
? 919220120
? 699241867
? 287608669
! 470 149543494
? 586911434
! 81 893197838
! 86 871744891
? 429591459
! 509 930239429
! 446 799474974
! 11 340281299
? 266710832
? 306803303
? 943826516
? 131637836
! 542 38289726
? 553765031
? 226521220
! 466 143971943
? 765965824
? 199417988
? 545432105
! 45 355290556
? 391040109
! 401 802478178
? 892824153
? 89287910
! 496 48215766
? 381374485
? 551614367
! 536 749962054
! 345 269293957
? 39957575
! 541 352425590
? 786014844
? 262745270
! 95 54727289
? 526330699
? 513951971
? 366956177
! 529 448374883
! 674 95312382
! 670 594167404
? 381374485
! 211 897265241
? 463826118
! 433 114484380
? 160004829
? 128412769
? 334362053
? 287608669
! 442 414286059
? 108538571
? 658705392
? 744790653
? 25677683
! 437 830155219
! 642 546231063
! 165 732398589
! 650 222040400
? 956823675
? 843133023
? 49717859
! 453 782814308
? 18851225
? 652543152
? 738156438
! 677 1367604
! 188 377733743
? 386894809
? 391684006
! 541 406176756
! 752 380151638
? 935342389
! 546 777948389
? 456267973
! 466 985763554
! 243 241818584
! 721 550757842
? 960415200
! 296 96533723
? 290755323
! 699 839597012
? 744656392
! 281 356791518
? 951823695
? 640879747
? 928596466
! 40 760006622
! 516 40132110
! 267 225926104
! 559 652077740
? 82810655
? 859384677
? 43213301
! 459 936097795
! 594 126945742
? 273657538
! 378 32028296
! 284 707704413
! 451 794672821
? 40410917
! 593 29050054
! 209 458455671
? 770817106
! 441 349375246
! 283 173679727
! 302 516873678
! 254 745256862
? 901976900
! 645 97133643
? 364687685
? 168526416
? 200758685
? 156962680
? 750882748
! 605 567760513
! 249 73294783
? 43606202
! 393 11440077
? 613622230
? 15539601
? 184451037
! 516 319343128
! 20 223063104
! 745 298410820
? 327520532
? 156479047
? 576000540
? 94930369
! 281 713554994
? 660595168
! 545 439013577
? 164311268
! 71 770989473
? 222678118
! 203 291407618
! 85 375458668
! 502 173140315
? 66928381
! 83 124285407
! 412 144479154
? 981222927
? 129823362
? 966866006
? 714598415
! 238 687928516
? 863225038
? 713554994
! 549 211156949
? 965493899
? 70922656
? 843151282
? 536869439
! 688 889791927
? 586911434
! 325 312275199
? 213269616
? 291407618
! 623 555486779
? 94884381
! 619 421888595
! 125 776945835
? 87686436
? 99889945
! 99 472833732
! 262 490909709
? 652061519
! 46 15983456
? 355874948
! 332 477400920
? 287608669
? 800152226
? 275294993
? 38289726
? 206129423
! 746 630307753
! 22 691708580
? 247201727
? 567604412
! 243 748502799
? 14277995
? 64333923
? 370497389
? 897265241
! 156 432276650
? 823792155
? 174680567
! 482 373774379
! 250 453959055
? 781438910
? 143888120
? 956823675
! 163 86573628
! 739 583735052
? 343310974
? 675828642
? 711023670
? 290755323
! 656 585363715
! 16 802902144
! 276 334615350
? 750164544
? 643618388
? 49858977
? 760163376
! 307 673796554
! 62 525440116
? 719508472
! 379 397382216
? 334362053
? 650193741
? 322499173
? 510783460
? 92990622
! 712 562207393
? 119320426
! 30 622311944
? 722636039
? 190510270
! 336 264750489
? 546231063
? 557736860
! 15 273107102
! 43 883116575
? 136733188
? 787486122
? 171237864
? 671259680
! 330 871633355
? 630599918
! 714 214756341
? 992245482
? 907304948
! 100 197768117
? 136963860
! 305 368435246
? 459945399
! 20 242672073
! 58 723826325
? 700749487
! 562 278328816
? 9622237
! 527 344625663
? 482026290
? 683434459
? 346493626
! 149 436976009
? 593002986
? 213269616
? 346778205
? 308338649
! 10 757648610
? 173140315
? 13426422
? 199425952
! 706 635063711
? 406304309
! 138 742607708
! 738 907302524
? 346778205
! 497 683774868
? 240728290
! 79 264976971
? 376506235
! 753 5891501
? 964089378
? 827158722
? 267135715
? 29120449
! 205 819887879
! 309 508668589
? 134079937
? 536666778
! 663 944710339
? 953172382
? 324088530
! 139 269507009
? 394251592
? 834118082
? 486791219
? 597039067
! 209 857296960
? 478517785
! 531 409528244
? 391684006
? 418788441
? 776945835
! 675 15639616
? 691993195
! 528 983143151
? 965139058
! 241 4875960
! 249 153422816
? 675697802
? 666904988
? 901104450
! 38 131400197
! 195 208136156
? 409528244
! 640 963361618
! 72 692191553
? 665517734
! 443 341769051
? 831821525
! 689 83848862
? 354093047
? 697180448
? 889788426
? 92107728
? 588062501
? 225634595
! 692 638825065
! 268 121547874
! 450 333191770
! 652 293512967
? 586365036
? 893197838
? 479663311
! 675 65625598
? 258308675
? 669550258
! 391 436965939
! 705 446412838
? 908458941
? 467022965
! 631 591330283
! 481 891798749
? 964089378
! 398 426613601
! 86 680314018
! 167 929343190
? 354607136
? 484711994
! 351 930588101
! 13 871569605
? 886867397
? 152672353
? 635634133
! 126 105760885
! 488 380736444
? 814667023
! 64 23053308
? 879806132
? 128412769
! 96 587317235
? 893441332
! 70 380329317
? 217695716
? 213269616
? 943859422
? 432702843
? 454048885
? 10280519
! 307 662567770
! 377 197501684
! 184 495764366
? 62152607
? 175871145
? 329943647
? 200842789
? 185983937
? 607133494
? 643967497
? 596855767
? 939226384
? 494031910
? 439103103
? 434168951
! 309 566098808
? 845308905
? 439013577
! 272 353078273
? 636861992
! 356 680545891
? 63800987
! 36 170355351
? 351728837
! 586 65099170
? 355444810
! 179 411057120
! 741 660670936
? 375458668
? 291407618
? 153422816
? 67646395
? 287047661
? 803324938
! 464 853109834
! 190 808414619
? 898535537
? 746685906
! 643 424284569
! 220 284765621
! 693 613256972
? 15263599
! 294 557942568
! 324 194127457
? 10980997
? 823730807
! 532 456353239
! 382 664585023
? 287462704
! 52 64826342
! 380 608819699
? 103840722
! 37 88472010
? 827158722
? 919202266
? 925804806
! 75 281746904
! 651 61393686
? 146145577
! 324 678030061
? 541289235
? 381374485
! 350 348559047
! 444 606679367
! 90 87917528
? 912919017
! 594 899308627
? 83848862
! 594 68776598
! 228 707469820
? 845074413
! 275 505138978
! 108 546692739
? 613622230
? 949028766
! 707 175990047
? 346124867
? 609839110
? 450765733
? 78632988
! 357 148944381
? 777212901
? 944710339
! 190 859619741
? 372268188
? 147332217
? 350351898
? 439662868
? 65793644
? 996926854
? 194617766
? 180241202
! 427 314033887
? 717548275
! 508 178480870
? 839076142
? 809681535
? 421888595
? 237796969
? 28446592
? 327520532
? 972384203
! 578 532614040
? 700749487
? 370497389
! 361 708388907
! 111 46238325
? 107111312
? 748207657
! 275 13360105
? 864597254
! 31 767642666
? 569788282
! 267 438013883
! 537 740814689
! 363 686981796
! 258 379654228
! 1 220569135
? 586365036
! 220 137678190
? 622187551
? 107111312
? 936097795
? 553765031
! 638 487145457
? 32028296
? 961506925
? 171237864
? 888970678
? 789870338
? 213150324
! 502 728966191
? 684219511
? 3697117
! 500 577368072
? 328219769
? 195415768
! 32 754265924
! 138 55115212
? 809681535
! 209 483809723
? 930635231
! 408 189918674
! 16 155495817
? 912919017
? 344359663
! 100 586251765
? 497619222
? 237796969
! 289 276925421
? 104407396
! 9 962519634
! 624 323129498
! 417 204290744
? 61151107
! 202 842011614
? 724713293
! 610 191936941
! 316 375413044
? 380407145
? 354833408
! 66 896638284
? 853109834
? 981222927
? 906273865
! 703 894354185
? 107236045
! 745 810048726
? 787809542
? 697353267
? 970990861
? 911255355
! 581 165016610
? 113199486
? 803004779
? 456513968
! 710 518529193
? 987166129
? 360149817
? 630307753
! 530 43376457
! 190 740373818
! 573 941614759
! 83 555521703
? 276925421
? 432702843
! 712 899816624
? 87917528
? 180241202
! 571 465260554
? 882878797
? 165252765
? 333786526
! 605 420434763
? 868442462
? 222040400
? 177008701
? 423533988
! 586 972475853
