1000 1000
577090268 440827899 940741824 615422582 684752373 322587335 383805336 590141945 710527143 192063324 524294420 131609893 614868896 959028124 347767777 394699003 866762465 222487512 868369816 39600799 709584920 720388058 623046989 852853230 47337415 318887880 829533850 59438593 365267089 526859546 102070163 284542304 249266686 93303865 316844653 696716934 131823290 943727680 508388581 219625243 938381898 807264051 638123575 957561795 422263654 382533439 906593742 963868495 766412012 959173546 581592223 50632942 285373673 850148125 998975734 726205440 713720089 328146882 910668557 294529859 450094229 642941160 508414809 490638164 477130549 356628374 545635877 872559927 303952494 640480724 102121263 928222209 889817532 19736992 399416382 655051008 427599323 308746292 592720629 857568910 386731216 877730740 608398400 203375713 661104299 993313357 499197941 576939105 737828535 898214870 751390586 678273497 926609045 163037331 36847604 567114240 9204756 492144340 29755815 45426061 227343341 135087091 470865978 70674051 256666168 963596962 498863055 507580289 896666093 204048944 367762042 173282184 241558068 177908303 315032501 690707150 403055124 680780691 493892903 376469052 514846418 769386622 570775906 34938533 454799949 466863497 574584747 267148988 77760457 495079214 384083465 354553730 240445324 931135019 556290058 220244892 424279029 643458655 243391225 728726152 621511424 617024405 417783504 212069325 675251313 394057572 707714710 50358709 670518957 911698742 623823925 955809940 465758493 983739402 272622668 121444925 629443785 834784564 339243387 33242678 925623220 42637904 102697831 782894639 716700975 702326935 724755675 643245122 141284394 478599790 404640573 65693705 673328366 884983864 232966756 506415990 383933062 462734372 615537256 934309857 823027461 352122025 737643174 480670734 190136866 969059619 767819757 824308457 880920310 333552121 776432602 553629600 862272738 591941727 188995561 81081186 822290194 560320882 782706776 953788040 876113081 643267846 836931659 166875443 200705329 689343975 84280756 346628657 287524886 997422265 120263017 43741502 866650950 285428720 489871756 693195284 739258048 727160859 250908232 90212650 167290098 280679617 498681145 744230738 427303437 666140127 355214665 460158043 239745293 427561478 437617556 571199789 559519495 902965228 350306958 72348992 233521875 694803870 215499754 410382786 881878275 693912049 302058507 2629134 816108773 583011030 7193078 418840610 729049824 87222994 409051607 47064135 869469438 359630985 797894860 519735931 382823006 486835523 823399347 684299674 711153664 668172774 338181196 727543245 540362810 954797988 690680812 944129809 320786150 113068236 327160459 740211837 729715782 128573830 96327055 893890667 532619316 74467721 623684482 451381210 348801356 989798143 635542898 946311030 609282674 999428366 889176972 165829079 399541912 619546826 298167486 466468010 542948636 209438785 185899339 421289034 188173451 574752046 968077263 355500259 498853922 907257330 494468392 742612323 341761120 248604212 995176230 25322526 450616128 709632187 953976088 793912045 426683529 888610515 368570151 954793520 713042216 829044023 148581850 797871750 79862382 760027169 476478874 229757294 441934145 588473155 745437965 493491042 434409680 594372343 924770423 639924045 922705132 169993825 203586215 266402654 24921122 785673724 558862919 668144536 626628674 192859483 728717035 402047832 831957726 511492322 451433302 927305542 437645996 360839565 212551271 730665497 799966735 14366500 326993179 240268396 463117040 521774435 108067959 871332047 131618811 73630312 622288098 200702450 744372751 540859906 652812419 259028430 579357229 985423956 64961414 9817024 154662200 580388004 202237773 306801609 451854376 911653300 514763073 262751596 751246844 372052948 529513713 747681356 934025833 6786484 766804790 40951536 129250763 155597148 254088914 756297939 697486862 683446705 12686682 461926482 81001797 66301155 567445045 26989474 179411798 389008595 523624700 872961302 915261608 867535750 637252862 773260742 174854160 901048342 133481450 56590764 666948227 564980657 584456855 560584512 792021351 923753043 279088835 468766075 946425272 943489201 465692849 483026874 518425748 785705905 317112263 498361560 201312352 554085079 257810352 620248889 961325418 311370793 790851120 994700809 988178724 282306122 821739349 926095476 26168911 347942615 979559442 51959189 517368543 85171696 697575260 706683963 456651321 936113245 390561954 658451423 282610780 575715995 506025130 458131296 91388408 415368344 787717788 603110498 222482610 72651220 503636543 578644434 773446280 341217528 602829001 542989736 756878281 860229991 312853746 662507854 670223358 637725807 337650082 914026133 461232530 856298955 689090669 350967529 266595770 439912193 535808353 324182998 715786452 715391311 874070323 723583141 83792709 132152248 233651867 267014261 394389068 445581805 124660964 277736890 229741778 216317618 266743979 807787657 751271781 199614913 72870518 460211894 536237000 452026461 249450743 671200356 447996696 366765100 911213688 203611352 716371619 375794395 79291366 794380240 40184284 995801112 356461385 635051884 976967329 96163558 190495997 175774460 119657979 163172118 10751230 461644000 992314274 364967250 905150134 327938658 958227260 763904795 880208697 884783625 577010478 69063473 201197719 641584042 635448004 234248763 875602208 278931288 243986890 478119016 432355237 137457729 431853470 432899301 386766225 181329060 73725568 137617943 251312062 665645059 913457607 870917107 918374468 491600686 881263300 657044940 647546974 206232284 393529123 316464007 132735665 235806914 634943558 656240897 129557579 518691982 562529663 430008898 152378034 985515789 798317432 785979210 551183847 611147724 702260587 323751876 786809632 452784528 68886860 375809711 423187391 382477324 822507842 289522256 671439006 521999584 534240280 426640209 670670753 417946938 23890637 771247479 77083105 450130890 708842313 153384018 244507544 100333663 219491411 894528992 467639251 574859993 899457927 774328819 456553567 814642978 147805839 238502299 546671390 279193220 778066785 433945171 75875549 307184493 17754304 424982307 757710389 899277481 118971584 968086056 47616247 664957224 586904823 246994752 665647306 134384241 496136457 729418211 283039496 17521383 748555376 336723449 132124323 430821774 122942785 414079437 361051690 579287997 448577134 26362515 775467471 355414843 514060049 567107941 898571434 283232304 907323889 943242790 970997909 21080777 74081669 201786900 689799467 948076682 63892510 864688546 546207580 597313023 582741951 196440979 921844021 475965374 660276878 570076202 420826932 333692775 822288165 817598503 933765206 419323499 69739592 930981894 558136188 898653088 700362959 923194332 16836596 418196401 16052424 611038188 28899335 300384591 543208653 576498296 416278216 941831723 639178532 751584510 149068565 969493629 815923402 175456703 943300195 638438459 371642525 53369494 573211115 332902687 43007314 26808749 96468293 750190172 717100286 876651641 118600195 511262783 76479032 752445257 298716993 702902339 924418456 978107528 128048237 983520781 539174114 756453330 324097235 661630607 773392844 905645274 38885276 446171246 241646791 581004446 539693392 347693743 481462609 919339577 849938435 961025463 359044891 591040424 729496862 618787401 507597934 844438068 624286358 593561999 541793657 816430502 299620171 451408470 206425904 173006774 609736226 832839611 409611060 52620836 100141943 480406817 279458226 860302069 275434137 625012909 689693753 77754817 856628399 966283607 496360100 264744511 568211685 491231073 69741938 442161017 719450603 346475876 836658192 743780368 348273171 253916875 99148943 160911025 103574636 399664626 604553367 985228432 306127167 210561378 589451470 246310098 638962191 376484016 796904297 513977382 407190620 398705497 939701979 647739418 437386674 828178020 863782225 601811125 628906375 469872425 257287356 441962474 942763493 920093735 119594730 332147208 875611900 12645688 81097546 222249369 741195929 730703786 583402709 592488675 896814007 790504292 662792363 757311545 80914031 469679493 516047324 918855094 716116613 103496358 663354122 510209967 219082090 846507569 942463737 597636329 807287139 800632388 146726118 443081700 581581990 515830633 477068945 135804329 304158213 805179521 139291794 818005922 998668583 514575194 129388691 916023409 334992871 651931646 480320450 127990526 430833188 865036711 206687163 731669764 656393890 368566443 880428389 332050498 206457619 442879600 986027826 80377339 805183289 996067006 131692108 538046637 145416135 391872437 945118744 518375948 989411346 858678581 835019324 910961347 589127067 938430440 983697241 982320906 115334533 26950686 960044783 554921135 816195472 950498784 866232399 202963045 213293982 724065330 128997522 777364635 328396263 857100916 737706302 137103494 18258079 462256384 755660851 527531934 54473976 799633734 986590536 144809968 172161544 546468205 488471183 995541621 63451290 204094380 631405663 227549572 801495410 926700109 661792783 196134507 692474471 921781516 773256218 650297128 722133491 477898662 595001266 906095732 560158284 769909722 215187694 47057050 803083304 176888640 936849804 77606890 546232788 19727565 708599327 737222207 710161013 291440823 294087724 966604671 980454521 909221608 957014996 187635855 112100730 677487861 332474818 419105991 68107538 746257441 741038042 525528562 888452799 938738690 988552651 633529468 888719534 976568796 758055310 390235584 693004587 36224345 223872732 751924408 512733019 889009203 22092285 700463140 385233482 389688139 747260745 419564409 988264961 983524074 369653656 695955498 798333104 132920601 992819536 167905565 496520910 303695178 548475382 235985419 281919619 911420829 826489751 532191090 628377725 282471026 785851462 604700217 279821148 551737358 488897214 243836445 627143017 314364878 801518386 240652201 614827369 966410
! 344 710532169
! 381 349176603
! 929 963051513
? 47337415
? 907257330
! 375 48146984
? 10891270
! 152 678592676
? 456651321
? 889176972
? 865407151
? 231153041
? 858678581
! 704 536895428
? 916023409
? 638123575
? 514060049
? 785979210
? 553629600
! 367 27189852
! 600 994237960
? 577090268
? 74081669
? 703968836
! 735 153982278
? 542989736
! 286 399335957
! 126 30858959
? 737643174
? 770037845
? 498361560
? 944129809
! 323 109750889
! 476 721657838
? 535808353
? 921844021
? 119657979
? 969493629
? 323751876
? 639993241
? 354553730
? 179411798
? 34938533
! 373 478641591
? 229741778
? 477068945
! 299 765855926
! 77 451420206
? 943727680
? 267148988
? 773392844
? 601811125
? 817598503
! 795 642125130
? 988178724
? 81081186
? 622288098
! 682 4395178
? 383497964
! 604 9936199
! 765 106602672
? 826070013
? 576939105
! 104 182635541
? 790504292
? 737706302
! 846 431283100
! 401 571867185
? 741195929
! 768 323119395
? 601811125
? 802250155
! 28 672241062
? 470174242
! 805 728055543
? 30858959
! 89 789014259
? 518425748
! 267 109264823
? 992819536
? 312853746
! 148 990845126
? 560158284
? 496520910
! 183 108439553
! 440 16280553
! 991 64853087
? 982320906
? 758055310
? 530365010
? 757710389
? 213788364
? 16388302
! 438 409133803
! 813 734043192
! 702 447729380
! 624 497498980
? 805179521
! 777 244798755
? 246994752
? 668172774
? 609282674
! 107 839019480
? 515830633
? 229757294
! 278 321682294
? 96163558
! 605 60960110
? 212069325
? 347767777
! 375 140876666
? 623823925
? 352122025
? 68886860
! 748 44460032
! 532 81143715
! 349 388604026
! 18 290403368
! 223 712460784
! 563 136583292
? 364967250
? 68543253
! 97 148370739
? 890991314
? 222482610
! 467 288096299
? 988264961
? 571507186
? 760027169
? 940527383
! 746 610671864
! 927 668931015
? 702260587
! 916 529823497
! 175 574421429
! 2 716897644
! 750 754786401
! 256 752121859
! 600 513121500
? 517368543
! 216 274913629
! 518 732415973
! 656 476024906
? 338181196
! 449 27829146
? 627143017
! 248 594393175
! 220 459805396
! 382 311990457
? 980695230
! 26 526294676
? 926700109
! 424 277691465
? 286213665
? 132920601
? 727543245
! 969 181191165
? 556290058
! 969 430584300
? 729496862
? 670670753
? 700463140
! 635 415051938
? 399664626
! 512 812959322
? 689693753
? 729049824
? 483697255
? 414079437
! 628 267164913
! 664 756626396
? 103574636
! 59 314043333
? 989411346
? 294529859
! 276 867682904
! 160 515996083
? 147805839
? 56590764
? 206457619
? 354553730
? 257287356
? 334992871
! 65 921523731
? 571867185
? 716527744
? 227549572
? 229757294
? 184394487
? 155597148
! 626 916029818
? 700463140
! 383 851796303
? 684752373
? 756453330
! 397 979567694
? 119657979
! 171 434974557
? 801518386
! 3 943538178
! 6 588067529
! 638 559348084
! 891 698408642
? 478599790
? 637252862
? 147805839
! 494 494836665
? 450231251
? 938381898
? 750186215
? 97114567
? 726205440
? 670223358
! 989 741021013
! 609 135208779
? 536895428
! 625 106491380
? 559348084
! 118 715638195
? 213293982
! 726 53772800
? 132152248
? 728726152
? 427303437
! 173 454365158
? 683446705
? 391872437
! 689 32226022
? 72348992
? 129250763
! 648 87696291
! 29 877417674
? 581004446
? 335327404
! 724 472453567
? 118600195
! 643 599872600
? 657044940
? 201312352
? 909221608
! 821 56942831
? 417946938
! 894 793026025
? 514846418
! 690 365516364
? 700463140
! 893 932892369
? 889176972
! 553 903935830
! 521 463303118
? 731669764
? 248928292
? 53772800
? 785673724
! 648 257344020
! 728 314676145
! 449 364427996
? 689693753
? 867535750
? 72870518
? 44460032
? 178032696
? 872961302
? 43910677
? 583011030
! 914 447893036
? 662792363
! 108 364670267
? 993313357
! 960 4322443
? 467639251
! 195 897296429
! 240 440270328
? 716700975
? 943538178
! 183 435111602
? 698285019
! 340 33346237
! 798 73020321
! 95 775966521
? 163172118
? 102697831
? 83792709
! 119 854975172
? 943242790
? 69739592
? 469872425
? 729715782
? 604553367
? 388604026
? 355214665
? 352437044
? 465692849
? 574859993
? 458532902
? 492144340
! 486 458565297
! 103 97146365
? 938381898
! 936 169677796
? 867682904
? 323651367
? 472139820
! 482 205266557
? 790851120
! 175 374047460
? 443081700
! 200 312410311
? 985423956
? 689343975
! 503 720831410
! 84 579295971
! 153 232126968
? 433945171
! 253 899220747
? 969245527
? 726205440
? 480320450
! 291 158123603
? 931135019
! 286 577674394
? 274913629
? 775467471
? 371642525
! 740 106193847
? 730703786
! 685 473512048
? 774328819
! 275 393851161
! 668 310691981
? 19563841
! 685 953121709
! 648 579720899
? 472453567
? 943727680
? 480406817
? 314676145
? 755535585
? 547135164
! 346 379541278
? 580388004
! 645 859546514
? 294087724
! 501 289707990
? 332474818
? 77606890
? 243836445
? 349176603
? 96410101
! 390 379216659
! 750 622540735
? 332519868
! 970 991474581
? 285373673
? 135087091
? 466468010
? 657044940
? 679944264
! 60 463384079
? 32116007
? 711153664
? 256796413
? 85171696
? 462256384
? 83391830
? 857568910
! 338 196025250
? 822290194
! 512 335972045
? 666948227
? 943920620
? 757710389
? 364670267
! 501 963557091
? 442948944
? 251312062
! 654 299409909
! 20 95880414
! 595 73164801
? 782894639
! 107 786606637
? 279458226
! 56 101212380
? 32226022
? 422768444
? 656393890
? 512051889
? 459837200
! 399 243051447
? 494468392
? 941347946
? 503636543
? 207659914
? 715786452
? 239745293
! 859 799018357
! 417 401722712
? 338181196
? 755011418
? 147805839
? 233521875
? 424982307
? 599872600
? 249450743
! 990 128829557
! 921 197304862
! 776 635463399
? 79291366
? 29755815
? 9832780
! 323 987177054
! 473 440561042
? 514060049
? 250908232
? 431283100
? 401722712
? 866232399
? 633529468
? 60960110
! 878 963675509
? 267014261
? 81097546
? 835794695
! 5 614516962
? 424982307
! 716 277446331
? 359044891
? 741038042
? 877730740
? 805179521
? 817598503
! 940 702014463
? 490638164
? 26168911
? 799633734
! 622 665439806
? 340734281
! 676 681399015
! 440 5445377
! 606 442272827
? 459663273
? 420062812
! 209 917363875
! 876 600765548
? 140876666
? 896257672
? 743780368
! 793 783430810
? 488897214
! 929 660498448
? 181618686
? 332050498
! 951 846925956
! 834 895504008
? 511262783
! 656 620215301
? 716897644
? 323119395
! 87 249201743
? 441934145
? 916029818
? 969059619
? 687524944
! 5 569845844
? 716700975
? 998975734
? 390823598
! 193 311771470
? 284184778
! 194 87832494
? 12645688
? 578644434
? 451420206
! 295 203445784
? 175456703
! 28 761476733
? 218178572
? 980454521
! 513 862348693
! 482 174431302
! 638 728373782
! 569 552569807
? 695955498
! 45 471106446
? 192859483
? 135087091
! 207 421508171
? 525487739
? 223872732
? 568211685
! 784 845633143
? 246310098
! 987 838376348
! 662 256030607
? 876113081
! 225 859242369
? 562529663
! 741 256455928
! 98 491171441
! 723 333387778
! 222 178290616
! 621 795152827
! 323 618026810
! 897 651357082
? 69739592
! 639 716396734
? 994700809
? 775966521
? 823027461
? 831957726
? 200705329
! 563 370246366
? 350532071
? 491600686
! 298 366559433
! 362 755202180
! 209 564668908
? 747681356
? 650297128
? 694803870
! 408 958853214
! 279 108898744
? 872961302
! 865 72982787
? 817598503
? 40951536
? 279088835
! 222 702466261
? 266402654
? 786809632
? 713042216
! 357 735711218
? 390561954
? 12645688
? 560584512
! 768 151907441
! 963 685236362
! 627 913977580
? 359044891
! 478 616596048
? 413834835
? 498863556
! 95 366259901
! 231 341433999
? 608398400
? 643267846
! 474 599618081
? 304158213
! 517 875032200
? 631405663
! 932 721408471
? 807787657
? 889176972
? 966604671
! 456 173686861
? 700463140
! 439 875065830
? 950498784
! 405 29261111
? 824583895
! 681 76593932
? 497498980
? 459805396
? 102121263
? 112100730
! 460 194063343
! 525 762334210
? 605000115
! 821 99968702
? 488471183
! 810 650902376
? 571999209
! 977 574969296
? 635463399
! 65 224304098
? 423187391
? 484162049
? 944129809
? 56590764
? 493750109
? 243836445
? 737222207
! 12 140318452
? 691665534
! 5 251914310
? 959173546
? 888274984
? 73164801
? 56590764
? 773392844
? 100141943
? 231492999
! 738 380103306
? 793026025
! 222 495675387
? 249266686
? 366765100
! 913 716474678
? 548475382
! 639 612257632
? 395664142
! 713 5307487
? 460211894
? 440561042
? 108067959
? 755202180
? 376469052
? 478641591
? 568211685
? 81143715
! 590 327931035
? 732612811
? 586904823
! 476 273747784
! 82 859872004
? 534335494
! 826 361457607
? 963557091
! 404 534836961
! 823 876705185
? 192424595
? 65693705
! 889 71327603
? 961025463
? 869796002
? 483980710
! 965 423217028
? 546468205
! 853 139924121
? 379216659
? 64961414
? 232126968
? 562044115
? 29261111
! 347 415126679
? 960044783
? 166875443
! 724 156450697
? 785979210
? 597636329
? 26950686
? 77760457
? 514763073
? 766412012
! 171 696404678
! 804 831091237
! 400 433712218
? 624228375
? 390561954
! 923 581055675
! 901 217367416
! 33 996771158
? 80377339
! 701 710664715
! 798 910904268
? 316844653
? 953121709
? 204094380
? 846507569
! 458 474550405
? 440270328
! 468 979758507
! 877 343660952
! 437 435826595
? 786606637
! 480 282173885
? 903953
? 799966735
! 682 579632788
! 163 197725343
? 546671390
? 793026025
? 953976088
? 998668583
? 188173451
! 755 275035995
? 277446331
? 461232530
? 209438785
? 146928516
? 626628674
? 240652201
? 141284394
? 896044032
? 624286358
? 889176972
! 55 3016355
! 822 482888555
? 96163558
? 401640019
! 928 397476598
! 858 199738422
! 754 252361796
! 658 338499009
! 798 135624382
! 522 63660336
? 518691982
! 188 268097775
! 812 620753322
? 681399015
! 681 821864800
? 356628374
! 747 850321578
! 635 116692762
! 202 43012811
? 392266539
! 709 607659580
? 492902339
? 441962474
! 579 466598423
? 122942785
? 678592676
! 860 626435617
? 637252862
? 252267703
? 713042216
? 979758507
! 533 849642978
! 505 506664497
! 907 652272881
? 605337198
? 157767939
? 689343975
? 85171696
! 448 658053540
! 490 759094200
? 34578240
? 782706776
? 789014259
? 461232530
? 985423956
! 769 910777668
? 996067006
? 68886860
? 506025130
! 61 262012840
? 163037331
? 758460373
! 541 427684269
? 868369816
? 2070950
? 27189852
? 163037331
! 873 411026586
! 93 164273357
? 369653656
? 778066785
? 383933062
? 807787657
! 714 369152279
? 688963602
! 119 35094696
? 349176603
? 69739592
? 299409909
? 121444925
! 623 387277289
! 534 143693663
! 412 981686969
? 44460032
? 618026810
! 317 507750083
? 298716993
! 869 94640842
? 430584300
! 52 747965855
! 827 642929574
? 932892369
? 880920310
? 757311545
? 691519855
? 397751608
! 986 545580745
! 501 193293114
! 731 598436896
! 237 156254629
! 715 380137235
! 27 105653165
? 723583141
! 795 717222306
? 199614913
? 996067006
! 140 498949978
! 762 758781129
! 527 427256948
! 533 770954739
? 668931015
! 905 498538366
! 473 689213327
? 568211685
? 541688786
? 235806914
! 530 553806881
? 785705905
! 25 377794686
? 335972045
! 362 545577509
! 318 908981847
? 14366500
? 356461385
? 837843878
? 341761120
? 79291366
? 651357082
! 948 605227487
? 212367897
? 279088835
! 272 729775532
? 511262783
? 454799949
! 394 390367127
? 989798143
? 266595770
? 495079214
! 459 405500691
? 518375948
? 229741778
! 247 313070381
? 332147208
! 128 923374072
! 135 491908672
? 961325418
? 269299166
? 102070163
! 606 129801491
! 856 108489136
! 377 509594283
! 506 670155940
! 532 85932131
! 71 577429066
? 433945171
? 6014209
! 78 763049658
? 953882244
? 588067529
? 790851120
? 895504008
! 704 646831378
? 996771158
? 480670734
! 576 367057761
! 302 672545339
! 656 747178396
? 307184493
? 729496862
? 112279682
? 866669661
! 808 406284514
? 955337355
? 724755675
? 660276878
! 269 164260581
? 776672490
? 678592676
? 766804790
! 527 355092917
! 567 246030200
? 527531934
! 792 26116425
? 115334533
? 911653300
! 605 879477401
! 315 959211699
? 946425272
? 25322526
? 633529468
? 30237939
! 485 455634994
! 389 522671018
? 769909722
? 133481450
! 756 832242817
? 963675509
? 757311545
! 119 362166034
? 906593742
? 385233482
? 145133331
? 254088914
? 976568796
? 608398400
! 963 316127972
? 482888555
? 79862382
? 355214665
! 313 164929123
? 121444925
? 859242369
? 897296429
? 876651641
! 492 466729307
? 23890637
? 990845126
? 108067959
? 182635541
? 345047142
? 204094380
! 762 249188783
? 290403368
! 905 748556227
? 383805336
? 347942615
! 295 241538599
? 26168911
? 816108773
? 927305542
? 660276878
! 984 187495778
? 292277113
? 524294420
? 612723194
! 976 135295704
? 235806914
? 219625243
? 350954903
? 40951536
! 337 33088133
! 605 483348929
? 344646083
! 292 852646317
? 81097546
! 668 577837227
? 153384018
? 268097775
! 791 679757507
? 911698742
! 341 486325497
! 877 867281920
? 339243387
! 938 535665441
? 774328819
? 588067529
! 432 272489466
! 723 452459523
? 615422582
! 201 187368573
? 474550405
? 144809968
? 982398193
? 266743979
? 542948636
! 228 408151728
! 909 732581017
? 993313357
? 128048237
? 326993179
? 246030200
! 698 533324062
! 562 158252473
? 575715995
! 618 933742432
? 751924408
? 730665497
? 272489466
? 724755675
? 163037331
? 147805839
? 147805839
! 893 611181111
! 659 603522465
! 209 716581360
? 141284394
? 581581990
? 823027461
? 94640842
! 969 676746985
! 691 532710866
! 301 28260037
? 172161544
! 445 843806302
! 215 284466945
! 13 447558410
! 100 559466624
? 636079903
? 739258048
! 320 753532243
? 959173546
! 60 691010784
! 7 467260063
? 808527373
! 589 959176433
? 148581850
! 582 922872414
? 415126679
? 794380240
! 79 940531782
! 76 173554065
? 469679493
? 321682294
! 918 769822540
? 51959189
? 571867185
? 94640842
? 47057050
? 546468205
! 244 319766286
? 235985419
? 957014996
? 729715782
! 429 373305935
