1000 1000
771756069 658504413 579491994 744148531 718494546 546387308 684498899 201661130 829626467 891336571 978011284 907230411 832086427 225086583 366728116 698487301 65243153 751975347 825720385 767761859 914242042 868772290 162024037 907524314 663825257 396838855 73767779 542899968 253339786 773753474 6694600 153749261 767238117 28665812 137168359 164729054 99695512 898016711 550527058 348572784 463138667 325255196 33313583 126547987 458473619 129865457 514310520 785659426 54240508 936064216 316783862 592996035 31949005 265682436 961231646 17109060 908574287 946665310 748906633 418438203 306240845 476792511 62825940 768616204 856302272 201079455 709643330 523966117 868484701 454457706 527280130 861200027 771362770 423184616 472555213 177285765 252455356 502057035 141513316 184832603 507187775 186117145 790795709 169182038 22024690 497968977 165056425 986352795 820122496 572009205 383724576 595299332 33316865 651694619 349380836 158932657 335139258 472912922 701717190 418218556 941075248 774160296 526025709 458977413 704301792 237673897 986648272 792033387 522453757 856019286 463304386 605506608 106224695 470168020 511582140 441268205 267136359 281548308 780269878 796959098 234906514 153936611 466199966 385238780 817390545 529765877 596729736 57863831 109757492 234249295 294692556 118507329 943746580 118322757 752806517 89355302 404508128 917880894 557579069 899772668 533568684 920894282 363291799 806886386 949968070 770666808 829688179 822841245 470149781 136568163 390382857 965385251 12248553 106927084 734314358 350937236 620373348 224827466 300188293 910842038 563862103 29690855 210400769 845745707 744578815 344060945 723574692 556692403 737527712 527614305 649442835 846117570 41057082 871887438 8163559 451352305 804753508 253410310 884222265 725053725 709755705 819312296 947931502 372418057 465417726 629026974 626811354 65624799 799359272 33557674 25371947 229468766 168136435 872281707 675808923 542129362 114512695 319425636 593920383 380828575 650484697 778671328 826374769 924130435 418871243 258955434 276575143 416740521 800530679 289857840 266252565 877996386 362215051 553671004 974867351 191101112 970290277 273652607 574386565 251199419 671607082 951552062 40772764 11732613 365798066 203388914 98974659 338631699 497712448 896465868 83642186 955392747 147805777 560800593 181247195 874681539 243426627 17882303 550775616 575882587 325899511 484081823 702217786 717903699 571752349 110728397 530771350 240427736 774673453 288314062 593237060 661951525 712983385 255346504 653641649 439558334 76275390 611852553 587534183 660250629 395003435 324615102 547971489 33504941 840264278 990473950 723930292 669824806 383924410 913451393 846823769 473864359 227358816 654516944 704249481 259125464 247679875 824968778 522915723 692855631 436352141 498693011 32825680 641979761 411544364 556757718 94092820 113735790 901230540 401145838 994947435 370211213 15518555 947953298 707444226 543667367 186227547 105734542 413389931 333432742 727882819 102955700 793982930 140257732 432755173 675824689 966448091 483580528 562475925 604233218 740569938 147244362 756456296 520782850 781057746 447211306 961565808 926584396 737210785 138916492 325970598 195649229 395438509 279117191 232409678 790596713 356778000 61812677 787546266 683283562 786780502 812918081 533852779 254458892 203915230 799452924 732675861 233751014 998470197 613662420 257216525 330751815 420740042 623344934 960584713 590189149 194141864 897974741 467663965 318731142 468780721 311757625 30481924 378937148 232198897 21259181 834782675 976863017 920609741 649002806 883664313 55054306 521371884 316727574 592677728 631692260 858289548 95795841 135421503 616484366 736677689 761316660 120242179 606583753 963100846 546811215 480273875 426421838 968908383 587620877 757279151 391185162 893773452 504078026 221106357 883137551 573137280 497352489 961010482 36459458 16448409 50423830 169254221 27505721 911989787 737448756 942678103 721322388 437648970 416428530 653151514 938116265 343965080 754420948 190374404 44364796 218167990 966265441 211875284 702508219 301280529 809541914 521608298 662435577 613748559 386388882 821514771 696492051 140477427 365738286 878873678 757157257 212593073 439599940 600805491 787750501 37154787 443140653 831678240 820321585 819851740 629676463 878062646 215436768 857779822 609664034 482103145 86045679 878680268 880336131 543198523 969645912 988302933 952970942 791553766 108822086 494220694 791619673 25307359 50092645 591842982 927119232 576746232 529171428 523533059 874253384 222527219 570138962 205788307 462477675 754851437 477522347 363522189 30271576 371250953 598013304 612593688 379672898 291833718 848256632 39804640 72518380 683398174 427664049 878883230 81276892 640066483 627847248 438382820 743332635 200348443 426453760 629412704 944435228 260934437 815171815 93668588 991452436 806615411 913998052 978875445 10303214 205816570 241662782 212061916 312983999 259801491 779610259 433985298 367757574 27747874 714014721 929029819 118086855 84662571 166400411 909194300 251661395 143896511 964137751 947183256 466715577 58736015 818669916 267736530 762870443 581430128 546822485 75672476 506981355 130966317 935567131 715260551 891795190 759957119 143756577 127474316 32807939 344830311 407478599 495810020 498974234 644574377 294723698 877905197 567959151 226158882 439461396 513367623 147865343 930853745 259937247 442433916 19002879 465500068 514497063 984569326 258146605 502312014 820425362 18953673 740402983 472034451 990596174 463655472 557420546 884335295 783916237 494658757 679632472 959041305 152786015 805013673 597682725 861431031 296417950 468704563 551036755 374526489 804359089 687070633 64426259 741174768 541650324 484143727 214114871 422007837 16246606 366870461 954443192 356736492 11128083 518418576 186526706 424885724 34793314 209291091 970116713 9759104 207920512 725318601 510205791 672076793 735983434 673939987 463098398 1742426 191141246 579896845 265482644 323785256 418313315 519345773 164329979 960251361 384125517 177235962 550116740 734382667 229836854 151965249 912907268 103268395 717357336 755363682 637665945 110492062 989412459 672007322 645109922 661750460 495582583 55240483 354517445 657569600 226330506 264970551 764355005 554193237 179377100 564845169 864448224 360083653 509080484 173753574 567505424 910494925 313625965 340825698 260587907 677004444 680762125 287103746 87414811 993113969 93016982 694305936 167517245 596440107 472118537 740511196 897188069 621315262 953150020 864753404 551609135 665229164 601601720 111079414 812625550 839904370 467666130 990943883 174665229 714790221 789304553 728480674 382315043 424908593 102753181 74932226 962191818 902310588 118563999 27609745 773346458 396037177 603512729 462359799 988960616 904184704 88206567 959831851 964659674 645042406 139453345 71654116 776279543 171112213 932066727 566947353 491283352 296623087 372364688 314904646 239788249 581946028 516277675 594253418 293581959 219685015 235938842 556126012 939100789 713412845 574721585 557904474 543462841 15063906 351252330 161997383 767452516 251879446 527999857 223249380 903891318 149109646 668156956 709306449 950843460 343240471 792920923 767639878 693067559 643125502 783876209 44485683 793875752 530600204 800052529 736265817 704941129 473202172 978203235 370986128 198493982 710277208 28193213 798890238 600868121 722445979 834787509 757954766 124890065 850576848 438877719 624339417 138724793 186070125 582698907 879100588 659837398 733917200 375279720 821590842 66236606 764440916 788508241 861749824 2212875 147008476 952543439 938992364 58882836 568792635 961822501 684890478 848758638 342637109 395213116 767073230 114549789 670193605 906168492 607834815 286763285 641221539 807934209 491040103 496148904 360868036 544665762 724968870 167919281 14957574 158485571 989464794 235670174 754032932 773862310 217855276 182260643 353761696 697726457 110252142 362967226 272431174 51721876 720529725 677095211 82629409 916390812 121915196 188060165 968763972 347577162 269082849 437605552 574788214 717771160 80453382 918121811 199572091 779547298 522677085 876043716 520715782 588107981 325837861 706032942 509669729 518303744 216995237 478490847 614130803 940630366 973416658 530009843 928096614 53448033 628239958 977682240 379460482 759916509 978849928 115417737 320184567 510876951 161532942 294284896 459256903 185835262 659592716 559602862 231161282 645146498 618051594 360660860 940101377 668302077 142843796 786659148 558615357 476546401 163646925 586206075 698278874 853720152 978739307 311406272 532626854 473298136 452026343 35793862 753081292 16760230 842530806 346621831 653140604 739726856 170783209 902710665 8754503 549769737 708861610 893279402 823507468 11431807 788400782 973765036 384881658 352939614 648599088 565846625 383198622 262211844 159587211 332878691 682821908 363427848 97941012 240546210 666069214 124997059 870920595 113328352 967883336 659389537 722102945 831698619 195155232 556279528 245062857 400844376 989044062 171903991 314636548 231272412 620922349 622560850 320954911 519736284 945496958 246559819 461736062 865328440 491508386 912080589 440968276 576309568 255862994 79563912 550322942 505855742 685357201 389609066 923108869 902495312 311970947 351888027 635962981 228315202 403950665 871551932 791186587 968651806 738243767 396839725 905636697 925684703 27111446 224756747 664601745 584434233 220538357 474167362 777861265 968502677 133076265 406452783 661217189 99618485 975774987 420210319 167093120 316971910 339194488 763386644 825499586 716425700 29129716 945635522 210352678 45310469 107089725 34900593 92250108 245127580 263065080 47061927 15412532 204025040 390709629 847742533 585691444 241067356 252275173 593831924 388861651 462475967 406330598 362463285 211661292 598050721 61381401 867544079 207860021 951975402 738075176 534100592 985639863 653470170 246786694 997887154 647987457 766329853 909613721 641048151 758708353 246659892
? 950843460
! 504 905348819
! 200 540864766
? 478490847
? 222638482
! 741 728952652
? 504078026
? 692855631
? 544665762
? 908051077
? 621315262
? 752369273
? 61812677
? 495810020
! 997 134288734
! 124 529916894
! 417 675466230
! 746 989431787
? 276575143
! 427 210728281
! 511 806188686
! 532 411321565
? 27609745
! 526 712626288
? 427664049
! 681 191743595
? 672076793
? 739726856
? 635962981
! 113 577166331
? 713412845
! 470 196507652
? 917880894
! 288 64920693
? 525200812
! 524 640955585
! 937 645178176
! 741 200291330
! 711 975166488
? 990473950
! 397 880262908
? 891324271
! 139 583781433
? 102753181
? 776279543
! 318 613427958
? 432505833
? 973765036
? 550322942
? 234906514
! 559 544678282
? 205816570
? 763439052
! 616 253474663
! 16 261716843
! 842 226094408
? 938992364
? 401145838
? 914242042
! 618 961259135
! 606 261415070
! 472 191299590
! 565 999231672
? 33313583
? 210352678
! 634 264407852
! 854 745941356
? 350937236
! 725 737058549
! 933 983463510
? 519345773
? 582108246
? 366728116
? 938992364
? 990943883
! 585 758611990
? 871887438
? 791131554
? 383198622
! 753 117078942
? 14957574
! 695 342208111
! 721 716674420
? 241067356
! 321 75116287
! 972 218663045
? 509669729
? 173546993
? 993113969
? 586206075
? 484081823
! 885 850152869
! 737 542846520
! 589 315341123
? 774160296
? 301280529
! 733 938410170
! 962 968854394
! 995 787530226
? 107089725
! 960 278579359
? 955702604
? 343758869
! 910 77509387
! 524 840361051
? 929880715
? 124890065
! 568 830329573
? 959041305
! 99 881720056
? 17882303
! 966 390945247
! 930 350368195
! 370 975783779
! 741 292722290
! 472 800777411
? 220538357
? 829626467
! 978 641447826
? 799359272
! 86 339846867
! 662 32387265
? 990943883
! 167 833589243
? 605506608
? 391506340
? 533852779
? 541226464
? 179377100
? 944435228
? 210400769
! 950 267762034
! 363 122119086
? 186526706
? 325338074
? 964137751
? 694305936
! 902 819618738
! 587 9726350
? 677095211
! 170 686002589
? 95795841
? 153749261
? 598013304
? 754851437
? 239788249
? 527999857
? 748906633
? 243426627
! 845 856932244
! 7 516929939
? 997887154
? 932066727
! 493 774604764
! 871 837064237
? 606583753
! 864 907415038
! 690 654725008
? 429544627
? 751975347
? 939100789
! 47 221626745
? 897974741
! 789 914970650
! 973 761801750
? 543667367
! 984 319952496
! 383 172071371
? 224827466
? 848138518
? 912080589
! 621 806485506
! 628 395166133
? 946665310
? 147865343
? 831698619
? 325837861
? 165693842
? 511582140
? 118322757
! 632 963931916
! 610 681917359
! 99 343460063
? 395166133
? 502057035
! 778 801802402
! 367 939206233
? 46831872
? 874253384
? 741174768
? 103268395
? 968502677
? 945496958
? 90339849
! 185 45012426
? 907230411
? 605271087
? 166400411
! 850 283777836
? 264970551
? 273652607
? 533568684
! 146 532382457
! 263 686707237
! 369 777189884
? 767238117
? 433985298
? 923108869
? 833963347
? 920894282
? 712983385
! 827 914286335
? 259937247
? 721322388
? 283429922
? 22024690
? 512012095
? 563348907
! 714 99162466
? 33504941
? 73767779
? 395213116
? 627847248
? 627847248
? 788400782
? 781057746
? 801802402
! 426 406192327
! 157 745169426
? 989044062
? 968502677
? 502312014
? 812549567
? 959041305
? 127474316
? 444000704
? 255862994
! 776 213929253
! 60 491527395
! 384 901969154
? 946665310
? 45310469
? 848758638
! 2 790465976
? 459256903
! 647 34182072
! 472 435044761
! 155 968314345
? 850576848
! 80 617628002
? 936064216
! 143 934618444
? 250825295
? 840579187
! 501 307377107
! 273 213978785
! 774 860287537
? 902710665
? 978011284
? 883137551
! 597 872647282
? 973550883
? 731300557
? 709755705
! 12 109668065
? 583781433
? 677095211
? 592996035
? 207860021
? 852868769
? 791553766
? 999231672
! 397 214325782
? 436352141
? 917880894
! 550 559196703
? 989464794
! 242 496735561
! 309 149425188
! 101 168105620
? 221105056
! 829 619728474
! 240 986194473
? 104705178
? 785137894
? 313625965
! 175 195972330
? 812625550
? 593920383
! 876 598537467
? 541209349
? 883664313
? 288314062
? 164729054
! 43 385538679
? 251370046
! 545 140165103
? 470149781
? 365738286
? 523533059
! 601 497994252
? 440968276
? 290627868
? 491508386
! 475 192541375
? 365798066
! 966 527117929
! 560 687127524
! 528 268778714
? 389609066
? 17882303
? 365798066
? 383724576
! 246 478578870
? 344060945
! 571 713118306
? 61458220
! 243 731540031
? 87414811
? 512502772
! 922 841937117
! 555 471324279
! 919 996901938
? 590189149
? 686002589
? 332878691
? 306240845
? 659837398
? 577166331
? 799452924
? 937610059
? 472034451
! 858 193216639
? 970116713
? 591842982
? 728480674
? 659592716
! 516 327548931
? 564845169
! 882 680451073
! 23 908489076
! 818 257775337
? 444434936
! 167 213978617
! 315 507061844
? 51721876
! 767 230835070
! 253 469784087
? 105734542
? 927119232
! 253 837428761
! 297 304030350
! 858 198821847
! 895 802698193
? 220883696
? 433985298
? 33557674
? 879183664
! 669 536876397
! 320 909982898
! 212 152535119
? 792920923
? 779610259
? 579896845
! 567 32596043
? 689330165
? 868484701
? 241662782
! 752 996936045
? 304030350
? 289857840
! 119 70542419
? 756757068
? 978011284
! 361 437540418
? 395213116
? 659389537
! 162 60991836
? 64547343
! 721 816614547
! 460 196895465
! 846 769015279
? 102753181
! 155 326629219
! 471 666545740
? 847742533
? 167093120
! 435 586934810
? 477522347
! 948 759336364
? 792920923
? 988302933
! 579 593872971
! 343 480882501
? 627847248
? 18953673
? 212593073
? 439558334
! 329 473278171
? 657569600
! 854 221178353
? 771756069
! 811 846177370
? 366728116
? 731586221
! 249 90658772
? 860287537
? 186526706
? 767073230
? 169182038
? 438382820
? 945496958
? 482361826
? 759336364
! 555 748667584
! 346 181604271
! 844 67467902
? 939206233
? 757872431
? 581946028
! 751 88666649
? 905636697
? 233751014
? 267136359
? 432755173
! 488 368554466
! 374 697899018
? 864753404
! 541 512919189
? 777861265
? 267736530
? 604233218
! 311 580436715
? 437605552
! 231 324087109
? 773753474
! 253 731512522
? 64426259
? 649002806
? 239788249
! 46 823492702
! 797 177326354
? 929029819
? 442433916
! 134 990079691
? 253339786
? 434016710
! 85 322800977
! 269 908815469
? 603512729
? 740511196
? 878062646
? 462359799
! 679 677714525
! 466 840560266
? 294088371
! 258 982951632
? 543667367
! 541 588655969
! 186 417520953
? 550322942
? 757954766
? 626811354
! 912 594516473
? 675824689
? 255862994
! 11 439471586
? 908489076
? 988960616
! 209 928565479
! 413 924124070
? 86492346
? 917880894
? 384881658
? 237673897
? 87414811
! 276 393564057
! 677 570641160
! 173 973908077
? 518418576
? 333432742
? 177326354
? 617311978
? 188060165
? 902310588
? 704301792
? 756456296
! 120 231547659
? 368554466
! 256 809117210
? 226094408
? 195972330
! 889 37479465
! 416 918436379
? 395438509
! 533 79297135
? 583781433
? 258146605
? 311970947
? 61381401
? 492140423
? 102955700
! 42 123046813
? 704941129
! 971 771689415
! 156 644956524
? 88206567
! 671 163903298
? 861749824
? 233622508
? 641048151
? 339194488
? 325837861
! 676 220476613
! 574 737452117
? 460448986
! 172 185313123
? 367757574
? 812918081
! 188 922328872
? 573137280
! 240 822441658
? 593920383
? 33316865
! 221 339134252
! 177 139353794
! 297 29547917
? 345827454
! 653 983101839
? 207860021
? 976863017
? 252455356
? 268778714
! 734 20274003
! 86 756888594
? 732403774
? 12248553
? 586206075
! 73 448040333
! 648 287069596
? 717771160
! 872 130352135
? 496148904
? 874681539
! 151 608357320
! 793 153191371
? 47528961
! 53 866235425
? 929029819
? 393489284
! 591 695970924
? 140257732
? 306240845
? 196895465
? 737452117
? 955392747
? 983101839
! 281 639043386
? 438382820
! 239 970915120
? 848758638
? 243426627
? 731540031
! 321 259706329
! 246 908360918
? 920609741
? 230835070
? 233751014
? 740402983
? 641221539
? 900670101
? 842530806
! 131 539967714
? 937806089
? 645178176
! 702 905014409
! 117 437705
? 990943092
? 497712448
! 669 310437807
? 138078529
? 650484697
! 47 341076814
! 515 687999519
? 21259181
! 803 717693959
! 971 276908728
! 301 933886385
? 772240160
! 42 294715053
! 534 150490678
? 717771160
! 273 494371960
? 553671004
? 613748559
? 278579359
? 370211213
? 340825698
? 429956854
? 210352678
? 947931502
? 65243153
! 898 984330044
? 473298136
? 645232629
! 160 169376886
? 927119232
? 425873772
! 806 142682061
? 986648272
? 533568684
? 137168359
? 251661395
! 100 500105865
! 672 622866324
? 158485571
! 905 938153571
! 107 333470670
? 513367623
? 767238117
? 150490678
? 64920693
? 55054306
? 933537427
? 276908728
! 532 891316524
? 253339786
? 231272412
! 273 58367156
? 640066483
! 733 883938516
! 172 598432292
? 920214877
? 618051594
? 186117145
! 861 316819462
? 388861651
? 888162570
? 473278171
! 781 121424355
? 411544364
! 988 269004849
? 364449047
? 621785526
? 507061844
? 463138667
! 580 45229355
! 644 390126461
? 117605643
? 576746232
! 350 854819923
? 231980156
? 111079414
! 581 299656469
? 28193213
! 418 141612388
? 253410310
? 950843460
! 823 555231680
? 461876644
! 979 427428467
? 874253384
? 523966117
? 899026794
? 970290277
! 850 842721629
! 395 680846636
? 201661130
! 125 218089416
! 733 16554398
? 195649229
? 560800593
? 809117210
! 467 797146577
? 546822485
! 276 376417680
? 558127384
? 45012426
! 380 973786234
! 298 261777199
! 902 82598037
? 324087109
! 519 972320749
? 463098398
? 685357201
? 73767779
? 343965080
? 77509387
? 207920512
! 166 51033279
! 181 43416471
? 783916237
? 39072729
! 561 12103718
! 125 569264003
? 109757492
? 978875445
! 964 16500266
! 414 187593569
! 263 665969732
? 757954766
! 952 445732870
! 520 559837762
! 589 474163356
! 134 614945569
! 285 672770894
! 963 11376278
! 885 256127805
! 37 692287979
! 558 874247933
! 154 869336189
! 364 179840385
? 344888198
? 16760230
? 841325261
? 169182038
! 493 666955959
? 717693959
? 854001798
? 533013092
! 957 417601701
! 755 994848852
? 313625965
? 503348762
! 881 276976944
? 150490678
? 144871582
? 757279151
! 825 748747685
! 561 50722222
? 620922349
? 665969732
? 557904474
? 677095211
! 37 376412365
! 61 803714795
? 704301792
? 586206075
? 871551932
? 645042406
! 897 733973300
! 983 985374418
! 517 984570514
? 984330044
? 574788214
? 255862994
! 895 759370992
! 867 603841273
? 130966317
? 793875752
! 409 564252188
! 967 543686876
? 801802402
! 267 454838761
? 763386644
? 301280529
? 243426627
? 707444226
! 112 710409339
! 574 833158634
? 67467902
! 178 738112404
? 712181219
! 981 220026995
! 274 72389722
? 220966830
? 922328872
! 981 287211993
! 19 829124816
? 998470197
? 7555385
? 879230790
? 241662782
! 553 23994681
? 140165103
! 769 154534544
? 49291777
? 314794878
? 672076793
? 231547659
? 917880894
! 924 440852081
? 751668011
! 60 8474976
? 756888594
? 265482644
? 251199419
! 11 352832343
! 930 242742564
? 234381518
! 944 271329436
? 567959151
! 876 79733494
! 463 254225737
! 116 933784840
? 128059891
? 135428307
! 273 147450649
? 200348443
? 922328872
? 220476613
! 378 761427884
! 463 487327947
! 283 356062644
! 642 611178282
? 149109646
? 874681539
? 768616204
! 991 714191884
? 596666072
! 965 514387896
? 34182072
! 248 219199028
? 774160296
! 80 790107693
! 541 405704151
? 658448818
? 755363682
? 299656469
? 898016711
? 653140604
! 621 750162475
? 960251361
? 530771350
? 255862994
? 163646925
? 222527219
? 666545740
! 638 926071815
? 263065080
? 913998052
! 33 282717314
! 17 326867433
! 566 405425054
! 959 462698631
? 914286335
? 468780721
? 570641160
? 203915230
! 800 825482313
? 81276892
! 590 687465035
! 761 625128217
! 889 587866114
! 46 644564200
? 462475967
? 169182038
! 725 310626840
? 110252142
? 167919281
? 23994681
? 333470670
? 545228817
? 311918828
? 840264278
? 905636697
! 485 373670636
? 240546210
? 126549877
! 576 266199928
? 478490847
! 345 336456159
? 40772764
! 61 518604674
! 6 442697794
? 788508241
? 725709027
? 19002879
? 320184567
? 737527712
? 909194300
! 740 438590018
! 478 314595267
? 246659892
! 529 108615609
? 735597653
! 456 962940277
? 770853260
! 362 650357150
! 39 341404633
! 716 661556965
! 364 402367845
? 224756747
? 767452516
? 137168359
! 226 265031537
! 182 227745740
? 111637122
! 266 219645925
? 874681539
! 995 531687126
! 644 427027447
? 33557674
? 115417737
! 521 302015629
? 520715782
? 471147868
! 43 827895707
? 461736062
! 329 787711114
? 340825698
? 964169630
? 554193237
! 857 798131957
? 110252142
? 961565808
? 665229164
? 68180726
? 564845169
? 921423946
? 697303298
! 974 732203487
! 512 685221102
! 373 359473682
? 484460259
? 121424355
! 793 17807967
? 543111716
! 273 754482744
? 650085180
! 147 489241402
! 715 444826187
? 970290277
? 866129520
? 442697794
! 124 779646946
? 586072731
? 255346504
? 798131957
? 754851437
! 579 922373140
! 81 311284059
? 734382667
! 356 392294189
! 349 909107123
? 320954911
! 895 109225042
! 579 942645809
? 664760110
? 586934810
! 968 955836341
! 142 643122549
? 587534183
? 574788214
! 490 218451516
? 35711164
? 147805777
! 286 257890553
? 751975347
! 283 303982635
! 799 440921467
! 461 924374031
? 502071572
? 908815469
? 152786015
? 994848852
? 372364688
? 557312471
? 997887154
! 850 388259574
! 630 753938465
! 133 538957260
! 374 742062274
? 709643330
? 544678282
? 333432742
? 366293483
? 680451073
! 678 379033919
! 483 538443558
! 114 524128629
? 352832343
? 543462841
? 264036669
? 940630366
! 430 361383849
! 3 936280430
? 245716498
! 822 376178099
! 491 794524207
? 648599088
! 942 944750278
? 966265441
! 121 838476209
! 649 735416782
? 861200027
! 965 211374561
! 126 436192497
? 342208111
? 136568163
? 431684040
? 325899511
! 999 115470888
? 351252330
! 603 429054983
? 265482644
? 43416471
? 623344934
! 897 916864987
! 103 371280899
