1000 1000
245501511 476452781 13306320 220294675 999467905 620227885 346297386 707971439 746744 822633644 225181990 965308178 556155553 959773859 819074106 331755933 681494034 162275916 629239060 75653401 435762581 936846618 31885598 330173622 2555663 292980942 53144678 320672157 792966871 825791469 817764518 788961498 9765299 43067823 281049300 841036437 309913318 928433959 98314900 100414763 662477400 414210190 969244095 8578851 857426607 483273823 405475184 525245676 380999182 348210040 433202146 114323029 563608261 833625757 440986611 947557225 686847183 607671691 692419275 199041907 771703028 743081814 494649024 274328468 588515389 640167784 559681216 458299554 105426386 896277700 205115314 635691158 69801124 567064577 968567276 869848990 408806997 217887928 177431479 138869103 386842570 86822421 748359958 901428290 896363092 7676696 92085616 540076589 66896312 546300596 518722552 997075603 808206671 359177968 607015620 394345121 153634269 259683747 969314297 36775979 420647751 85452432 48005821 523050702 491272230 961259653 476935870 874220874 85014255 339623575 405557557 53830730 267062689 904141698 337310133 437550516 500483618 184891468 1485585 416834329 495001968 815224041 651559257 238721955 986411599 604886120 668820058 68567343 668423956 527784840 109481874 697217949 908603806 385727300 496007589 12001279 227619977 293503814 575047767 628135237 676668282 533401899 139815238 325661064 279134823 176739268 91317275 568427557 798112662 129273689 195702651 420918139 820243580 931264526 70852048 298902896 837027604 7145399 56297906 562404708 824193460 410550438 573659430 695696010 154120062 192215532 761082104 583346286 679566143 378493851 274781452 86218592 152754777 517450335 908753309 401474248 32140501 574605650 800108331 31627862 196441398 432728763 850884943 28517309 808361423 336844826 271538465 408556525 382587813 450799153 205761786 244231585 684453900 5249605 858565276 497406892 14714913 694666959 894486463 720717805 900084711 308752085 185863703 63181269 506138757 470283965 420490939 143248379 278259568 827125951 248037008 512548051 344864763 791268944 54894458 941497056 740338398 534704720 96182467 105888637 204449598 309884559 898335819 206825937 183570416 480200098 181744109 877206470 930648619 882929341 47705680 671259923 613419606 430559931 353866527 41035138 269325266 393729667 330841345 220974607 603718650 89268128 234415297 683827213 348826847 206746846 314135072 491246491 479145030 205178793 412372960 495949610 586689815 994277054 733757471 567229277 578069538 552093681 772536125 932285314 928589979 96135530 690583844 462633018 371017997 718803406 148754278 586500289 498803945 915734219 529970869 593601052 59859360 520868618 747946767 69708642 770150498 417553240 38008738 703882484 856204463 474924298 413530251 560123554 683739324 757158347 329911448 961814878 153887045 287539715 440527350 541654546 553419663 437875229 497039980 770606804 918335262 390030306 450935888 817417480 163887818 161899150 319173725 842916185 323833912 764995635 212675524 545554182 68882570 950023090 37145551 501345028 907231506 898588328 621058794 484711814 135381344 216924231 695491484 273502439 118196896 96024684 151583638 340671745 100886474 981086475 766754638 164545348 720036052 17435132 670695076 226290983 727171540 952640503 725148870 710045839 700928473 207464811 403891705 881109000 466566276 3220667 932494751 183660080 692156115 78132269 207096701 631087780 223832757 850295280 408121451 413605602 752453665 751364846 579413740 791865364 930375271 846603279 36146328 540851584 723588717 407642545 343148284 543086461 673112380 97077906 622473291 311139808 232772006 524636558 307224577 603631792 978118048 598509949 72427156 980633792 255022299 103325502 13236848 369478835 753954395 199477591 100909800 82283333 730421680 722614318 988036813 756717575 177093840 767751394 489751710 537367529 436556178 525960157 407648401 748997797 705060574 878019696 465919942 970431535 445274063 177974066 551806651 168230265 284093805 559025503 9763175 820013816 612356596 895340913 547555637 910750861 77379607 961475478 896967399 659868544 181778208 579777687 148924585 546661537 815160306 794448480 384490901 221714911 139521839 763424502 701835834 92413080 771791462 653591526 607604258 966057584 395793078 435914944 416588081 422020647 183042392 236288915 964593498 327013271 826413494 668053478 505158669 105896373 770300170 9272989 946198768 897426259 442055975 852486829 192237443 748380904 916544596 953796754 947527969 24065345 501210321 231826864 638169787 801416462 548685815 24231180 922608462 718436295 635993795 510543678 737322069 170760333 610527431 360444467 590287465 296668756 666794761 615593643 749124156 299702719 178397901 898236142 239264001 386121670 555734941 801369494 270088492 722303810 149900411 907086654 205410308 680351069 533340274 726971866 209838633 539342015 20589911 604833204 934341290 900853517 39855104 76316073 650677723 265226826 363445650 459163693 679334562 795744570 522634776 719218475 680759593 360724413 161877570 520725362 820480677 69600354 930429944 624268399 368922471 178166474 438939860 783203114 261999478 555696560 62368218 563081998 446376837 753644591 55790644 862021510 639618470 83715060 611672905 570014078 77284629 718833133 448200580 681429692 402015737 672646464 609498689 405416553 497438814 422043755 340922222 541764573 325437188 87135699 855369303 164354997 519546895 383385916 720095282 95362728 60615326 514086168 997224768 639405740 413181883 914226134 751355410 261591660 797926492 727655947 348089443 813367856 434153027 462886495 908553364 141816134 486978502 900763870 181172203 712917882 342431988 194509591 892789410 677004507 575797524 127158869 833031225 799961598 231707311 802149763 546552179 877367206 350412309 657062766 851611506 727546390 506002334 932924590 871353208 741016549 822994495 888594182 907060141 466208410 658327039 76293023 875343884 480805649 970492186 721333465 427608845 866004472 714370871 410353441 30778764 19009043 365142315 950023254 969709336 576728107 309391539 640412759 394236638 420554538 250901824 4062869 790642382 786521796 53070894 68282167 440111946 865367979 204252560 847769363 488752015 902867327 437510326 885253903 436030398 477819076 296137055 820542761 473805992 152347546 5283618 837959381 757343517 332626565 994302770 139984887 374363559 49876581 250161332 353673660 553374339 980939613 444550773 544933819 417518064 471935854 355429832 810727841 578310863 719155280 4588920 747455300 424483958 700767061 426105331 665779181 142309499 550886359 413217168 729915945 542046097 686566533 605865438 724097487 591531454 713575720 411782873 431129817 290055133 111200708 783079339 522988039 841882416 584330161 857978368 479110244 967287397 275935039 859396356 629354522 70477824 573545539 998071029 142763345 261920793 511698680 356938376 128950888 822433050 534313694 836101974 710666591 562725395 847072211 646497844 555245343 205510454 568581619 342286268 553895015 360341223 34938518 782282968 912265388 451760918 909905519 749505226 346154788 928481000 766515257 948582925 967850612 309434608 525347579 204986188 792623518 126230217 2250970 812024201 404890613 527767359 66484769 122813241 791150824 971042959 712556926 445073468 3928288 527651631 908561360 257722681 141063128 625611730 252999271 973890681 734362913 870305162 524059854 359372588 847958170 373548644 539242760 317044359 111082679 8284193 725523761 205898094 804411342 645102712 160099817 43924162 556091562 336442692 428410632 543829586 151454975 49331102 970369680 252616157 825729100 750100341 413005945 401149309 502769662 97760627 947544145 548095000 296102742 968932729 730328352 557346543 79242817 783872349 592261690 336774398 629888565 27058268 912346054 837544138 100449632 115446715 723816765 913708067 388182885 644063804 647596312 230296239 583442043 133833275 549942025 301620330 473468090 4052562 508561085 731421449 659735571 896242608 487360777 178155587 433988509 552172733 206477724 981912356 267524285 393124168 829166785 746511900 602092710 103407945 745683319 673926617 105423772 870778980 314451063 277734268 495151852 852735759 876376882 481798684 211982351 623662259 108894767 178400315 962081784 468778421 556637024 659101712 219494955 829748884 850827541 549629622 738813867 293039473 83809136 949366152 797200818 680889787 147474958 491833291 470488966 762922113 710778002 629232119 137634971 424587556 64531516 348096934 601064058 656536715 143823962 278460737 200448085 832091868 676226621 689258919 821566706 586039816 730923602 444514157 154333387 937332671 803075808 579552300 989419263 320669571 929670323 711541232 222353701 266386046 429626248 783875087 762366301 958789503 592877661 37849371 289139298 343757096 380003639 864606705 756917094 502418914 380992734 394387496 925036788 79945388 780601142 47678709 964223630 207023405 866411634 406721256 892629236 981298724 498626085 349240289 304907413 315782887 191521771 248450449 163890187 718080332 440323943 48125721 608262039 867478168 919663127 493668291 413531329 619731218 228755221 897952995 430545529 987669910 562282052 365549190 736253730 211586083 750958154 830583608 501309297 901032415 394444031 567765234 678731870 946617726 719395501 579641887 882187909 872052118 725823501 718875000 258044614 236761339 583774843 232102984 536718658 139638935 905400692 818656474 228300969 953331782 797192877 925843169 541060937 830094849 361562895 528464143 309707642 488578493 787250669 59632756 129373566 125955606 772458071 687335190 516422133 679037189 297331602 837406899 954256379 233220 881329275 940908415 956867114 405770486 799309686 566041896 588852764 467724455 381090832 488123275 88543975 224618479 227035073 103071593 545928658 35861417 858048689 130861733 707278875 505805379 702322837 250277074 96190078 89443885 848963702 244960827 412573840 907793759 248879111 264022025 486568275 457345750 460213756 126223157 212627902
? 27058268
? 553374339
? 24231180
! 248 623233368
? 91317275
? 624268399
! 323 706700210
? 749124156
? 677004507
! 279 421045325
! 709 80927656
! 954 301674461
? 265804067
? 468778421
? 411782873
? 555245343
? 264022025
? 910750861
! 108 717916926
? 947544145
! 644 138357981
! 946 171596471
? 412573840
? 573545539
! 986 765924521
? 420647751
? 225662720
? 783203114
? 417553240
! 96 791211407
? 733757471
? 164354997
? 723816765
! 929 237922693
! 532 384117298
! 580 743612715
! 443 524274737
? 514086168
? 278460737
! 849 732145336
? 444550773
! 529 791588590
? 866411634
! 129 685964612
! 828 111654092
! 228 825829227
! 298 728744327
! 65 776007912
? 254730589
! 55 997650563
? 615593643
? 250277074
! 918 110217081
? 518722552
? 152347546
? 465919942
? 817764518
? 154120062
? 553895015
! 705 689603063
! 647 205707131
? 896363092
? 788961498
? 8284193
! 147 342043124
? 416834329
! 393 695094564
! 351 284480660
! 28 772395860
? 665779181
? 857663519
? 105896373
? 176739268
? 114323029
! 358 763069321
! 432 236348671
? 5184296
! 764 62746693
? 690254318
? 367684465
? 748997797
! 594 640974206
? 970369680
? 731421449
! 391 840843653
? 141816134
! 138 800148944
? 161899150
? 556091562
? 95362728
! 56 9458288
! 75 378202152
? 623233368
! 862 771674855
! 786 621554131
! 45 531811878
! 293 987317388
! 434 348541160
? 525580861
? 176646943
? 281049300
? 825829227
? 470488966
! 247 30244723
! 810 617810382
? 332626565
? 575047767
? 859396356
? 500436823
? 640167784
! 685 443401068
? 126360897
? 884288209
! 490 731899611
? 822433050
? 534313694
? 546661537
! 690 344194164
! 398 470621524
! 241 451299192
! 632 992199437
? 30244723
! 145 930333020
? 511050488
? 275935039
? 224618479
! 867 771702877
? 48005821
! 47 239792191
! 873 453030915
? 525347579
? 176739268
? 723431146
! 566 683604319
? 161356587
! 390 85887111
! 806 920530559
! 50 860910144
? 142763345
! 957 856588555
? 75653401
! 908 933128320
? 652330285
? 659735571
! 135 411217205
! 252 465320968
! 435 751821586
! 332 438305689
? 812024201
? 394387496
! 594 981120607
? 430545529
! 794 584331423
? 929670323
? 403349123
! 544 226447300
? 756184827
! 671 787956583
? 817417480
? 331196644
? 308752085
? 360724413
? 412573840
! 292 881524437
? 526209064
? 420490939
? 524274737
? 571194510
? 820243580
? 440323943
? 681429692
? 502418914
? 695696010
? 965308178
? 192237443
! 783 63448915
? 687032321
? 266264805
? 771674855
? 195702651
! 675 199314228
! 37 502819783
? 896967399
? 229571446
? 502819783
? 66896312
! 451 956403881
? 900853517
! 970 423296600
! 55 325921036
? 420647751
! 522 217911287
? 725148870
! 592 214626061
? 393667050
! 219 829970636
? 35861417
? 217887928
? 46919182
? 309884559
? 464949104
! 26 159604519
? 885253903
? 540076589
? 296152340
? 997075603
? 621058794
? 309884559
! 572 344593969
? 380992734
? 344593969
! 916 233391871
! 340 479300396
! 635 496277258
? 477819076
? 918335262
! 750 781384893
! 667 611454219
? 246038792
? 815811170
? 797200818
? 635691158
? 882359113
? 487360777
! 72 623132169
! 311 386624726
? 340922222
? 680004020
? 612356596
? 190477970
! 475 294384673
? 791268944
! 960 93347003
! 949 219100918
? 261591660
? 967287397
? 487360777
! 709 324861736
! 419 130282548
? 395793078
! 157 122008267
? 619361067
? 897429976
? 336774398
! 484 187717820
? 129273689
? 413530251
? 97760627
? 344864763
! 813 705325896
? 629239060
! 894 361887066
! 405 478557200
! 511 55923238
? 747946767
! 654 227683135
? 142309499
? 576728107
! 503 868889750
? 161877570
! 935 727128854
! 769 24063999
? 378493851
? 970431535
! 359 196005477
? 437550516
? 980633792
! 693 704272828
? 907231506
! 378 81015802
? 325921036
? 985405260
? 177431479
! 407 556963646
? 588852764
! 692 693296978
! 832 589446043
? 488123275
! 325 358003574
? 533340274
? 981912356
? 294384673
! 681 632823837
? 792966871
? 238721955
! 60 468354716
! 600 466753243
! 320 465059729
? 293223491
? 522634776
? 41035138
? 3220667
? 227035073
? 764995635
? 635993795
? 239587800
! 53 522930979
! 572 742854783
? 948582925
? 813367856
! 75 584534083
? 537494903
? 49876581
? 385727300
! 361 410155936
? 365549190
? 625611730
! 929 719578653
? 961814878
! 560 558598587
? 217911287
? 552172733
? 761082104
? 881524437
? 108883571
! 873 891289662
! 938 575043978
! 688 341953038
? 583346286
! 493 162370448
? 5249605
? 105423772
! 715 144693701
! 990 310939138
? 764995635
! 846 94720619
? 771791462
? 54894458
? 856204463
? 366544308
! 665 970384816
? 722614318
! 856 593222853
? 783203114
? 579413740
? 838927550
? 395674385
? 231707311
? 712917882
? 546300596
! 265 541996596
! 251 477626526
! 700 326873638
! 228 689152238
! 447 892187779
? 212627902
! 237 77009086
! 408 514452449
? 170760333
? 564514857
! 591 191379591
? 207023405
? 901032415
? 420918139
! 592 858433788
? 290055133
? 346297386
! 516 385592274
? 433202146
! 722 945125488
? 742854783
! 25 740347027
! 626 953761864
! 891 922220618
! 7 816894049
! 876 377958750
! 974 524294067
! 347 337351011
? 103071593
? 310012331
! 90 535960113
? 364211479
? 639405740
? 557465360
? 193571750
? 970492186
? 694965381
! 894 554475221
! 248 760311546
? 191521771
! 545 772928601
? 395793078
? 429626248
? 220974607
? 477819076
! 649 1323179
! 810 477244045
? 882187909
? 505805379
? 909683874
! 939 253695218
? 867633553
? 54894458
? 527767359
? 516934511
! 221 629173327
! 991 865980474
? 4588920
! 309 334841015
? 177431479
! 937 5977151
? 171596471
! 388 455184485
! 326 887806168
! 473 788236586
! 967 696102306
! 250 277242108
! 231 386880800
? 257722681
! 73 468181955
! 690 292870014
! 274 585095272
? 934341290
? 899015359
! 296 785033227
? 829970636
! 918 539126168
? 640167784
! 7 437316241
? 78437386
! 147 969949815
! 575 217375113
? 337351011
! 2 525056385
! 291 86947348
! 304 326256384
! 862 461598558
? 643695899
? 181744109
? 555734941
! 952 338846435
? 233852455
? 494649024
! 481 860355642
? 815224041
? 127158869
? 719218475
? 203077529
! 183 395811194
? 680889787
? 902772133
? 82283333
? 858048689
! 84 324807962
! 54 170842505
! 520 654223745
? 969244095
? 497438814
? 162275916
? 259397621
! 541 371504735
! 849 735706132
? 573331785
? 694089113
! 738 284167272
? 650677723
? 296668756
? 443401068
? 396310386
? 950023090
? 374363559
! 641 549132931
? 908553364
? 551806651
! 984 679303901
? 49876581
! 743 221735672
? 437510326
? 43924162
! 418 673576205
! 173 168668475
? 493668291
? 999467905
! 627 582981157
! 982 154375549
! 455 415105700
? 160099817
! 154 919977077
? 837406899
? 250901824
? 592261690
? 212627902
? 393729667
! 548 394469186
? 39015528
? 394469186
! 581 958088540
? 119271837
? 385592274
! 800 616376653
! 543 872896861
! 762 716520226
! 834 462253002
? 969244095
? 891289662
? 160099817
! 148 72748808
? 177431479
! 203 807851074
! 809 266325221
! 724 802774253
? 559758777
? 541996596
! 674 713145297
! 974 240181497
! 634 490758392
? 542389814
? 980939613
? 692156115
! 916 341734568
? 954256379
? 876376882
! 792 833607964
? 932854123
? 624268399
? 771672860
! 483 478287361
! 601 659091209
? 330173622
! 716 62360667
? 521755984
! 366 777234514
? 222353701
? 545554182
! 777 296690956
! 788 644475212
? 320669571
? 19009043
! 730 492034875
! 283 384292615
! 12 410528385
? 109481874
! 566 626375891
? 126230217
! 230 520761777
? 41125967
! 770 947425536
? 521836261
? 437875229
! 563 413150947
? 64531516
! 676 683359738
! 638 743906741
? 274328468
? 725148870
? 548095000
? 847958170
! 345 2823270
? 856588555
? 578069538
? 819074106
! 245 669246736
? 100449632
? 847769363
? 629354522
! 104 949940252
! 915 526910491
? 200118253
! 664 274115373
? 578310863
? 356938376
? 527767359
? 179630391
? 673112380
! 434 141938829
? 718080332
? 981912356
? 497438814
! 174 479188182
! 851 287749463
? 623132169
? 865980474
! 344 71115545
? 363984288
! 793 943374864
? 17849869
? 209838633
? 225181990
? 896967399
! 236 285117835
! 932 38946995
? 743906741
? 546661537
! 886 919252028
? 659101712
? 380003639
? 231826864
? 437550516
? 43067823
? 706700210
! 601 931040779
? 947218162
? 420647751
? 127158869
! 73 310933014
? 12001279
? 860355642
! 958 775150002
? 162370448
? 695491484
? 7145399
? 143248379
? 919977077
! 21 916485942
! 548 790968627
? 205707131
? 95860006
? 514905381
? 721588934
! 101 944614093
! 237 171562810
! 992 534628491
! 236 215201019
! 837 266461127
! 2 870308755
! 243 189347596
! 753 802178316
? 859074122
! 11 547084774
? 806467375
? 60054566
? 435344137
? 31627862
! 259 399480450
? 790642382
? 833607964
? 498626085
? 209838633
! 206 478799824
? 575047767
? 369478835
! 15 801545837
? 716520226
? 227035073
! 509 324572318
? 205115314
? 465320968
! 651 932864485
? 772928601
? 973890681
? 556963646
! 885 756547935
? 471935854
? 207023405
! 101 215850778
! 922 428345009
? 535960113
! 546 628905049
? 553374339
? 894173344
? 812024201
! 570 139899948
! 277 24673397
? 782282968
! 953 716562089
! 688 267299215
? 738813867
? 497406892
! 732 396979517
? 512548051
? 790642382
! 146 80752923
? 94720619
? 560123554
? 638169787
! 18 256887906
! 374 598469015
! 932 57238289
? 887806168
! 480 329409280
! 864 467861630
? 585095272
? 245548850
? 397008214
? 127158869
! 840 485152382
! 85 579680557
? 956403881
? 24065345
! 73 1482375
! 133 383666510
? 365142315
? 223832757
! 471 842633238
! 505 456216970
! 389 756201182
? 584331423
? 68282167
? 195702651
? 168668475
! 887 613215966
! 955 305089992
! 599 412837953
! 233 552728204
! 898 90506251
! 448 532339924
? 601064058
? 238721955
? 320669571
! 584 971360110
? 363445650
! 992 709064675
? 799747206
? 522930979
! 776 510658414
! 369 253129532
? 207023405
! 646 519148933
? 527651631
? 156559803
? 610527431
! 970 752574951
! 28 442212906
? 864606705
! 899 7724944
? 394236638
! 41 995048266
? 168668475
? 450799153
! 96 881699064
! 15 954067304
! 952 995538996
! 181 522856561
? 722614318
! 187 129801375
! 899 413024260
? 668053478
! 863 246743881
? 7145399
? 486629915
? 226447300
! 176 781748784
? 92085616
? 107210699
? 568581619
? 908553364
? 115642614
! 8 68568898
? 216924231
? 683827213
? 248879111
? 300739787
? 88543975
! 63 943648730
? 548685815
! 559 300669519
? 410353441
! 548 22530705
? 900763870
? 775150002
? 954067304
! 622 734702281
? 483273823
? 776007912
! 8 751479300
? 228300969
? 256887906
! 79 233601455
? 277242108
! 356 54124209
? 799961598
! 460 189205077
? 720095282
? 137634971
? 731421449
? 857978368
? 310671253
? 466753243
! 753 217573316
? 400372894
? 689603063
? 956763421
! 661 896843402
? 937332671
? 968425511
? 386842570
! 702 43303815
! 272 59911450
? 467724455
? 284167272
? 495151852
? 586039816
! 603 432104532
! 483 722634295
? 317044359
? 153634269
? 833031225
? 42917714
? 501309297
? 859396356
! 359 305824327
! 88 457816318
! 4 790791351
? 103332913
? 177974066
? 829970636
? 231826864
? 836101974
! 913 532404347
? 266461127
! 944 463342539
? 413150947
! 96 967766376
? 473805992
! 299 207755975
? 236288915
! 288 834571241
? 948734407
? 32595541
! 905 599893131
? 566041896
! 624 840113760
! 598 387608217
? 570014078
? 671259923
! 749 144589797
! 792 984087460
? 82283333
? 765924521
? 230212147
! 919 363737232
? 221082112
? 368922471
? 781748784
? 448200580
! 777 722776431
? 163641869
! 336 133212323
! 140 348959938
? 720717805
? 680167920
? 143823962
! 923 629161964
! 96 947125145
? 981120607
? 153634269
! 539 720902880
! 596 13628180
! 590 518872771
? 756917094
! 574 216255587
! 272 478329452
? 299292465
? 589446043
? 413531329
! 857 916916658
! 860 958833265
! 125 138343115
? 820243580
! 779 71497293
? 326256384
! 862 510924228
! 472 242266046
? 341734568
? 653591526
? 413005945
! 302 407600234
! 318 709307430
! 168 120261208
! 2 524987085
? 465919942
! 362 672481799
? 67657111
! 948 593986315
? 577012262
? 19828707
! 521 269991747
! 498 96818749
? 541764573
? 85014255
? 493668291
? 426105331
? 784416182
! 337 967734330
? 491833291
! 592 667311208
? 395793078
? 763216994
? 105423772
? 995048266
! 381 689960235
! 812 410431906
? 89268128
? 609560718
! 301 998761556
? 932494751
! 184 293975328
? 395811194
! 503 179684587
! 175 16524661
? 540192705
? 709307430
! 904 532658736
! 29 719630425
? 501210321
! 171 568986274
? 288763156
? 430559931
! 502 566827908
? 520761777
? 803645173
? 697217949
? 519148933
? 486568275
! 281 491299697
? 885253903
? 403465022
! 625 209654647
! 503 498157917
? 896242608
? 413150947
! 259 565466336
! 388 347097722
? 86947348
? 770300170
! 496 278640851
! 544 27391278
? 252616157
! 467 893539228
? 632823837
? 7944507
! 809 653901658
? 522856561
! 841 295962488
! 73 373442621
? 705325896
? 896843402
? 718436295
? 949233589
? 325921036
! 652 97134799
! 348 775844752
? 491272230
! 119 741878734
? 356256585
? 736253730
! 501 828044249
? 109904603
! 357 386470660
! 249 752312202
! 970 366567864
! 652 851819477
? 239264001
? 7145399
! 732 956769763
? 195702651
! 929 315272551
! 734 195525566
? 644475212
? 160099817
? 100909800
? 922457783
! 205 490882797
! 645 372877571
! 568 23107938
? 177653499
? 51138508
? 525960157
? 43924162
! 686 581683022
? 529970869
? 413605602
! 806 407287256
? 71115545
! 786 775005810
? 465059729
? 785033227
? 380003639
! 416 89788701
? 96135530
? 144589797
? 830316863
! 484 188731181
? 468778421
? 689960235
! 850 853037097
? 859166964
? 777234514
! 699 831020666
! 324 166609174
! 837 21316302
! 533 485191108
? 238721955
? 468778421
! 120 689598418
? 598469015
? 384685762
? 48125721
? 343148284
! 907 952274311
? 277242108
! 543 535539856
? 118196896
! 456 355977169
? 324572318
! 961 302533217
? 651559257
? 296102742
! 195 622769453
! 688 381947836
