1000 2000 1 137
547 789 2703
948 992 720
434 941 638
285 836 8147
52 129 6396
199 430 8871
233 866 1827
107 492 6226
176 895 4717
125 435 7146
277 891 818
132 166 3754
449 524 5467
38 67 6870
171 533 9632
820 895 9434
85 129 7978
266 636 9830
86 760 3329
426 533 9495
261 454 8379
600 997 1458
21 952 5515
546 619 6630
25 106 2939
321 813 3858
450 853 8473
9 15 7952
26 47 1184
51 831 6866
186 194 6476
117 145 3575
114 971 4189
116 117 26
803 892 4619
50 264 534
565 574 4261
532 809 1398
3 5 2946
164 319 4140
79 186 7354
15 317 7123
878 927 5005
291 639 1645
370 964 4871
133 956 884
388 954 7819
441 466 2877
682 703 4169
93 408 8992
122 357 3421
119 795 2066
329 423 691
680 950 6542
81 957 9025
411 506 163
210 512 9293
203 556 8246
282 452 4868
436 628 45
24 532 6254
543 710 5569
219 500 1587
51 75 4208
0 141 2654
770 877 9795
534 563 3276
387 576 1190
313 439 2865
11 457 9462
109 302 6180
76 668 8697
806 809 9286
376 604 382
299 944 3610
224 236 6655
557 670 293
552 621 70
563 962 8647
31 149 6811
103 923 2880
595 854 875
549 669 6485
331 677 6790
136 562 3128
529 945 2608
124 448 3639
491 505 1501
261 769 7405
806 957 8848
281 333 8920
432 866 5480
155 434 4099
525 832 3143
76 480 8307
75 496 9763
31 80 4191
176 556 6367
1 46 4054
234 243 4792
651 775 4224
152 324 2411
7 146 4358
219 284 5926
58 342 9477
457 647 4515
237 905 8197
43 970 3587
281 562 3102
58 122 8800
436 718 360
251 714 1727
593 838 3582
486 540 4517
5 926 2765
384 461 5277
817 834 3599
644 893 2668
592 733 538
412 725 9970
389 788 3591
222 525 6356
349 835 4289
35 48 4220
49 564 3478
171 715 4282
593 717 6153
519 701 685
159 869 541
265 814 2521
205 226 8144
273 730 7153
63 535 4938
31 594 6006
812 943 6647
740 823 5834
379 398 3244
274 993 4696
382 670 4592
276 737 4330
216 913 7919
10 22 2502
526 961 9505
39 93 5843
377 955 2319
152 976 6386
463 691 1003
292 332 1184
319 571 4264
74 833 1235
68 647 8088
66 886 3411
265 751 7436
177 836 5039
58 354 660
658 816 4406
360 945 5524
240 404 71
49 536 8117
640 712 7069
193 979 7068
18 239 6941
105 497 6007
732 915 9971
738 995 7962
709 894 3172
504 667 7087
133 752 6416
358 682 4739
325 846 1575
480 513 1326
344 720 2640
377 567 5525
28 37 5986
227 818 9314
791 997 7036
116 425 6259
398 716 2017
103 600 6168
457 521 851
352 403 7107
273 313 9963
376 510 3295
246 632 1847
658 765 3756
311 694 7827
102 262 6286
191 572 2833
294 422 2181
530 736 3607
222 368 1571
272 293 5684
120 661 5295
273 291 8287
99 267 7201
644 945 2732
230 262 6200
123 828 7934
254 624 9229
650 697 3019
88 477 613
0 831 8252
18 920 3252
273 725 4096
236 803 2152
100 759 1958
865 986 4485
264 530 9126
556 841 215
285 579 81
121 271 6094
162 431 4678
346 528 3517
141 153 892
78 468 5109
340 344 2426
336 993 2088
272 738 1104
470 845 2563
107 674 9658
525 912 6850
447 673 4398
141 848 2142
263 426 1196
66 588 3168
149 311 2633
323 800 9864
365 675 6829
312 863 3549
564 585 6433
957 984 8865
140 698 8032
64 493 2837
819 829 9884
372 818 1056
349 927 8168
151 842 3978
44 112 3341
110 603 1193
58 327 2485
566 695 4007
496 752 3102
637 825 9997
404 916 2414
568 864 8984
369 853 4253
910 930 1070
10 446 9406
119 822 6098
205 540 1293
949 976 5825
670 991 8656
48 190 4568
549 965 2938
290 826 9289
561 678 7696
149 917 7104
408 685 9123
211 637 9433
233 733 9176
332 931 3617
29 184 2067
108 490 9076
20 381 9651
577 676 1926
6 185 7136
527 593 7023
369 499 6025
143 715 3669
7 351 7271
161 516 9212
60 154 6419
300 772 5449
48 491 9294
130 306 3005
653 707 858
46 352 799
310 961 6018
179 246 7592
676 823 2647
78 95 7646
7 11 9387
345 881 6115
466 498 5769
386 691 2560
497 531 7494
130 908 3293
21 632 8952
520 887 7820
71 762 8782
211 860 4624
640 658 9795
122 553 3409
243 716 2081
492 872 9979
424 445 3611
309 647 4632
23 346 1734
76 725 1443
191 854 3719
218 912 6954
927 934 8390
41 49 3510
84 200 4927
452 833 8065
406 867 1011
420 990 6155
205 507 3343
25 456 876
546 666 5063
528 958 4906
992 994 3454
343 350 7024
686 943 205
536 572 7483
138 143 5335
172 648 6877
493 678 3998
55 657 1725
231 576 2763
206 719 8281
523 882 836
539 584 6262
324 551 2670
256 551 283
838 969 8429
53 269 8126
227 897 7951
171 436 6043
619 740 8999
276 286 6989
434 753 472
707 772 9731
32 392 7143
105 752 6377
397 479 3892
285 983 8486
147 225 134
275 301 9172
551 848 708
208 570 3273
571 957 5171
204 728 586
246 606 2210
914 920 7188
279 497 2925
265 540 7407
49 517 2399
15 924 2353
151 347 4123
113 364 8258
906 991 6259
499 614 1522
294 934 8396
41 415 2023
182 513 1163
656 743 6284
4 627 7929
583 587 6007
213 780 3450
258 272 617
45 417 8681
626 707 6707
141 539 3614
508 918 7882
7 19 3239
126 579 2767
336 695 3879
431 677 3230
526 718 8686
233 934 5548
391 607 4894
167 908 7823
245 892 9412
41 596 8289
181 549 3854
69 223 3491
499 585 4614
109 211 2020
866 975 9338
37 322 168
61 73 601
69 107 5168
332 533 1458
33 128 8656
190 246 2926
393 676 7474
4 158 8860
41 360 1319
100 125 6714
12 21 2299
105 127 8914
58 310 711
783 908 2297
528 880 5238
505 886 5877
972 994 7406
640 957 3122
323 764 6559
194 628 7596
298 761 1408
342 467 6461
55 104 5995
379 412 161
805 899 4672
45 771 3467
593 820 9576
587 804 5834
9 235 6136
61 63 123
256 470 1555
70 382 7297
15 946 6641
159 583 5025
857 890 2840
266 376 4902
514 683 3593
372 949 5407
672 765 5447
264 422 3471
432 547 671
115 159 835
3 91 305
377 623 2982
120 415 9849
114 618 7577
564 768 5313
279 361 602
18 20 4358
931 970 9727
165 177 8609
32 234 4449
136 337 1079
825 927 4095
151 256 195
105 259 2131
549 901 6772
7 55 5693
541 676 4424
120 892 8167
110 399 640
109 130 6321
311 602 1816
816 925 5002
251 802 6869
830 894 4067
615 618 3759
73 565 8486
90 650 9560
735 861 7144
878 887 9291
204 515 4326
309 841 171
925 983 96
341 784 2483
214 454 7782
110 659 2444
615 702 5736
421 555 1272
335 586 9797
64 250 4055
23 876 9125
100 505 9016
168 175 2529
50 98 2175
620 634 6571
612 698 2275
135 658 5410
142 543 3184
126 679 2122
738 799 2243
142 390 9962
625 761 1909
523 699 2085
412 826 548
687 840 9764
406 736 4559
321 720 4474
295 889 5775
70 108 122
91 603 2382
634 745 143
498 727 1045
168 228 7475
123 555 7092
162 929 6515
65 83 5070
436 585 2191
420 961 6418
241 437 6981
33 168 5899
455 605 7339
1 104 5732
568 717 4791
193 330 7786
40 565 3042
205 276 4407
112 520 131
240 269 5104
46 756 3768
101 202 871
278 408 8184
124 406 978
256 646 124
103 234 1297
809 822 9731
464 525 7590
659 985 42
55 614 4022
273 601 2171
148 393 6424
350 678 6365
767 858 3646
208 999 9725
1 34 4536
346 945 3004
501 525 3575
26 747 2647
522 755 1485
513 597 5413
223 230 5684
550 633 1412
461 547 1999
309 374 9114
611 875 3781
19 626 3354
371 557 5384
349 881 9178
843 891 8789
231 258 7340
516 767 1357
627 893 7068
504 725 9366
65 111 5839
416 732 2705
522 903 2968
306 514 1666
43 174 5805
4 72 3027
22 442 8082
240 244 1299
184 414 7473
901 938 7068
208 693 3583
657 996 1039
8 513 1110
176 544 4124
745 841 5379
364 821 6424
278 815 6036
460 707 9529
275 542 5348
776 940 7051
123 365 8465
53 196 9809
21 157 1159
324 827 3117
587 656 6745
526 580 5696
22 599 8631
29 44 8147
27 33 5679
685 769 1956
51 469 7331
256 819 5396
45 60 143
575 724 3691
489 614 4983
61 602 6732
38 728 2293
318 644 3138
779 829 4557
106 139 8340
308 537 758
177 609 2660
655 727 9504
193 817 5080
212 762 934
315 905 1823
325 961 4354
401 808 9657
9 35 1830
74 770 2945
30 548 9146
365 650 7409
237 520 9337
294 757 4061
256 584 7677
453 852 7061
283 739 895
50 87 2309
202 924 8075
99 419 5896
69 315 8242
141 537 4781
430 841 6151
437 626 1459
120 974 9273
278 438 7162
399 887 2128
142 355 8338
28 164 3821
405 527 7013
910 947 7976
177 858 1027
49 124 9679
0 24 5927
74 834 8718
222 658 8531
460 618 3033
532 718 1016
181 257 3343
276 803 3106
182 406 305
333 611 5687
18 54 3894
6 8 3913
66 795 8633
53 469 8626
91 478 6730
20 355 9148
179 180 6800
148 615 2707
257 873 3846
261 265 13
161 214 3599
457 494 8363
589 926 8728
569 871 930
511 979 2546
620 874 8991
664 666 1479
205 453 405
618 975 2332
80 922 8923
638 700 4366
200 389 3762
314 703 5912
153 236 5449
413 441 2258
829 941 1537
36 463 4192
51 437 6761
254 830 5827
451 817 9730
199 426 696
166 221 8987
754 795 1019
356 591 7509
343 947 620
143 416 5153
575 964 5102
868 932 4919
105 629 6385
513 875 5027
834 884 6307
259 920 7905
493 743 4828
56 800 1965
75 962 9586
173 308 186
170 304 1733
144 249 6947
432 900 1206
454 600 3418
53 318 2017
683 805 155
111 818 4025
122 616 7688
488 892 1162
248 292 3485
491 712 5585
5 657 3520
155 737 4851
41 336 4682
769 855 7621
506 589 7621
127 182 9148
210 338 9391
253 726 8347
540 781 3448
166 847 7584
166 275 6169
600 775 1369
41 320 506
422 560 1209
46 53 4930
75 949 7363
502 651 3357
286 580 4838
504 869 6789
744 936 3031
23 152 9941
617 645 6467
795 994 6145
342 512 7587
41 570 3627
396 947 4042
19 241 8089
125 444 231
54 235 4795
497 935 4397
76 563 7769
57 137 8086
375 557 5768
179 865 1794
408 451 9719
646 992 1965
464 508 3508
504 688 7316
235 258 6358
5 459 3523
309 313 6900
308 491 1011
183 678 2884
124 137 6333
162 380 6965
194 288 6121
167 473 8612
309 463 2322
277 402 1114
430 510 8385
474 722 2618
72 481 737
19 260 9539
53 848 3476
737 956 8238
62 926 8906
442 797 7624
516 519 5080
406 830 4931
369 794 7791
790 937 2208
288 340 345
410 543 7393
22 297 7106
368 712 9482
92 947 5654
314 475 7139
23 499 5953
78 694 3570
329 868 4428
252 421 3332
818 834 7556
23 388 9457
753 811 7763
318 672 4447
448 553 6807
206 781 4662
36 964 4538
110 198 7272
122 336 1079
259 673 1822
443 608 5329
315 595 7336
214 453 4707
66 86 8502
324 766 3718
721 729 8341
724 781 5247
340 803 4068
344 507 2541
756 901 2573
92 276 4167
18 45 4066
572 626 6747
94 405 495
6 50 7034
109 731 6523
619 778 3693
95 655 2229
251 861 1179
69 282 1390
381 800 2708
602 723 7680
219 240 9867
11 81 6218
221 878 3603
598 722 4787
323 347 9893
236 274 6411
75 669 4397
644 733 130
96 247 4651
409 810 2455
414 719 1969
148 948 7062
145 593 4616
598 917 4931
65 520 6860
599 645 9080
430 949 1003
59 361 2437
47 80 1596
282 432 2713
113 601 8493
238 368 7987
85 636 7096
879 978 1818
60 100 943
218 921 5877
415 764 5214
354 744 5034
122 416 590
150 492 5018
148 460 7393
532 766 516
279 643 5639
674 790 4661
512 552 9156
47 443 3484
80 279 4317
194 977 4487
77 121 2765
551 559 4702
820 868 8382
285 700 5542
634 708 9100
399 990 1472
33 35 584
124 538 2109
368 950 2156
152 814 6287
281 445 5294
357 742 5554
628 927 7718
363 536 2744
21 101 4800
29 171 448
224 919 4347
15 387 289
151 384 8904
393 592 9321
121 183 379
741 885 6888
72 201 8836
523 566 7601
260 955 399
539 846 8343
491 928 6376
276 302 1741
538 713 2040
727 770 9409
281 372 9331
233 812 271
95 430 6287
161 376 1465
732 851 8181
163 387 3520
209 657 5798
250 822 9593
177 263 533
296 316 6714
234 343 7735
16 576 8885
372 485 5230
6 348 3102
107 189 138
54 64 2083
176 833 7732
560 910 7714
558 664 4106
862 974 7084
179 384 8439
3 90 1649
663 690 6819
509 926 7415
379 596 9034
834 941 8460
799 973 4836
390 814 1526
462 504 853
230 362 6943
541 550 2522
103 903 5750
350 888 3247
4 792 1357
283 541 7478
47 88 5928
5 7 1816
96 656 9707
0 3 9929
215 359 5427
592 631 1652
13 32 3335
126 684 9869
87 188 5205
636 721 2600
459 834 2630
32 393 5414
427 567 1337
404 715 3419
75 739 4805
208 321 9126
7 222 9558
257 910 1079
582 662 8040
147 356 9258
490 558 7558
434 538 8196
201 369 7284
5 383 6327
333 421 5966
684 709 8575
38 456 8604
70 462 7782
379 447 2857
35 652 2336
55 313 6
397 467 2870
35 880 5055
393 880 2904
297 729 2458
293 984 3399
296 433 2202
159 734 3996
82 181 7495
720 882 2262
7 548 1390
935 944 7937
762 982 8298
730 801 8980
181 625 6383
3 695 6461
759 993 6949
237 807 8917
306 573 8258
56 213 7146
118 701 7711
204 215 4590
366 974 7824
274 927 2055
502 518 3241
163 484 6194
3 4 577
361 560 4495
109 126 9995
31 38 2302
625 815 7212
506 900 3565
52 367 2542
590 695 6395
133 601 7247
33 453 1013
132 407 5694
17 169 3702
555 951 2558
581 675 4681
240 465 9712
9 572 9321
173 753 8024
175 529 5420
462 914 2509
860 968 9852
247 870 1057
650 997 6446
445 648 1199
757 806 1216
244 993 4
389 835 493
163 937 1230
148 425 1431
216 480 2148
622 852 8985
687 758 4122
33 295 1008
44 765 3415
98 187 7058
735 859 5534
371 385 4564
400 425 5824
430 707 3281
248 295 2597
167 281 6714
36 68 1314
301 707 5806
14 17 1889
651 767 6927
258 261 7385
715 788 5465
460 901 8228
43 622 1665
740 959 169
705 776 917
24 589 2429
524 862 6681
93 435 9826
121 476 3459
86 299 3307
838 962 1117
205 449 2626
266 995 7462
442 847 8418
64 193 389
420 503 5359
534 992 4826
115 874 5085
50 565 2513
135 173 7412
69 176 858
321 427 719
101 558 4721
124 727 2612
165 771 400
150 371 5174
116 595 391
3 557 2424
3 21 4132
736 864 1748
556 660 3826
200 935 4203
620 949 9368
300 358 8105
419 982 8177
24 66 3144
333 516 1268
808 813 2145
8 775 4680
272 949 494
8 937 3867
180 620 2581
230 559 2866
275 615 3991
54 101 9699
246 857 7539
39 474 1761
306 761 57
188 996 3205
34 118 9302
347 351 5990
380 575 2796
537 967 4426
57 397 1553
67 284 1322
515 674 4921
958 975 3802
36 454 6174
19 475 4878
69 864 8930
9 975 2224
640 697 4937
322 637 2283
829 916 4878
472 760 8746
874 928 1975
244 796 4905
506 823 8572
51 377 1646
173 424 3420
57 631 7210
151 339 6548
142 603 1603
21 428 498
418 620 6478
51 719 7812
406 609 127
152 521 4815
157 427 7690
12 237 7681
136 286 6047
164 983 2952
267 320 3430
648 735 7819
131 799 8981
587 719 3270
624 650 8503
132 969 8756
638 777 3711
41 938 2258
169 837 7089
45 148 3254
135 979 5975
809 839 8051
31 945 3734
640 919 797
47 923 4025
229 286 1884
523 569 5951
180 311 1094
654 818 699
225 363 3483
289 335 7077
349 775 5425
70 120 6669
229 419 7363
73 114 7238
2 252 7544
527 909 9758
569 802 7358
163 568 6081
118 858 643
299 829 3336
635 742 4253
29 103 2135
178 406 8489
428 577 1774
126 413 6801
767 996 3277
413 630 5368
156 485 1690
743 899 86
134 220 3659
0 28 3252
50 213 6295
307 395 3194
151 594 4965
674 916 5063
57 219 6135
85 300 3813
483 511 464
45 854 4091
128 859 9775
215 400 4546
405 432 4997
273 341 2972
454 509 1874
519 544 243
276 723 5701
115 689 2530
3 688 9271
45 872 6384
63 69 8047
176 576 7457
50 71 1841
380 408 3704
303 665 9821
0 23 5755
40 171 1012
813 871 1346
87 333 3956
793 975 2814
557 595 3233
37 377 7007
454 839 2303
245 636 6204
130 878 6569
363 487 9629
337 816 5770
65 172 1348
369 985 610
694 715 8962
429 854 7462
27 192 9398
211 989 5794
14 36 4717
106 248 6097
64 785 5391
620 891 6130
106 410 181
319 477 1873
238 875 6339
495 861 4943
27 238 4479
11 526 958
444 453 8383
93 414 7861
96 249 4530
55 345 856
594 933 8056
294 972 5206
320 556 7018
199 608 7467
171 687 9533
231 554 9202
699 879 8400
0 25 3608
140 149 2795
8 550 8381
537 754 676
329 981 6570
421 745 4203
105 265 3144
29 109 5157
512 669 3300
443 483 1832
9 278 2741
94 742 6891
3 714 6909
48 805 9271
5 92 4144
180 582 9946
157 159 2116
779 831 1521
344 787 4228
409 815 3928
308 403 4579
612 695 9349
388 764 3014
155 749 7425
90 94 6974
6 14 278
188 307 2369
594 710 5002
79 242 8361
38 653 2270
101 408 2328
867 921 6743
723 821 601
504 648 7654
350 567 8314
373 909 8120
703 984 8482
108 113 733
261 599 6340
95 773 1737
280 289 4819
503 589 6774
661 941 7592
144 277 1761
579 677 8724
35 309 7001
262 417 6725
312 683 437
74 97 4301
129 544 9844
169 576 1014
725 744 4774
403 842 4250
282 777 5330
137 303 8290
828 874 471
81 366 2296
21 57 8911
338 405 901
275 475 3577
255 433 5177
324 413 1592
584 655 2686
282 439 4946
155 197 6765
487 716 8513
595 955 2349
182 738 1300
108 865 8578
3 734 8123
465 934 8536
233 396 1033
132 853 6977
345 561 5989
301 458 2451
12 30 7546
305 572 6656
3 9 5370
251 999 4621
129 613 8169
413 447 9089
697 862 1273
315 633 8681
120 621 2214
119 876 296
427 767 1441
248 635 3363
132 688 9976
202 711 9749
333 379 5960
101 223 7864
364 374 8445
337 991 2431
280 972 2864
101 379 2176
92 598 6958
490 834 745
109 230 1223
151 640 5834
143 563 5112
347 686 4116
248 998 5905
72 496 6063
20 85 5081
634 680 6664
36 136 6531
226 703 7798
302 622 7181
69 724 6036
452 887 5344
656 741 6762
164 944 2483
59 633 2176
439 733 7829
76 963 4103
106 378 4143
139 667 6999
146 697 9464
378 482 7726
3 160 9917
768 903 796
221 846 4820
551 747 8691
407 542 8083
270 743 5647
365 406 8112
199 262 2153
205 612 7322
16 500 2376
409 936 7772
343 998 2478
786 877 3813
752 800 5458
106 762 1149
221 266 9067
40 247 9218
85 363 9631
8 280 5984
619 714 2785
213 306 6882
207 292 6716
187 239 4987
797 849 4421
137 451 3618
78 498 165
28 978 7862
679 791 5857
401 967 1328
97 896 4305
8 274 7962
63 433 6437
392 931 7527
229 644 748
586 661 7000
74 168 4147
21 31 7985
153 234 8687
17 437 2451
304 798 5276
21 872 2430
691 839 3375
667 959 6247
427 489 1995
679 718 1817
9 651 5266
6 13 2355
68 298 7685
386 784 8536
62 89 7359
65 132 8618
20 320 2530
403 590 8094
649 917 2554
377 791 997
167 429 3104
696 756 6531
196 987 5480
88 654 4240
209 267 7997
258 519 4741
482 797 606
5 400 7143
275 785 1319
479 792 3516
57 58 438
20 767 9430
1 2 5244
75 662 6632
283 509 4779
606 637 4033
116 179 4920
174 691 7076
204 272 5735
35 39 7238
411 733 5315
213 654 4550
46 872 1973
120 294 6092
172 904 557
627 886 4731
607 919 3331
605 611 9630
141 850 1782
21 100 9875
706 717 4233
14 40 278
55 207 4228
385 424 5475
448 612 1809
14 131 6531
0 678 7550
955 971 4832
693 803 8949
93 133 4582
37 587 6107
46 530 2367
70 786 8065
592 815 945
409 898 1711
571 794 6208
87 578 7282
176 290 5129
163 299 114
247 346 7648
844 939 3854
137 142 2235
640 835 5138
277 801 2458
1 368 3341
523 526 7950
439 467 2816
135 159 4612
839 907 5645
827 949 3593
9 204 3400
189 680 1004
290 563 9894
897 949 7447
400 728 4520
749 836 7594
665 740 7553
268 542 7697
460 681 5984
173 283 7000
303 948 6930
212 782 1119
22 77 3688
441 617 5645
277 757 910
732 749 5325
53 588 1704
307 778 6285
526 897 8932
219 369 8190
338 917 5422
49 287 2336
367 385 3328
58 116 1122
418 704 4396
129 353 8141
252 645 7972
136 609 7678
593 911 5221
155 942 7627
152 395 8907
548 956 1313
133 981 8069
449 630 9781
456 698 4590
51 134 8947
8 206 1859
10 741 9361
0 123 2159
284 740 6825
58 952 1527
451 852 2369
168 610 6264
522 758 1578
28 29 6943
129 373 9125
203 700 3576
405 462 2403
54 652 63
860 999 9172
520 781 1843
539 996 1662
24 660 1343
289 538 5413
264 819 2038
114 334 9552
514 567 9163
281 891 6134
188 232 6829
71 161 6465
215 636 1223
255 273 6781
316 603 7391
26 668 4919
664 728 7141
506 881 7220
18 151 6520
92 866 8924
76 245 9966
105 495 2186
447 883 7492
185 777 9903
442 975 7834
407 798 6343
934 967 1737
836 985 5441
544 764 4546
21 731 2313
340 476 4338
166 258 714
721 878 1551
75 96 2728
308 806 584
134 518 74
79 355 5357
59 62 5537
260 969 675
316 400 2652
369 748 6912
98 105 7195
128 398 284
179 604 7068
217 255 9003
180 208 9271
83 604 6583
473 909 2002
237 960 6475
573 653 932
149 150 451
11 862 2235
541 629 3935
527 611 8274
701 746 7964
91 545 6399
70 79 5143
83 733 2103
76 787 4727
19 534 2282
199 270 9315
707 712 9276
552 684 2294
520 698 9078
44 480 2316
244 375 2389
274 852 9642
162 394 3883
475 577 3251
11 51 503
217 724 3483
442 828 8023
305 442 9164
862 925 7504
52 977 5962
61 908 7696
519 769 7014
579 855 8701
46 800 9
146 264 6882
259 305 3909
82 360 6210
256 523 4369
280 443 440
284 623 8615
142 591 5308
529 703 1782
47 166 8410
45 115 4024
513 822 7021
623 854 4211
541 883 2118
194 514 8538
495 812 7665
88 140 9302
75 178 8969
851 918 6020
163 831 4128
478 754 1985
46 420 1494
456 552 5733
947 954 6635
39 331 7241
30 58 5976
289 564 6912
418 530 8299
503 548 7196
392 646 8188
5 199 6171
266 872 8795
161 229 462
284 696 785
67 660 7996
111 257 5286
22 41 3785
79 253 1690
430 652 321
183 491 5734
15 231 1263
364 913 2943
57 200 7785
64 65 2011
244 555 3787
290 908 2372
317 854 7532
853 975 1239
76 233 2748
43 297 4574
673 746 7757
288 958 5980
264 916 3062
469 871 3819
64 325 713
0 16 4790
114 207 7267
842 946 8910
318 770 9078
275 832 7426
391 427 9754
184 205 4619
93 976 4026
761 909 182
327 929 4982
22 491 7703
485 839 2438
185 192 3252
591 640 3228
332 346 2974
471 567 5018
59 545 1181
346 764 4207
108 845 2762
64 102 6417
521 867 9601
443 515 4955
385 418 2964
459 651 7448
497 547 6523
4 392 1533
14 963 5856
77 244 9890
49 396 5846
113 920 3780
160 204 47
88 167 8858
50 796 2695
621 885 7449
201 469 2061
159 491 4625
319 505 6336
399 501 2436
123 132 5520
348 612 5619
102 280 4106
20 296 53
304 726 2350
182 230 3083
124 653 4216
624 820 3492
101 215 103
949 987 950
386 581 596
398 471 7526
133 151 4662
222 586 3645
84 144 8577
46 78 1799
54 486 1278
240 435 9890
225 513 2452
96 356 3326
82 99 2920
526 847 512
105 136 7140
51 110 2571
903 920 2814
438 875 7209
225 630 5253
32 61 849
43 851 7319
343 795 8225
116 256 5860
189 784 4702
93 934 9481
558 649 2092
458 989 8904
335 432 8551
172 224 864
220 732 3986
65 154 1863
168 594 7409
155 265 8055
576 783 3765
85 633 8421
136 576 5187
304 978 1829
132 668 5013
38 765 2473
59 352 4366
189 517 6878
268 844 4344
310 748 1881
435 598 299
333 803 70
162 892 6075
344 929 8223
549 793 3016
363 495 932
312 841 5362
170 425 2607
277 370 694
281 520 567
253 518 483
644 730 4284
348 622 4059
79 156 504
499 915 4773
174 926 7901
177 638 9802
3 6 8181
84 119 5535
677 736 9621
415 418 1465
120 312 3270
157 411 2870
325 458 5756
203 417 1463
66 191 6064
411 774 2367
678 988 5899
667 968 3177
0 12 7565
131 680 6205
506 557 7343
109 285 5681
400 979 9620
20 841 1282
31 74 4044
472 701 3824
143 253 1559
603 805 3866
453 766 1445
306 983 5116
578 953 8564
191 871 6059
239 546 1329
59 750 2000
272 697 9619
219 503 9788
160 390 5905
91 573 4086
35 968 9115
716 723 4647
102 870 5074
535 789 2041
187 469 2743
238 899 6662
537 995 3470
300 329 7601
186 338 2238
139 212 3227
296 440 1301
305 386 7109
193 369 1192
523 793 6245
214 918 2523
692 900 9345
674 898 3997
59 153 4940
452 853 4199
8 18 9860
360 481 8382
473 620 9396
398 912 7848
42 587 6330
555 641 1923
147 531 1780
177 216 5892
516 717 7444
74 875 7898
43 764 6467
71 678 3479
389 826 9609
89 659 5464
53 76 2463
597 661 4399
46 59 5328
138 660 3210
108 575 9797
121 337 740
204 391 6594
249 730 4355
452 680 5275
58 147 1761
161 502 2173
194 742 3344
78 238 6118
254 324 7707
117 503 5318
198 442 9244
311 779 708
314 328 902
13 663 7511
550 712 2198
381 772 7443
115 928 8175
85 867 8346
225 912 3496
927 962 4557
174 309 4219
251 600 2557
230 388 4655
194 323 1948
187 773 5207
612 645 3663
17 27 5598
57 349 5123
624 805 3219
290 658 1992
292 961 6810
812 824 3457
581 930 6889
68 163 2180
56 873 8388
20 26 8705
363 763 1456
1 10 6368
172 797 479
142 947 6323
521 802 2282
101 412 6454
44 307 5665
386 902 8459
379 955 6498
524 908 9867
348 364 2398
96 435 1528
159 165 8574
224 254 3782
472 830 3270
347 550 7970
62 966 7750
277 409 6205
388 404 5205
620 843 4139
733 817 9133
503 849 146
176 811 8658
788 920 8586
411 430 4269
260 742 397
242 783 6246
217 615 8550
344 950 6443
14 42 2371
64 149 2794
42 170 4253
6 194 1628
260 475 6665
132 217 1870
189 779 7825
410 856 6620
13 382 880
514 570 7993
75 324 1338
151 912 9242
405 825 1303
205 642 3646
76 935 5525
394 534 6322
31 824 5628
60 91 5828
314 349 4110
295 939 3958
87 259 6716
50 370 2251
86 536 3627
93 122 6572
137 833 761
649 721 4036
220 918 3080
193 261 9305
13 478 2419
332 380 9293
63 162 5555
130 195 3071
481 613 1781
183 463 3413
173 210 6892
417 574 862
219 807 8401
250 314 5448
570 694 8799
18 156 5922
774 784 5723
128 538 7155
40 52 3734
115 218 5742
125 518 6239
398 827 1169
574 809 3688
124 337 7668
678 889 2103
558 628 5847
241 906 6042
302 595 1514
596 998 7587
554 759 8446
16 464 6849
585 687 6185
334 339 4307
432 761 1202
224 563 7501
596 724 7650
277 967 2444
355 948 4320
557 823 233
422 551 8645
349 368 5937
312 705 6943
333 766 3874
169 482 5754
194 833 7631
549 957 5430
524 755 7221
473 750 8513
4 201 190
37 203 2372
619 775 3940
714 721 1622
387 625 3692
56 67 4468
91 138 5984
31 633 3670
85 602 9256
174 706 3022
357 393 7288
129 209 5863
82 227 6026
381 447 639
652 980 2991
105 307 6369
49 905 8714
252 464 5789
251 672 5696
541 706 9048
116 689 9359
105 841 6698
470 490 4952
536 597 8342
736 900 4265
168 768 7509
98 999 1346
33 251 873
280 787 1697
31 470 9125
41 813 4416
174 326 5074
151 271 3482
273 423 6997
266 813 9130
685 850 9592
20 559 3278
29 323 4028
271 772 4571
56 82 1505
102 254 6835
129 135 6427
37 450 8291
423 968 4715
80 944 4791
391 692 9911
9 650 7958
282 317 1513
668 799 6766
440 522 3678
398 401 3276
586 671 7891
129 484 1989
860 960 8433
343 785 5884
592 820 9314
128 863 8908
68 764 1367
46 151 513
14 500 1339
12 153 5296
80 656 4004
14 542 7252
300 387 1487
286 491 3158
211 353 542
57 553 7231
252 268 2176
406 992 1403
64 70 7716
112 445 1057
629 740 819
473 958 2364
364 804 8097
219 693 2056
595 840 8098
407 472 7145
557 747 7853
557 934 4824
47 56 186
8 155 9951
208 940 4098
450 640 8917
271 949 1950
117 238 9783
373 455 1496
223 562 8750
13 84 9159
604 760 5985
14 43 549
38 661 3822
263 488 8833
141 344 9183
804 831 2483
90 298 358
392 656 6241
580 659 687
41 206 2171
603 610 5464
19 256 6278
364 564 9095
358 438 1190
118 402 9867
48 355 7380
420 482 5047
0 1 5372
305 326 3389
639 6996
