1000 2000 1000 525
651 678 465
91 107 7013
251 633 3629
730 803 4423
112 395 9898
315 801 4310
342 765 8489
422 446 7608
316 370 6356
355 589 322
369 565 182
90 610 7134
478 863 7209
693 986 4993
856 929 527
167 771 9685
183 482 5459
7 320 3054
39 420 5872
85 405 6508
141 383 9947
884 984 9386
309 381 8020
199 974 3089
14 67 5526
167 372 116
263 760 8574
191 382 5176
345 743 7075
53 776 5767
340 711 5174
7 853 8790
235 650 5446
521 991 8132
533 798 1567
533 918 5554
217 564 3423
361 549 9573
326 464 7093
11 12 178
607 779 5013
13 603 4307
253 517 6199
616 770 6354
199 405 1272
16 670 161
253 903 1305
84 111 4811
624 977 8532
847 854 3763
0 1 1108
243 996 7665
206 779 143
189 992 9590
124 700 2266
185 596 2825
298 991 2007
97 667 961
317 681 7523
86 367 2068
695 890 7672
617 715 5676
174 421 3442
373 376 8803
15 719 6442
729 980 8487
89 103 6988
256 283 2624
482 916 4297
261 440 2740
114 782 3654
81 617 8285
329 335 714
510 534 6277
503 743 2914
259 628 263
157 547 687
536 958 8081
464 748 5338
375 989 697
146 195 2674
19 595 2756
26 39 1079
421 643 7653
382 647 2946
212 622 2702
591 597 753
260 698 239
570 990 7877
192 596 8957
25 83 2155
5 333 2580
274 479 5110
840 911 8484
663 775 5510
814 994 1585
10 728 4590
918 945 3234
33 644 6475
23 84 7228
105 631 7788
75 549 2708
151 918 9519
243 651 1
189 758 4944
490 696 1479
53 71 5761
65 448 7563
325 712 8788
180 459 5214
265 574 3530
254 498 890
609 667 5689
2 16 5960
12 14 2334
195 329 5097
238 477 8970
66 72 7922
30 101 8604
233 360 5817
356 978 7221
515 693 1898
183 337 8074
51 307 6321
641 705 3552
695 774 8516
220 315 7817
126 148 3568
210 803 4619
638 881 7583
694 810 4849
585 928 3086
196 218 4538
3 275 2987
116 142 3927
218 576 6114
107 706 9455
87 106 1141
150 755 4523
101 296 6500
243 369 8403
20 401 8675
232 378 8749
330 879 4634
6 18 7815
192 984 3054
339 638 7711
155 990 1114
169 278 9543
687 997 9184
504 621 9956
438 464 2802
408 947 4814
61 438 9602
20 67 2197
319 483 7227
876 965 1234
575 844 2847
355 984 5385
289 829 1043
224 871 9323
549 834 5665
51 85 8374
216 606 4417
514 619 3591
30 639 8756
346 522 1014
404 649 2940
59 65 7040
83 518 6383
521 738 1031
16 59 8456
23 186 207
551 787 5563
247 838 1863
444 989 410
379 816 109
399 498 1462
175 972 4729
90 860 2747
640 926 3271
335 487 2523
40 161 8343
111 465 8942
89 717 3521
304 417 4413
178 724 6473
332 736 217
437 852 3095
458 729 4941
357 591 9973
264 475 3086
179 294 1233
333 579 1510
542 839 5228
31 825 8325
551 899 7788
307 377 6713
260 295 1387
830 900 2492
82 307 8622
325 864 420
74 763 1695
320 638 101
245 892 795
207 854 7563
516 838 2443
27 699 1075
209 309 9067
248 289 2582
411 504 5971
56 328 906
340 386 7680
30 366 7190
37 117 6915
859 997 6420
101 450 4641
541 632 1768
21 658 3666
801 979 2675
173 190 8293
30 480 2623
127 386 3064
780 860 9005
520 734 3904
351 578 8100
164 335 176
145 177 576
150 795 9556
470 713 4993
258 728 721
75 217 2331
126 695 2701
35 679 7052
6 42 5093
55 76 6928
905 993 6643
191 854 5779
436 514 374
320 335 5892
358 596 9719
668 774 697
17 500 6307
250 646 9863
94 197 9870
138 602 4724
164 305 5198
185 442 2673
278 528 7988
195 322 7713
34 165 2603
566 893 8656
198 239 403
87 894 7132
189 772 368
709 790 8040
531 689 7325
44 73 8655
292 817 5725
66 688 5108
48 713 8444
129 356 6024
78 224 9249
122 896 3604
543 771 8142
91 144 7512
90 151 3548
315 358 4675
341 871 6430
164 732 6640
102 169 5590
343 837 8818
98 343 7632
72 166 7171
634 955 6227
459 994 6893
210 215 4548
63 318 6358
728 913 3034
0 537 2329
153 820 1868
244 773 1495
50 198 9001
0 823 459
736 961 8346
14 483 8439
595 786 771
708 971 2723
86 189 2154
187 241 1058
157 713 3549
382 764 2031
262 434 8688
272 801 4720
46 171 9581
15 53 5031
52 392 7791
209 641 4517
456 685 2857
183 913 9838
375 712 4952
376 394 9833
989 997 8665
148 862 8088
130 935 8371
287 712 1896
222 433 6085
288 756 8692
98 371 2964
332 545 1426
16 341 7741
299 303 6778
143 544 7385
356 431 9024
443 515 9632
20 272 4619
87 147 761
74 497 4958
335 662 6924
118 759 4301
243 834 3763
61 91 4463
624 788 3137
54 124 7213
315 614 8561
34 87 5609
413 472 7633
90 316 5449
153 452 2179
791 819 4254
204 577 9243
344 804 5043
175 600 7832
238 445 8727
344 838 6593
732 844 8965
37 652 6300
27 191 8872
495 671 98
636 659 6566
3 109 3757
464 554 6336
477 788 7401
126 894 7994
4 81 8656
520 555 9518
320 473 5259
44 214 8809
286 994 2122
63 120 4166
186 235 2501
532 887 579
682 865 1210
306 458 8879
155 296 3417
501 749 4887
74 543 9041
50 82 4145
11 652 7349
294 424 2954
201 435 8210
311 333 6711
255 986 9410
622 922 42
472 475 3233
463 802 4158
46 94 8922
54 86 7051
1 12 2311
184 832 6228
36 502 3203
351 885 8366
408 673 3585
269 300 154
33 527 9539
5 223 2402
27 428 2311
326 944 8612
273 944 1829
229 494 2561
199 565 9243
739 757 6841
11 630 5330
144 231 5161
59 238 9452
613 816 499
221 752 1333
6 932 7985
187 942 6286
27 108 5225
112 187 5462
658 811 8171
225 515 4521
600 985 2264
143 453 3935
462 974 5799
302 388 1377
300 943 3065
111 165 7604
22 64 1792
440 889 1328
230 434 5113
196 937 2906
9 497 1312
960 965 6766
647 824 9797
605 664 2761
207 250 8315
599 845 6424
17 154 7056
15 941 5589
238 432 1089
552 670 5402
202 704 679
3 23 7225
542 615 8775
235 600 6312
552 706 8951
6 802 7428
47 58 121
212 449 6281
112 314 90
56 230 2451
107 993 7162
252 949 3802
53 55 5412
528 594 7480
88 185 17
140 322 7837
45 196 2718
240 645 6635
195 413 6416
1 88 6159
672 679 9667
271 745 7412
465 491 7214
717 960 7949
632 670 6519
131 714 2017
8 202 5893
117 214 47
479 921 1600
106 773 8396
178 409 3051
327 584 2309
174 384 7120
5 921 7479
176 972 9863
193 788 4402
1 609 2985
478 650 9418
78 98 4027
703 874 618
338 821 7110
399 546 2507
339 946 7949
5 639 967
473 842 435
612 986 1566
157 400 5631
68 336 3708
508 835 4616
42 114 5181
23 48 5306
168 564 3895
331 491 8348
284 638 5225
385 915 3167
0 213 2168
186 484 9126
175 675 4323
4 460 7362
888 993 4087
333 499 7095
267 551 2471
409 920 5748
658 682 8325
41 133 445
871 994 1025
248 678 7819
237 699 5935
646 983 8777
185 220 2304
232 975 9646
271 588 5940
265 328 2929
247 265 738
563 939 7898
183 268 4271
29 60 7627
95 379 4544
36 459 9267
18 237 8776
628 770 9542
507 864 9584
348 681 593
238 808 2783
546 640 3649
151 641 9345
209 927 1683
496 961 6960
210 293 2960
725 909 6996
137 552 2831
583 740 8392
679 896 5961
297 410 6085
255 938 1852
200 325 7165
9 590 5554
6 518 5986
11 13 3898
409 594 9432
21 634 1591
5 674 4124
644 812 3375
507 637 2070
168 604 5614
534 569 1783
198 957 6070
119 201 6770
117 914 8972
484 689 9225
19 64 486
423 658 701
448 476 70
92 387 540
228 458 4731
37 70 5689
311 330 9578
431 766 6175
401 510 8270
540 705 8287
541 837 312
719 906 4177
64 244 9251
254 767 4949
166 422 607
13 17 2796
770 806 7578
557 973 3159
368 537 7099
406 715 3341
310 645 6497
767 972 7052
117 222 6493
499 847 8642
264 311 5662
493 891 8366
183 648 4253
198 872 8980
359 754 7770
705 907 3612
212 366 2425
95 368 5471
168 522 7644
0 961 2582
282 634 7884
796 991 2101
12 20 3506
301 618 852
789 860 2739
49 179 3962
674 837 7453
534 690 3917
66 847 3761
195 722 3157
442 682 8872
3 34 4926
102 381 6714
84 172 7138
171 527 9631
86 865 8495
7 161 1726
553 962 8097
777 842 5065
125 240 6476
380 781 5466
108 358 7880
954 993 591
146 484 3960
134 148 8718
190 793 5836
293 809 7840
293 415 9747
789 790 9483
60 441 4687
332 573 4017
589 829 1685
412 733 5472
87 205 8370
826 982 5032
902 916 2156
475 838 9214
471 990 2669
73 739 3623
370 723 2490
410 552 9458
719 840 9875
433 602 2052
656 700 5186
79 651 3981
740 841 1378
301 806 22
148 469 7658
543 592 3225
469 660 1498
158 303 6236
220 351 5491
543 571 1341
156 261 7172
639 900 1295
118 390 6269
160 162 6725
148 207 1200
214 351 5590
415 656 824
281 464 8832
144 397 6479
184 984 2196
149 274 1264
194 718 3905
132 934 5189
81 138 286
7 46 112
28 260 6160
248 789 8253
845 883 6250
199 963 3148
173 995 679
292 616 1306
374 455 6797
311 819 1565
64 513 6869
594 934 9157
330 521 3806
195 543 350
126 657 9420
84 474 8627
238 876 796
395 803 7761
227 817 4728
477 753 6632
81 597 2255
386 902 6824
26 559 6045
249 930 1021
2 3 4204
202 385 5063
151 596 5995
125 204 7774
211 999 1984
694 938 5612
638 842 9172
34 167 853
948 970 5614
65 599 7303
335 689 8292
258 373 2418
313 525 6778
482 563 9923
224 826 2602
151 531 5300
77 532 6642
564 639 1110
665 952 9793
35 299 9767
239 322 5862
574 915 5673
125 831 4616
646 663 2937
13 313 5152
82 570 8929
37 899 4271
306 396 277
57 181 7721
415 952 4384
537 953 6215
257 997 5227
739 938 5859
228 571 5739
845 847 5076
403 503 3891
139 325 6072
127 137 8168
420 922 8031
453 463 9168
212 260 6129
349 642 102
15 546 4045
736 871 5429
49 224 2326
204 414 6193
4 32 9057
183 790 6394
108 485 5804
42 102 3728
863 958 629
448 565 2705
219 856 8857
560 673 2473
361 668 9286
19 472 5507
81 861 1443
64 344 8352
189 375 275
407 468 3247
120 141 8681
702 974 4944
171 286 8105
20 30 8489
114 300 3150
251 347 8028
112 204 679
328 664 1632
138 274 6221
626 741 5680
206 265 4866
408 448 675
138 546 38
206 827 6799
238 562 7012
346 742 4137
93 349 4707
476 910 2152
153 887 3268
107 118 4966
41 621 7279
90 246 9108
32 367 9376
173 230 5792
586 799 7187
33 131 1502
528 982 5776
503 912 8549
205 404 5567
61 255 1520
233 448 8969
323 710 1550
149 393 6357
479 914 1194
489 942 7883
162 340 4603
125 735 4639
1 2 2977
285 836 5814
311 427 185
61 97 9583
186 304 7095
313 708 8364
379 815 9010
99 112 9351
72 266 774
275 462 7507
301 996 6216
217 584 5698
584 796 3286
749 880 9215
561 962 3940
64 277 8608
483 824 8169
105 266 2496
349 741 1247
105 522 3802
409 425 3171
43 281 3675
665 843 611
98 740 9546
138 278 9525
201 389 7399
237 372 6718
114 178 4039
790 881 3636
212 298 8160
447 786 8941
63 188 4476
487 705 9235
244 770 6835
223 927 9107
5 37 5018
172 228 7864
112 369 7994
112 848 1465
248 339 2355
443 532 2275
323 328 8706
378 695 3303
207 672 7845
131 976 996
110 753 6678
33 326 8019
44 327 618
531 974 9836
42 123 7609
58 147 6130
232 913 1077
109 813 1930
549 561 5044
499 882 8932
227 784 4382
253 942 2286
578 947 5488
143 242 6963
246 284 3405
499 512 656
395 503 2274
505 623 3306
351 418 4992
95 968 6013
62 142 6563
871 875 3382
337 664 6625
445 833 2769
300 878 5062
231 346 3262
40 68 9035
44 368 8764
246 718 2897
50 267 8245
295 741 2980
1 71 6933
320 539 1484
37 104 5525
693 785 5280
280 717 1271
47 95 3696
157 601 1265
220 678 9377
270 787 2180
185 459 4940
696 789 7776
566 980 1133
300 602 1515
325 834 6846
57 607 9314
176 262 4890
46 62 8222
101 797 9529
38 361 4656
49 691 4275
96 287 70
324 689 9562
100 363 6385
70 155 2125
48 878 164
18 300 8320
31 488 5416
55 251 9718
566 764 2422
21 976 2840
204 278 9550
70 281 5845
739 955 1360
30 99 4528
243 759 9411
96 329 7748
395 798 4794
142 492 7057
165 919 213
261 914 6234
602 937 9738
346 826 4906
92 461 6000
341 930 6706
494 576 5220
33 892 7109
21 48 1191
126 533 8768
4 11 7947
407 809 770
249 834 869
218 914 2443
565 859 2159
740 880 4170
7 91 4785
353 386 2659
41 116 1780
74 443 2912
802 936 3191
141 172 6319
101 863 1683
193 997 8654
195 248 6566
12 180 6385
286 352 319
723 925 4585
692 967 5530
783 976 9164
28 75 6231
353 359 8955
124 338 3647
43 59 9796
191 589 1101
224 914 8165
617 827 6121
583 928 2256
198 852 9518
552 553 8280
745 771 3465
529 804 8186
78 544 5565
235 278 8673
304 535 8643
540 858 6946
577 606 1478
399 831 972
162 471 9058
30 45 1875
290 385 6714
36 181 9304
361 936 8678
364 966 3390
703 832 998
230 431 8149
400 411 3159
245 568 6549
203 329 3948
549 839 9664
391 645 5208
45 90 3692
456 641 9496
99 227 7655
430 478 2560
73 194 1430
95 145 1620
0 762 9983
1 376 3709
421 553 4671
66 837 6762
28 31 7743
73 209 6977
302 604 4135
58 702 3506
302 365 713
294 882 9991
168 841 9710
55 566 4784
401 904 8504
267 563 3609
73 256 6707
718 743 6348
431 995 207
899 929 9983
240 551 5370
694 821 5619
25 647 6207
90 523 6559
909 948 5171
62 440 4068
342 712 5314
264 800 8138
293 480 6925
28 169 9733
160 572 2021
478 529 2135
256 401 4833
174 498 4549
15 74 2085
11 539 602
117 423 2445
18 548 2903
346 974 7669
169 920 5097
437 665 2683
23 127 8947
328 645 3119
732 957 4886
134 386 7339
200 508 4427
451 754 5055
216 703 2041
3 130 4539
67 159 2316
510 709 4636
34 359 2164
106 403 2462
559 643 5929
712 823 6321
108 685 1922
217 674 6461
87 538 2699
405 698 5509
283 296 5897
718 740 5445
233 485 3621
490 692 9775
190 718 2354
6 168 4747
152 428 6090
581 701 1006
84 430 2395
100 211 5183
597 827 7304
484 757 8607
228 341 7324
200 235 5538
152 342 4652
94 593 9697
430 617 6462
224 324 6817
31 617 5239
84 186 9216
24 670 6814
178 610 1879
773 933 7896
455 914 5700
286 524 9297
38 191 3729
406 464 4135
91 898 580
249 292 3541
244 977 9242
215 584 5111
121 927 6050
805 871 566
462 518 6938
197 385 7809
704 990 1736
354 457 5455
488 956 7336
46 558 4648
138 157 5006
361 892 5198
842 984 7614
339 677 4397
639 762 8820
22 134 3958
44 75 1368
78 135 5711
474 867 7531
496 867 8516
246 583 3791
148 581 4132
0 100 157
824 893 4650
882 951 9841
116 236 5280
114 311 8712
237 263 9289
800 867 8760
3 746 8086
460 708 2753
70 110 447
19 92 9031
70 128 4162
61 841 3324
351 945 3768
155 216 7943
230 855 5631
125 385 2689
330 915 2766
114 954 7906
137 312 3276
73 118 1396
47 917 5249
797 966 137
567 792 4382
90 714 9546
78 628 7129
566 819 4717
20 540 5053
318 740 3058
419 468 4994
20 865 3210
138 150 3800
527 749 7662
18 627 9512
241 853 8720
761 930 8579
425 709 8203
638 782 6901
371 946 7725
512 840 8436
160 182 6553
265 676 3156
272 538 2444
75 357 2394
48 303 2259
215 481 3368
484 832 895
480 714 3257
702 808 6587
18 22 962
120 907 1254
731 898 7361
208 281 9759
607 945 3059
322 461 4485
258 921 4597
104 179 8822
198 595 6571
83 418 2451
130 824 2286
362 717 1291
288 680 9526
196 234 5045
205 791 4115
647 736 8452
7 40 7073
351 683 3405
116 285 4762
27 461 432
66 154 1192
242 365 1348
193 821 2606
24 143 1391
271 557 5287
439 975 3761
24 212 839
1 5 644
37 258 3172
739 864 8106
33 536 7871
357 924 8661
183 385 8925
914 957 2434
203 262 607
948 967 6463
134 514 2041
177 846 5673
310 899 3474
6 797 2310
352 552 1234
326 442 1586
548 583 1597
55 744 8966
749 769 3488
330 645 9946
359 719 7650
600 912 3042
372 384 6349
162 278 9306
202 259 1482
652 780 2823
143 514 7817
505 690 8101
173 302 1185
19 451 6752
354 952 9577
7 8 1779
690 848 546
530 851 11
447 567 7375
433 543 2765
146 498 6863
123 482 3071
554 620 7677
551 634 8456
68 136 1385
423 565 7966
397 603 3513
123 282 1375
97 769 5789
479 645 276
263 348 3955
7 38 7824
354 959 7330
358 949 2400
315 426 2772
540 773 5345
7 63 8832
144 608 3164
437 651 7487
506 613 3122
389 783 5599
190 605 2219
94 864 799
412 499 173
311 962 6915
346 445 5862
23 105 4837
56 96 5187
144 960 1552
2 145 2272
484 532 7670
285 623 9288
296 464 3237
315 491 7875
577 988 3896
525 953 3911
723 921 1917
645 697 2742
57 317 881
87 419 5204
352 749 9015
299 945 1889
230 296 775
294 727 5685
108 210 5322
517 668 766
341 711 7643
393 479 4332
82 935 1798
131 444 5990
859 896 3906
101 626 5388
174 450 6669
315 621 1883
606 730 62
95 714 4346
424 826 2902
162 737 1873
137 418 4460
92 288 4798
296 868 5471
789 931 4692
26 166 1017
587 628 6021
837 859 290
192 319 8350
740 981 4984
389 512 9645
842 855 2708
155 505 729
216 260 5640
382 769 9107
401 410 7190
243 354 9552
7 584 4014
223 510 3497
77 869 7801
232 557 5076
591 717 1535
3 624 7314
102 656 3133
509 726 7943
250 399 5121
12 56 2150
78 252 3586
101 410 97
200 725 173
45 96 9427
103 415 7673
718 929 2031
101 261 6371
587 874 3796
206 684 5284
506 511 7734
178 485 5750
109 411 246
315 468 2716
52 408 9803
717 727 3441
77 843 1856
191 490 4036
530 926 1676
265 528 326
56 958 8871
172 939 78
659 868 9780
833 849 8091
240 778 3015
176 225 6927
573 969 3352
73 535 3606
152 674 8143
610 908 7934
364 381 9721
42 965 4945
17 21 2886
305 655 8973
12 54 6606
147 153 9900
558 993 3457
186 594 343
326 337 8475
108 156 8384
627 798 6277
141 696 345
24 122 2658
226 885 9095
427 723 798
117 465 4157
561 769 6963
171 187 7119
322 401 4985
890 930 332
614 798 3084
268 321 5945
64 378 3702
105 995 7372
229 251 8973
69 750 3082
236 371 5967
466 759 2138
581 890 3194
407 981 2511
270 364 2270
251 982 5388
17 79 5686
377 719 7826
723 788 7628
293 656 1016
610 871 8614
318 516 5257
613 618 7645
319 984 6052
566 772 9426
70 967 5938
8 9 9036
244 477 9416
160 626 903
94 323 3702
381 713 4749
304 541 5981
207 747 5922
859 999 4463
754 879 9907
559 785 9087
0 480 2247
62 558 4284
151 323 9163
919 947 5986
82 89 8053
522 822 6889
836 969 8415
4 963 8572
40 639 8112
173 392 7681
261 619 6019
254 751 9003
81 132 212
709 992 4958
179 425 1238
283 960 3280
403 700 7152
577 890 8838
90 293 9072
82 451 8190
41 442 9185
536 972 3613
78 435 6340
229 247 8777
471 676 7450
117 802 3479
7 432 3638
0 10 1776
0 885 95
471 793 5054
465 876 6275
83 494 2088
694 827 4428
607 745 5467
135 338 2870
388 567 76
453 788 5542
24 611 6292
653 670 447
341 752 9619
863 877 7315
761 814 9997
485 984 1731
249 888 3833
219 357 7579
4 391 2679
748 808 3130
16 229 2153
385 460 4768
272 994 2760
557 873 92
167 691 7894
37 731 7315
625 747 6157
131 416 9479
251 590 6994
105 113 5149
113 133 9435
133 876 1761
210 978 1143
501 795 8495
225 484 5069
89 587 685
28 403 2257
126 488 7733
64 206 3209
11 193 5940
578 886 9725
355 631 8361
258 787 8541
145 615 6830
209 687 5419
299 644 78
858 899 989
190 881 4215
756 870 7556
3 6 900
43 163 6655
8 24 3318
18 334 8152
240 968 2450
106 270 3225
595 959 8198
284 935 1250
848 970 8380
401 496 2660
138 350 9216
64 363 8915
363 511 3192
188 548 3070
30 170 9018
19 688 2915
326 497 9376
166 842 3680
561 814 5631
373 782 1890
36 304 2184
282 743 7730
5 684 6416
66 780 5350
351 675 1430
81 498 3936
150 275 6713
667 781 7758
894 933 9552
305 316 3983
505 794 1454
508 833 3126
39 119 7886
190 783 7688
80 168 3540
26 579 4623
311 626 652
747 880 9096
285 994 6212
179 653 7450
24 549 895
382 630 9757
18 19 2765
318 963 7743
93 684 3333
497 673 7083
395 605 6062
584 845 7115
248 773 6249
72 924 4116
218 464 3697
31 286 3879
273 524 1663
286 290 4179
477 563 367
487 507 5367
172 694 9554
108 662 7653
423 728 3178
471 600 4577
8 486 2211
320 668 8186
46 224 3585
22 632 8529
307 497 9091
197 630 8048
29 387 7259
75 866 2192
49 901 2476
357 920 1695
22 376 6730
195 726 1131
47 691 6926
48 172 8433
12 170 3888
743 847 8261
198 446 4702
71 325 4679
260 313 9115
195 436 594
49 61 3044
114 393 7151
367 699 7201
75 78 364
198 437 1210
339 951 4942
369 813 1660
336 631 8323
175 332 9564
463 867 774
505 813 1769
22 202 6937
29 174 6354
350 488 1888
9 17 2934
6 44 6243
31 935 8076
417 649 7438
790 905 1419
674 883 9978
190 447 6342
699 852 6335
81 337 4270
23 217 314
542 933 1549
140 398 9015
95 242 3573
739 951 445
133 932 1065
76 83 8481
41 183 1669
544 766 2896
33 806 684
2 844 9595
215 656 811
458 462 6310
342 410 8612
285 782 6664
272 963 4911
160 176 8860
343 635 4224
82 129 8930
73 236 7845
327 329 2846
14 439 1729
484 601 3015
138 641 6977
337 493 4374
124 653 6965
292 799 660
388 761 7435
337 954 4977
1 139 8876
261 612 2385
16 613 6531
376 498 9091
456 826 7089
82 331 5979
203 532 2143
770 954 6196
741 761 5184
208 979 7232
118 410 2231
262 800 1630
170 555 5931
40 69 850
294 306 1465
29 200 5566
167 249 7006
29 394 4377
328 342 1086
125 501 7642
527 801 9602
668 680 9154
28 43 2951
267 815 8686
601 784 9381
48 276 1013
309 710 2717
81 474 2807
150 894 519
2 7 5218
273 535 2247
267 697 2595
129 636 4133
70 84 5713
364 538 6851
513 542 5098
205 385 1372
437 467 8624
37 100 4532
63 950 8913
272 373 4660
164 273 8015
676 902 4424
18 47 6617
288 739 9808
118 763 7084
623 709 4512
71 326 1918
216 768 8203
484 970 8646
252 812 4661
595 629 898
237 593 9044
294 702 3005
286 327 3169
198 253 3995
806 995 3460
292 941 2892
386 484 2691
231 279 5388
134 573 2475
264 489 4467
735 988 2866
635 934 2460
383 916 8893
483 946 1779
734 743 7459
701 917 7700
46 627 6142
83 936 5941
56 145 5307
0 4 9533
99 829 8824
380 644 5862
426 989 6234
38 131 658
56 654 7902
169 807 8810
442 575 2497
744 945 8730
157 632 6981
23 77 9974
717 737 3857
441 520 8057
288 350 4609
401 420 7850
18 941 693
258 270 7902
746 828 4109
455 543 6268
505 731 811
512 931 7974
42 489 5665
12 35 531
398 406 6713
8 33 6632
502 980 4240
242 834 8178
150 549 3182
153 437 4615
143 158 7186
407 612 3250
545 666 9386
95 232 2656
375 429 187
930 941 7112
504 930 5585
405 956 1023
127 353 5944
189 556 6942
20 49 6793
445 870 3978
247 811 8522
202 378 2214
85 254 9423
45 328 8254
258 939 7238
745 770 3491
233 243 3884
825 935 6185
660 721 2813
244 533 9628
144 149 7373
140 869 9163
76 251 332
641 671 9095
572 805 5386
328 398 8357
132 308 2757
879 974 4493
109 311 4677
303 814 1637
232 880 3770
376 921 8053
468 951 5976
239 482 6870
14 846 9681
381 392 4452
11 50 7597
128 855 420
666 935 8379
941 998 7555
39 44 8059
37 548 3453
262 488 849
166 744 9959
238 594 616
141 833 3569
225 560 2306
41 966 9446
142 291 9865
213 412 5435
192 808 3162
483 774 8949
95 211 2080
708 872 1063
138 361 1150
30 164 5080
456 745 9734
25 374 1045
10 26 8056
325 755 384
292 468 5377
110 135 3663
82 158 3165
145 828 8576
529 704 9940
105 754 3722
414 626 6513
393 495 5997
623 777 1805
65 66 3005
416 967 5534
364 404 2897
702 834 7398
69 192 6818
363 516 6113
156 611 7468
470 517 3162
452 987 320
30 429 485
413 646 8407
336 970 3122
149 636 4669
856 949 9804
382 689 3797
101 478 3963
703 905 3542
420 636 127
375 423 5992
32 537 724
621 858 7751
7 52 1044
245 932 9354
605 610 746
514 552 8247
199 469 7764
302 530 4593
348 975 9381
99 115 6262
580 618 1003
35 129 9290
159 272 1298
62 187 9684
154 160 2717
6 454 118
26 120 5451
2 388 23
557 885 7746
48 102 8995
76 536 4782
0 233 7619
278 614 6955
36 180 7529
260 643 6528
78 326 2566
518 582 4423
724 793 9604
394 793 3079
327 334 5411
259 436 7341
412 785 1632
454 488 8119
850 923 4116
179 297 8791
224 245 8438
106 735 8016
229 470 9899
918 987 8192
66 395 44
339 407 5033
96 624 6541
260 872 642
386 772 2170
339 807 2835
176 524 1897
91 559 599
246 914 1403
7 792 5040
14 286 3740
443 615 5693
466 580 8081
85 226 3478
307 347 2214
677 705 8328
285 936 2547
510 901 7401
392 572 977
505 870 9380
363 585 5737
215 805 9128
178 368 5808
547 557 3074
46 51 4194
64 459 3799
528 705 54
152 932 1471
119 630 3725
411 691 7569
100 366 928
263 534 8815
383 895 1460
266 788 833
381 642 1962
121 434 4460
217 334 8242
366 716 3808
156 981 3071
223 586 8643
480 830 8574
646 941 1409
12 93 6712
209 871 1868
258 740 4094
189 768 7238
68 801 353
17 977 8452
514 675 5662
190 219 7393
161 550 5507
66 310 6638
163 676 5937
38 775 8638
29 160 7195
706 814 4949
73 173 8475
393 417 6597
23 125 187
543 581 8573
218 269 9223
350 394 6174
495 679 5823
46 203 8428
290 357 2549
626 699 8206
529 649 9675
875 978 4557
345 763 9239
458 598 7961
293 470 7932
260 277 6338
426 597 5557
94 779 6750
542 707 6341
638 663 2516
113 478 1066
474 716 8312
430 818 2486
157 861 8451
32 36 2261
519 601 1121
901 958 5496
155 257 4823
73 146 4851
188 973 5572
377 715 9988
769 787 651
261 425 2999
314 834 8279
453 897 3192
18 877 2903
131 210 7710
346 466 5407
143 288 8632
289 519 7301
397 812 5859
392 957 134
571 657 4121
540 667 5313
832 963 6445
520 843 8583
117 432 9942
514 623 3709
482 540 8180
227 409 2205
85 140 655
299 326 7374
277 940 3305
777 884 9126
560 659 1439
44 221 1530
84 442 5993
501 740 328
122 229 2237
239 380 3314
45 286 3210
530 850 7796
46 629 3413
123 686 523
10 195 5047
394 531 3080
17 625 3877
704 945 9000
741 839 1059
688 786 4835
139 498 1981
717 723 514
182 226 3552
2 15 6245
153 540 6062
42 85 2168
180 642 2780
606 648 5918
16 80 7885
776 857 3450
395 823 1157
127 283 2422
6 645 4545
172 213 3414
130 333 3247
20 41 6886
106 418 3963
243 509 1275
417 752 5842
516 851 2862
183 834 9705
413 873 7181
91 910 4250
414 809 3041
180 666 2550
13 25 8905
878 896 4806
696 747 3381
167 926 8524
193 455 3320
108 964 8396
424 661 4337
193 271 4196
154 252 4580
489 957 6841
211 579 7202
281 526 2100
34 208 5683
553 747 6681
145 385 661
189 633 7636
45 779 4475
140 362 1692
4 184 8405
23 301 4733
195 851 2928
448 598 8057
394 767 2034
622 632 6732
673 720 1463
708 822 307
971 982 3666
232 670 568
84 366 1864
286 315 7750
208 678 110
266 355 4161
23 664 1731
82 787 2153
553 580 2421
449 981 9381
74 527 268
117 885 861
218 578 9492
692 881 2225
218 987 6877
19 561 49
62 760 1338
582 886 9699
156 320 8341
696 822 7050
65 927 7542
75 818 5811
284 589 6476
625 859 2737
874 937 2955
120 598 6053
557 569 1374
209 785 4685
38 585 4343
30 417 3545
175 538 7000
12 28 3278
250 669 9383
391 883 6084
5 27 5442
503 643 1424
155 511 8583
161 264 6465
886 996 5470
28 29 5305
513 920 2129
241 280 5701
10 456 907
157 487 5112
20 57 2671
24 559 4825
675 787 8492
115 815 3873
674 810 9265
365 979 155
169 729 9690
107 121 6135
45 905 8217
237 721 1874
256 264 5326
173 506 7080
139 576 6074
53 477 7119
751 920 1898
11 183 1337
250 402 6001
43 234 8619
298 546 3088
333 900 9826
117 968 6577
339 426 1471
470 866 1059
49 152 8712
187 925 5695
121 529 6215
371 694 449
407 748 1944
96 199 800
61 126 607
73 345 9754
173 175 7494
162 440 159
514 11021
108 6956
702 6761
54 3838
728 5359
269 4596
703 3662
933 9915
447 3434
36 4326
401 1310
881 13078
708 6718
209 13920
418 5945
24 6688
811 2259
215 10083
641 802
727 7163
138 9346
48 105
399 2832
305 9228
268 11098
348 4689
675 1181
530 4878
331 7925
360 7083
227 5186
330 6232
319 595
742 1613
450 8860
508 11856
113 13195
899 6555
521 11362
549 8985
436 7950
415 3756
658 1261
617 4330
894 444
737 8932
618 6350
356 14848
0 9235
119 6033
958 5167
176 9019
123 6131
460 13367
747 7396
395 9074
776 14060
512 10338
298 3784
987 12574
503 5401
363 14568
387 10611
822 1049
94 10720
511 12186
61 14411
440 10615
103 1948
326 8820
586 13453
682 13521
197 2782
845 4020
700 8940
166 1815
324 12342
306 8584
849 1904
606 11065
948 3088
916 9055
179 4387
183 5984
960 347
406 6565
352 12140
341 143
367 13569
262 12647
374 14910
182 1296
785 11353
635 4562
947 1423
154 19
393 8845
643 1423
798 8526
474 14499
650 3253
722 1542
575 14560
372 8354
533 14963
571 11146
679 2863
241 8721
937 2245
596 10608
670 13287
371 3824
710 2246
315 4132
97 11822
91 11839
959 3701
83 842
543 3540
981 367
870 14579
86 5856
297 6908
934 7234
996 2675
155 5638
876 680
212 12085
673 5315
336 5986
248 11232
854 10489
654 12435
769 5971
1 8592
562 12206
3 12981
803 11204
385 11968
685 13312
850 8428
701 12657
82 14788
76 5631
565 11167
302 2920
144 8710
964 8817
221 6623
557 13950
608 9978
779 1389
132 13145
312 2241
519 10702
927 10054
873 309
465 6245
111 13155
797 13138
827 550
409 850
567 6583
359 1397
71 10960
627 9397
211 10728
621 12164
392 2163
278 8606
683 3297
559 1291
931 7480
15 5609
925 9292
746 1977
121 7343
355 7614
307 3279
936 683
965 4524
884 5541
823 11197
538 12345
478 650
261 11939
135 6359
497 6861
263 4826
220 12863
594 6566
802 12415
19 9512
719 13240
432 1632
288 14422
300 11520
242 12410
888 4980
604 11449
628 5050
984 11957
763 13654
247 7451
296 5357
715 9520
539 8691
860 7850
342 13079
773 654
90 11265
705 7350
265 1724
942 12606
695 1526
573 3229
531 5325
640 9630
711 4486
369 11927
289 13445
112 7175
950 14337
226 8645
553 10163
64 2788
455 8600
953 5145
716 13214
758 7116
187 11500
70 4563
867 3960
835 13410
842 5715
192 427
994 3558
16 1833
96 2865
203 10817
752 2394
213 3901
150 11660
863 8496
853 272
975 6320
53 1726
240 1745
855 10036
210 12033
349 8583
303 8146
630 11427
778 5313
527 12997
545 6044
940 5645
28 5872
541 3198
929 14004
255 115
207 7702
294 9809
439 9614
109 4249
932 14481
974 7311
425 5671
504 14046
922 3512
665 11699
820 2753
587 9270
137 7788
59 2558
956 8232
446 1418
51 7319
905 9836
435 6378
830 11412
920 743
592 13764
781 6762
969 5881
963 9952
223 12611
277 7687
477 4217
699 10031
988 4633
878 14438
366 9560
163 4784
709 4566
585 839
8 8084
67 2423
613 780
578 5832
75 14178
368 6294
692 127
454 11373
232 1527
88 2354
470 27
966 9624
794 5922
689 11584
821 2921
424 9956
588 2800
52 13637
907 14458
506 8099
666 2070
26 4798
759 3904
104 8285
416 5947
142 1506
244 8040
500 2857
561 12613
468 6001
788 5644
140 8355
623 2328
668 2215
729 12278
400 3117
556 9193
732 10608
599 9730
158 10148
428 137
636 4709
841 3787
44 3252
897 4541
976 10
118 4970
749 11263
194 11329
205 857
361 10303
389 14087
945 6395
812 9331
404 8743
791 11789
228 5599
145 13608
917 14919
27 754
750 4903
279 3027
309 14199
437 2109
414 3797
253 1455
875 1717
625 7906
495 4202
12 5999
900 7568
741 13396
564 334
347 9989
744 3158
615 6302
496 2931
840 5458
672 3241
955 7537
56 10506
501 9824
572 131
893 10469
39 6148
47 10380
200 6244
997 5159
714 6171
105 3055
566 5892
626 4937
230 5263
783 451
891 4338
652 14324
848 11483
832 3152
476 12021
122 11732
411 233
698 11620
760 13715
799 9516
376 7297
740 4434
537 5066
321 5139
299 5894
184 352
772 3388
622 6107
271 626
851 8117
574 8412
983 13939
390 5828
98 12508
734 2082
979 4441
633 2674
413 14037
275 5084
639 13189
509 6711
755 13205
581 6408
726 8261
826 9375
171 4977
351 3385
101 2429
340 956
17 14265
858 14563
441 4192
680 3109
120 11529
301 948
482 11281
580 7877
292 2294
943 14266
961 5244
353 5240
838 2183
712 4604
22 10976
912 6436
713 4582
282 11484
165 8639
457 11178
153 13713
116 718
662 113
659 109
733 5021
77 519
159 11463
33 7267
234 5940
290 565
149 5409
459 85
846 1656
554 13926
646 5060
813 7382
50 2495
328 14637
114 1471
868 5735
767 2605
809 5023
632 5488
614 6267
388 143
502 13849
619 621
736 7883
410 12293
896 13232
188 5967
995 8698
833 10004
148 99
293 3160
398 13449
688 11541
915 2015
169 241
354 5064
329 9659
513 12927
834 6625
237 14315
818 14119
7 1443
490 13066
291 14005
434 13448
890 8989
488 6391
481 663
81 10776
790 7907
466 6255
204 952
350 10098
438 1050
518 9704
638 8716
718 4731
753 1996
918 10461
651 14586
949 13370
249 3910
95 7916
684 14446
889 9036
92 11994
238 3342
603 644
962 6594
738 10650
999 10530
542 547
919 14790
254 14966
162 7488
839 850
180 8776
128 676
757 14808
431 14051
264 11986
707 13104
563 9766
951 11400
597 14748
14 964
877 1787
394 1462
408 2250
5 10986
364 3765
313 1719
89 9547
20 9236
85 14651
11 10023
985 13716
489 4283
510 4390
601 11739
671 11875
445 13179
380 3448
206 268
127 10518
611 38
219 4439
970 9564
383 7413
316 11045
45 8093
492 12601
805 12421
195 8454
126 8586
663 4335
804 12900
156 14664
335 12303
256 143
914 9976
13 14780
43 869
236 10243
694 3060
717 32
880 1052
720 9801
72 7852
317 12517
824 10654
909 1924
224 14708
386 14277
133 4002
944 12607
208 10736
982 7510
475 3147
901 13210
29 9829
332 2647
754 12546
494 3588
479 10235
902 9630
471 12630
491 1226
609 14321
4 10526
859 8807
724 9159
152 6471
529 9021
125 2112
676 5201
379 11045
910 603
37 7060
980 4789
251 9682
607 13525
610 2496
882 10719
906 6427
579 5963
66 14249
107 5169
295 6524
161 12489
60 3070
32 13313
231 3119
789 5785
829 6565
412 13846
595 4526
631 13967
285 3551
550 4305
507 6466
202 8130
704 2083
547 9778
730 9553
898 11572
427 8669
706 13816
681 14435
190 11279
558 9139
886 5340
2 10277
677 143
443 13015
130 10031
836 11100
743 8754
6 12051
473 4353
819 1407
593 13973
458 2629
141 453
151 5766
520 3633
181 9471
941 441
764 9978
344 11161
856 14567
792 1243
131 8840
952 14848
429 3242
986 10083
117 1974
284 3755
345 14438
463 227
62 13953
252 4966
864 7512
861 6593
31 5056
667 7452
186 14404
756 10595
10 1121
954 13819
978 5127
276 4460
664 1731
456 4347
65 6531
444 10239
551 10103
68 4989
534 3954
139 11490
42 2532
373 9382
493 4239
852 1976
570 2066
63 9378
770 4117
217 4928
274 9012
582 9296
721 10558
233 4495
526 8805
189 2917
260 4041
136 510
311 185
420 4802
405 7614
808 8154
157 9947
828 3176
323 738
505 3760
523 7872
357 7085
365 11692
657 11665
816 2139
218 1416
267 10162
589 3394
806 10323
731 12561
735 14655
257 13454
314 3
693 7918
375 7557
483 3695
938 2699
283 8983
751 2528
908 326
407 12796
115 1956
448 3103
469 6690
871 1417
874 1870
196 6114
99 110
555 5230
229 5059
442 6287
160 2999
761 13278
310 2540
825 2072
544 9750
173 3049
46 8043
687 7533
245 7878
536 6263
358 4149
993 7048
524 13574
903 4237
800 3682
25 4862
396 10456
887 8623
426 7128
647 6158
9 747
453 9496
462 7074
402 1143
259 5479
451 11433
21 12343
129 5374
686 5063
146 8224
287 820
270 6752
653 5419
935 10047
584 9279
620 13669
784 12811
216 290
266 8487
723 10746
560 7820
381 7689
725 6084
382 12124
762 7150
644 4323
250 4803
774 9896
430 1439
771 8320
637 12693
787 8672
661 5896
484 10932
391 1489
280 12909
177 984
801 3425
843 10817
384 9855
782 14243
568 7548
745 6340
55 12664
540 617
535 12709
655 8639
246 12136
697 4596
243 11480
892 12439
273 12843
327 694
939 5890
815 10574
272 6499
74 8885
57 5372
397 8509
525 5641
516 7001
793 12429
134 2636
678 1235
102 6229
110 9723
40 11412
869 7386
569 14835
807 13630
629 8191
957 3065
911 13195
286 2654
338 14964
847 14308
486 11431
548 5936
624 602
235 9115
106 3825
58 8363
334 4259
452 6256
18 4295
991 6724
214 12297
928 13251
461 13727
304 8883
258 1553
35 3891
73 9662
674 6341
857 6080
696 5041
796 8032
645 2158
904 7078
320 9463
786 14506
924 7458
38 10552
308 6743
775 5807
87 2472
164 6685
199 3337
191 3924
810 6100
34 909
546 3765
464 8889
93 1669
517 10675
660 10868
602 7419
590 2395
844 5877
998 1070
80 10768
423 872
605 518
487 9185
143 12400
343 5709
780 11234
178 5463
971 697
422 8385
172 11316
78 8330
967 9872
865 12626
170 3202
591 8599
973 1776
193 14521
198 6927
421 13109
777 7345
528 7227
992 8152
883 8541
333 9575
100 5574
433 647
598 8919
346 9234
768 3759
147 7836
913 12898
499 13156
377 9277
690 13223
895 11055
649 7509
174 3274
552 13844
515 2031
522 3546
766 4366
831 14286
879 13677
79 1291
30 797
201 943
748 13176
656 6161
577 7647
167 7922
281 1687
23 4905
403 4516
634 207
378 13939
419 364
84 4356
339 14449
467 5978
449 14878
765 4854
648 2727
795 13440
222 13923
576 12409
946 420
923 13671
185 2341
322 14106
814 10618
921 11687
872 6229
885 1879
977 7419
41 14854
239 6298
837 4646
417 8642
532 5204
862 692
612 9603
739 3033
318 6793
990 5723
691 3719
362 6785
989 13241
472 8658
124 4038
972 1716
370 7612
480 1308
642 14907
968 4657
930 14270
69 4296
616 5641
866 5138
498 10914
175 6822
168 10362
49 3659
669 10805
225 12228
926 1226
337 11303
485 13463
583 1886
600 1466
817 5388
325 9082
