800 1500 800 705
155 348 9525
182 324 186
595 634 6768
172 328 3043
343 482 9079
144 794 3752
43 483 7508
192 493 8630
397 797 2349
288 343 5497
212 551 9853
294 620 5138
273 687 1811
13 562 8469
54 69 6752
480 790 4045
43 61 1381
571 799 6271
248 686 941
3 204 703
491 772 8064
47 530 3205
346 503 355
42 572 7920
10 67 9993
254 719 9628
501 505 742
144 674 8303
448 602 1513
110 733 4312
234 256 4981
250 487 9816
97 179 5729
83 172 9021
39 416 7799
88 522 2354
102 518 3365
598 629 9586
705 774 5891
515 761 4356
315 751 5021
197 239 7596
46 492 7984
527 620 1172
89 217 7038
17 605 681
363 442 8944
192 787 4803
30 257 8880
50 713 4422
197 436 8026
226 610 4276
573 656 7169
233 419 491
315 397 3711
138 524 856
81 134 8563
491 570 9064
36 216 6187
154 220 6857
300 540 1998
400 680 8832
635 715 2504
136 520 1588
27 266 6425
635 752 2957
238 340 2771
29 105 4433
285 753 158
132 311 4708
75 667 6272
496 629 9651
163 180 7663
5 149 2008
540 670 9148
36 75 8146
59 384 2764
619 762 4109
397 732 8246
281 399 7656
452 480 1699
302 419 3404
110 141 1471
640 738 8750
248 738 293
112 251 512
188 633 6889
76 178 5202
38 393 9126
297 754 8461
27 609 8534
14 36 6202
95 136 2043
496 616 6155
631 765 3541
65 111 2341
32 73 9397
389 655 5465
91 427 533
81 295 7674
116 187 3717
354 457 9386
170 615 3311
580 610 6050
10 732 1695
35 517 663
41 44 2886
403 544 4428
271 394 7754
336 538 9345
92 650 2814
133 310 8605
308 538 2970
50 353 7303
291 443 5476
55 89 8767
85 95 5312
332 382 3292
235 384 3112
494 770 6407
195 268 8917
14 786 9374
42 196 3694
122 395 1909
44 93 7752
46 74 7365
61 708 1856
674 747 7314
472 721 1719
53 59 8666
268 325 1993
147 437 7224
301 439 2111
709 756 3926
336 582 1228
159 277 7697
45 465 3632
326 722 6547
756 782 6157
444 733 4545
1 530 2611
103 181 265
74 798 7020
128 449 5136
466 680 4602
17 621 7846
147 225 2602
137 386 406
14 534 8574
163 539 4960
151 491 5663
272 391 9399
409 545 8657
345 484 1295
35 605 4416
157 344 4376
412 558 171
242 582 9027
349 548 506
86 245 1636
36 79 5098
561 629 8916
30 49 1515
191 233 3376
434 795 959
360 787 134
221 430 589
128 381 480
471 574 7783
113 329 4807
412 553 1880
313 583 9294
281 656 2000
194 484 5105
214 374 9949
423 745 388
318 708 8376
375 573 1824
327 755 4709
134 186 8685
209 339 7738
37 84 484
243 523 5884
386 552 1089
69 271 9731
48 249 9799
226 391 2697
332 452 3889
160 571 391
285 649 6281
201 710 2986
41 695 6531
573 663 3442
132 785 2494
209 611 628
264 469 5871
310 484 3337
368 748 8779
87 637 4814
95 195 1045
16 24 8230
294 485 2623
197 457 6115
339 451 5771
111 458 2561
53 98 323
0 569 7892
233 247 6536
480 740 6450
110 385 5853
358 420 6975
4 39 338
56 217 1949
454 753 8624
765 793 5978
173 598 6342
37 97 5129
375 431 6729
124 164 8697
41 436 2766
119 707 3481
156 198 3457
205 339 319
264 430 1223
360 477 8640
168 270 9649
137 458 5586
216 382 9192
136 765 9112
413 542 5018
76 641 1773
193 461 3124
388 453 7269
132 795 8737
598 767 5421
80 650 2914
39 119 3576
88 130 6067
72 290 2845
534 735 5593
271 333 8569
94 218 3083
306 389 9800
15 486 9980
223 450 8519
56 328 5406
23 41 1210
495 551 6298
54 380 2087
41 175 4347
223 259 9607
587 742 8774
36 221 9071
24 169 1492
418 487 2610
422 738 9637
139 246 9382
78 320 8664
66 115 7534
201 360 6714
585 681 6394
367 689 6502
16 22 3296
122 305 9391
260 278 9454
169 194 1712
238 313 4290
59 668 3509
323 502 4871
230 673 9112
297 335 2186
9 19 4395
115 784 3540
81 107 7795
157 669 897
75 81 7529
586 615 4106
28 144 7191
15 759 4434
511 637 1854
14 62 8925
52 128 2373
1 80 1919
176 498 5769
252 664 2408
260 585 5794
7 100 2133
208 367 3326
540 772 6139
42 481 1717
289 627 1178
7 606 8886
117 631 6580
438 686 3645
43 464 9343
96 201 2240
181 783 6945
0 49 4414
411 591 8073
364 428 9294
144 489 618
144 450 7859
60 156 9003
455 458 5441
61 788 8007
389 793 3215
374 682 6168
265 296 7530
154 619 1046
202 510 7334
435 460 1979
558 588 6071
49 365 8167
199 501 9383
229 463 53
297 321 2240
14 439 1841
280 439 4000
75 112 890
607 703 9675
60 544 911
417 647 831
294 777 2458
223 726 1018
17 81 2697
54 599 5352
200 647 2270
346 375 3621
133 154 4271
279 424 1570
42 391 7512
337 719 4478
54 124 9421
476 595 4731
444 549 5020
180 737 4432
120 178 7030
644 785 1096
88 459 2256
359 545 5520
507 621 795
1 90 6908
153 315 319
417 617 8231
515 696 5513
44 168 8021
693 706 6312
36 438 6351
109 361 8538
154 187 8079
202 422 8818
27 73 6583
285 660 8032
552 615 5237
564 644 2388
67 525 533
523 760 3906
298 500 5209
36 270 34
125 701 6234
187 468 691
140 202 5355
199 213 7061
291 655 3803
108 472 1631
248 407 574
254 552 5925
396 657 6796
19 83 9202
221 294 4974
246 528 5061
261 275 8143
66 418 3540
127 691 4070
101 114 5732
519 756 3265
8 639 1038
461 684 519
125 530 7559
77 582 7591
38 406 5169
561 796 9913
225 672 17
343 489 8112
502 662 3304
457 668 258
612 723 6806
371 701 8728
4 226 3689
434 708 4788
12 625 4843
259 672 6157
123 242 8693
81 700 3603
32 169 8748
428 714 4094
42 173 3989
182 214 9156
303 783 4397
307 366 9235
12 506 3809
462 494 6698
140 345 1198
244 408 2822
128 462 3264
173 446 8571
106 594 997
485 514 9863
460 688 3402
641 689 8132
140 218 8051
405 498 5883
3 471 3388
12 375 7795
69 211 9118
183 243 7978
310 364 142
56 734 1776
169 347 4521
81 255 7707
318 425 2810
299 758 9520
288 470 3411
489 739 2601
347 434 9156
156 241 3001
49 188 2347
349 734 9023
105 354 5278
406 770 9849
26 46 7059
107 314 4465
119 286 9593
47 54 9003
69 252 9785
127 735 2751
408 556 9335
67 716 3756
125 582 4286
457 732 902
56 219 4835
179 408 5137
557 628 3690
419 773 6281
276 400 656
179 267 1387
4 9 1384
82 439 1521
270 445 7362
484 686 444
155 235 1680
17 691 1026
20 108 9412
11 232 3721
222 323 9029
661 676 8764
238 705 9380
296 371 6002
489 633 9871
140 142 5602
142 781 9176
192 728 945
110 356 3299
347 653 8475
20 391 3980
70 546 9637
281 392 3007
371 423 4585
229 697 5154
106 597 7343
81 243 5631
222 262 3748
125 237 9494
190 523 7075
442 688 9207
7 597 7540
323 467 1872
132 258 7363
64 138 2858
252 330 6770
441 515 4695
168 340 5170
85 697 4837
46 521 9832
91 262 8156
202 345 8961
54 699 9093
34 743 7230
21 782 6765
49 54 3600
5 93 635
75 154 5569
362 755 1008
208 621 3969
213 320 4782
206 259 8747
289 321 3420
246 309 1605
154 470 126
146 272 6601
548 560 715
489 582 1770
258 468 5556
238 456 776
3 719 2875
10 189 9378
405 776 6685
614 650 5956
68 607 6372
109 159 4585
276 628 6639
52 232 2001
289 697 2175
227 276 226
131 602 89
757 764 9884
2 683 7563
114 507 5697
206 739 6614
346 733 551
30 696 5708
710 781 1410
595 712 9399
450 741 797
201 398 6816
516 665 1526
259 482 5579
234 495 7770
585 633 7774
217 716 4772
362 733 4016
16 25 9273
28 109 9226
317 507 6390
594 724 2963
264 323 7394
102 349 1332
126 707 8189
49 298 3357
642 744 1574
410 715 6571
614 643 2135
381 402 7808
143 511 3030
148 485 7164
25 372 7505
390 420 1039
1 2 7975
140 155 8782
67 158 841
48 103 35
180 291 5047
446 594 9264
239 585 6574
127 386 4887
300 334 6105
317 431 3555
60 511 5243
59 274 701
97 705 7693
27 243 6461
104 253 9522
739 766 7674
80 182 4621
179 184 770
122 529 7575
515 567 635
256 638 5012
397 684 435
336 625 54
11 223 2971
31 454 5270
398 461 3364
46 279 1843
346 590 3102
17 550 907
560 630 8659
46 561 851
573 645 7751
149 496 3416
411 544 4953
40 462 3446
77 280 3646
192 237 3363
720 792 1284
138 266 5285
55 92 4878
31 43 544
68 96 4406
19 64 7254
116 403 6118
34 200 8892
82 589 7350
130 476 4764
401 705 9563
216 512 7486
551 664 7758
189 756 4611
76 165 6306
465 687 2561
87 790 427
435 475 8279
306 578 8755
261 490 5758
525 729 8881
30 177 1414
5 226 7127
137 490 3214
0 7 4112
278 537 6255
364 367 969
266 444 3566
3 20 3539
556 722 5170
177 638 8291
26 260 8490
444 712 6029
294 713 7719
114 725 5208
72 327 7680
156 655 4817
22 57 6887
62 110 1936
227 240 7859
360 502 1584
111 121 3981
137 742 8542
36 63 6178
122 292 6072
439 504 1737
22 418 5236
478 692 85
472 642 5038
409 612 7228
366 593 2426
334 411 954
0 33 1837
564 633 9661
316 459 422
429 486 7502
122 632 8461
402 461 220
32 101 5065
109 674 8458
101 235 5312
112 116 4272
8 181 2405
274 289 3054
6 270 8573
459 599 4412
97 678 8693
255 406 381
81 185 6036
572 636 2844
120 447 361
67 163 7683
204 557 3920
305 745 5666
49 96 2691
412 575 7
163 494 4679
89 685 7965
243 547 2362
468 707 5554
109 131 410
24 281 4691
82 262 3623
6 785 7206
456 618 5814
393 592 1059
116 556 6348
201 308 4003
263 535 7617
472 723 8530
170 183 6745
191 582 2674
403 638 7784
520 652 238
313 356 2255
264 423 2203
272 623 4319
511 767 5519
57 193 5187
147 587 5137
274 487 1486
564 654 142
97 474 7696
566 796 8704
377 434 8222
269 595 2861
79 225 2316
17 88 527
572 681 7899
90 234 5623
762 789 4330
700 783 9767
113 738 9932
313 622 6231
477 754 1840
113 140 2422
505 676 3199
145 497 6775
30 186 1310
189 225 4291
104 506 5505
77 456 5219
417 686 2676
529 570 419
322 357 8092
114 799 8500
58 66 146
383 603 4262
122 191 4854
462 578 6639
40 85 3895
93 126 7154
66 170 6886
453 746 2226
169 361 6087
1 28 2918
74 581 6028
3 483 9638
344 765 4550
201 744 9330
11 58 9954
13 67 8158
7 31 1005
83 252 9579
117 176 9232
94 161 9735
450 626 8135
280 564 8590
172 230 2967
8 516 5582
509 635 8881
506 788 1624
27 55 8512
265 479 4207
244 474 925
265 306 7999
177 287 109
228 560 973
227 420 5494
174 318 2270
439 773 2683
94 714 884
14 26 348
62 77 7921
332 551 3055
289 313 1665
67 799 7361
119 606 8838
128 139 8320
363 585 8230
89 553 4509
172 346 2998
234 476 1771
140 521 9078
173 215 8305
88 736 1787
54 60 6838
364 452 2815
46 566 6658
49 86 9639
138 665 8030
304 441 149
302 421 9681
104 278 3795
393 616 4869
179 607 1626
147 542 1324
147 370 418
35 338 9433
464 763 2535
38 50 8453
221 304 64
180 553 6234
628 706 7650
37 245 6173
515 678 1427
651 689 8265
152 501 3089
49 174 213
500 750 2195
167 322 8324
209 389 9126
26 307 8016
295 312 3085
111 341 2368
120 331 6967
489 539 618
63 143 6972
132 742 4105
18 381 7988
301 700 9223
358 546 9304
69 712 1014
610 675 1559
724 742 452
13 16 6187
167 799 583
213 505 2276
160 584 261
260 466 6415
21 704 3051
0 4 122
300 669 1122
298 497 7932
277 387 9205
186 609 7265
383 478 8654
27 166 577
581 745 2008
63 331 2487
681 724 8512
65 630 9703
307 513 5019
295 507 7444
124 718 5020
17 394 7918
382 429 2153
634 741 1173
153 446 2206
346 430 284
263 355 3319
211 628 6471
72 657 2874
119 151 9608
455 710 7686
97 737 5831
269 637 5159
324 788 9260
764 765 5219
38 82 737
284 540 9861
357 580 7537
339 431 4560
122 603 8703
143 663 5099
359 385 2011
225 731 4261
343 477 993
53 117 2996
188 543 6688
264 289 7326
371 428 4054
525 698 1198
26 572 3486
60 526 2665
10 65 8279
218 422 6168
67 171 2644
124 772 2390
450 732 8837
339 467 5911
8 271 5263
459 728 977
469 536 5664
288 739 5567
159 435 613
116 717 2353
664 734 6538
111 254 2798
435 440 4895
419 698 2673
130 466 6058
182 459 114
33 102 8557
565 618 8857
25 264 4405
77 178 6938
337 541 9188
596 658 6603
63 719 2633
24 249 1431
52 133 8977
555 688 8810
38 621 1725
275 534 8624
357 619 9604
7 282 7336
293 325 3043
558 746 123
348 645 8458
733 794 1240
353 491 9285
41 604 6811
152 253 2889
8 45 4988
202 224 5992
51 216 2110
21 147 6490
26 76 330
80 106 1895
344 751 2054
108 119 7868
47 135 8905
172 632 6114
377 673 1549
85 501 5300
61 329 4992
6 49 3610
237 703 3333
685 733 5551
37 389 7828
550 636 3501
758 770 9802
232 380 1183
144 157 3742
265 285 2229
22 34 6956
572 624 5748
126 132 1466
3 316 2166
6 14 7825
201 314 1335
136 691 3880
48 212 3250
189 267 7611
29 127 4856
207 246 2534
354 527 1229
48 648 8415
107 583 9752
155 499 8065
610 631 5468
3 301 5014
226 482 7724
106 368 2205
152 242 7271
324 668 1898
27 769 2338
210 433 6340
108 244 6141
550 720 9343
140 463 70
203 284 3528
255 358 8959
236 606 9612
92 528 6478
362 600 6135
55 199 7399
377 417 3972
189 786 4149
148 201 8130
286 793 9252
278 594 140
524 756 9779
164 572 8291
124 206 3553
532 769 2151
21 759 2083
121 549 6059
481 658 7391
47 277 3731
274 719 1415
133 189 3924
346 559 3505
57 494 1488
382 710 5761
409 501 3720
512 670 7949
559 593 5031
606 795 3495
486 552 9564
134 243 1355
241 436 6412
73 94 4248
391 710 6370
103 553 9402
39 228 8452
141 690 5646
454 650 2914
404 427 5973
154 607 9485
381 492 1906
15 21 5586
213 498 1629
120 179 4224
32 519 6058
564 632 1797
372 601 667
41 117 6862
30 412 4751
456 575 7283
0 73 4053
0 153 2226
153 363 1203
104 197 7188
17 784 9785
22 407 1384
7 620 464
495 640 5837
519 764 1861
47 56 7122
105 207 4655
7 568 2627
135 286 230
160 772 4891
555 698 8257
124 203 6192
2 537 571
578 626 9955
39 776 6927
226 631 5930
190 205 3459
147 755 7757
155 168 3098
205 731 966
129 299 156
495 773 2704
4 8 8307
40 125 3626
355 770 6155
71 748 6596
581 591 6010
435 737 5401
421 660 8595
154 546 936
184 577 4655
78 613 1647
42 657 3798
1 575 3571
185 281 7859
0 30 7628
359 663 7748
478 662 344
515 750 8376
690 754 2835
514 608 8128
279 549 3692
52 450 4185
535 664 8149
737 790 9911
119 216 1138
116 781 3676
268 770 5023
15 32 3594
7 12 569
8 795 2386
46 89 6906
493 665 8401
303 651 9866
200 297 5837
157 518 2954
452 564 7464
22 313 8040
152 241 5505
605 738 6738
405 769 4450
586 687 5445
57 787 1130
14 473 666
348 362 4571
301 716 9879
320 580 3311
223 419 5000
242 352 9199
147 661 3018
683 688 3072
209 656 1108
80 307 1966
59 400 9492
104 422 7233
74 369 7367
267 432 3284
329 347 4232
2 10 7470
64 401 2449
779 795 5102
309 544 454
407 681 6899
120 791 2834
387 521 5232
346 362 4277
212 512 3210
60 481 3507
493 717 145
399 696 2841
246 301 730
408 571 1732
648 667 7709
276 427 4144
83 778 5844
227 458 8121
156 563 6519
49 746 8277
127 308 6300
379 636 3675
48 303 302
162 508 6132
61 398 412
540 662 1590
3 739 3870
578 713 5530
14 15 9537
84 317 1721
290 537 8273
596 604 3038
59 374 7430
228 315 3410
3 78 1110
241 300 2292
610 728 299
345 495 4526
474 692 1861
121 477 3615
227 396 185
313 699 4413
186 361 5994
38 148 327
294 300 4917
375 719 2834
154 459 546
223 326 8596
59 210 1532
654 774 436
100 185 6468
11 361 400
8 77 8925
71 130 2353
224 379 1190
306 641 1758
113 528 2986
375 579 277
137 388 6241
233 468 7894
352 355 4188
89 488 5197
579 599 6112
249 397 4344
339 500 3110
10 135 1050
107 562 4784
169 707 6841
174 426 8098
16 91 6191
294 524 8687
100 162 3141
687 708 9990
149 575 7743
4 123 5983
147 360 5336
92 377 8748
36 791 9735
79 131 2499
381 543 935
80 293 5359
334 774 4051
435 608 2678
388 690 6871
285 435 8037
74 211 4782
258 610 392
270 749 2292
621 694 2345
18 35 8914
93 150 8791
34 349 7335
118 206 1144
62 118 6055
593 693 9874
193 222 176
30 491 6348
615 758 3319
681 730 9602
518 791 6880
169 610 4399
49 326 3565
21 23 5923
155 554 4625
154 508 7512
625 787 4014
191 269 4510
87 124 7155
582 592 7604
648 701 3726
453 639 6358
312 500 687
382 654 2416
334 765 8123
29 646 2396
289 291 8773
146 412 8347
100 410 1260
354 668 5039
219 302 3185
359 372 6978
8 231 2059
342 605 5114
3 752 9573
13 38 1851
252 668 5059
244 319 5183
2 5 1948
452 630 2952
238 722 1602
90 415 9894
77 658 3163
294 409 8717
22 615 9816
387 413 9495
498 612 7090
51 145 5330
90 286 6211
54 581 497
19 679 6401
51 448 4660
174 414 8519
534 540 1245
381 586 9383
353 526 6030
100 201 5591
110 175 4482
254 304 6926
47 134 2777
9 18 7311
127 558 9755
403 778 6524
207 208 4322
11 570 8409
0 1 1448
374 639 604
373 555 6245
90 287 57
42 233 1696
161 727 6142
109 120 8863
51 284 1110
38 70 6272
17 423 2928
229 389 9767
391 726 5659
160 779 475
53 146 240
217 607 13
588 709 3880
223 614 2300
63 146 1677
538 589 7974
73 210 4305
21 500 3633
121 238 9634
443 530 4653
751 794 9445
456 526 1825
315 631 6740
72 122 7630
184 187 1332
32 47 827
129 383 262
431 747 1272
255 771 3076
361 509 7790
91 173 6332
304 607 4443
53 677 659
4 247 5110
24 53 772
531 729 878
11 27 1583
18 533 1148
205 345 9728
19 550 3296
47 87 9145
70 757 4316
249 393 110
253 470 9982
176 350 5883
404 778 7812
12 13 9430
526 625 9436
181 725 8457
131 512 5555
754 780 3871
0 51 8372
130 374 5651
10 11 5843
461 768 720
100 288 8803
360 705 2237
10 474 6630
123 190 7268
357 656 5481
443 635 3199
485 748 3985
129 139 9403
37 598 4994
1 17 4631
629 646 4186
439 783 4285
328 609 6259
385 540 9447
144 649 2491
83 263 670
327 414 3555
143 283 5645
424 509 1732
302 773 6688
18 37 7111
382 483 2509
343 588 9535
346 423 9630
139 337 5738
216 659 9386
299 565 4712
181 696 1866
44 404 7331
550 758 3394
237 541 8791
195 357 5578
41 463 8534
78 167 9135
192 768 6277
332 685 3775
310 612 5961
523 611 3430
184 544 1410
187 265 5724
64 412 1663
125 798 7248
53 532 5851
116 615 4391
153 388 2200
648 693 5590
16 486 5102
173 751 7103
215 294 1822
50 496 9575
126 261 6788
118 476 7337
293 494 1615
289 695 334
28 253 3726
257 595 6231
124 160 5896
1 40 3108
4 90 8247
457 639 6434
75 396 2301
271 345 8534
169 180 6735
14 48 6650
370 373 5591
62 642 6082
329 376 7787
97 357 812
316 469 4040
325 444 2875
30 229 5309
127 421 2401
223 236 6881
563 777 5996
5 275 3536
251 453 6396
188 539 2759
662 727 3175
231 717 6023
435 613 8515
260 606 4462
289 429 6311
0 68 1854
81 167 9900
109 395 3799
381 521 4260
23 413 5198
464 736 2918
330 528 7532
2 378 8374
130 267 2015
5 6 5571
274 738 3966
358 682 1396
160 633 1314
275 516 2125
86 182 5133
173 351 3053
52 274 2869
0 42 5282
24 72 129
390 714 3882
25 452 443
226 342 8061
396 653 1079
189 405 6178
35 530 4595
155 466 1848
131 336 2467
640 669 3883
394 707 5491
24 718 9530
150 798 776
511 775 5882
233 362 4653
254 517 6727
139 714 1191
289 414 9734
65 129 6840
281 378 337
397 488 9302
428 529 1618
0 3 9428
644 747 658
2 134 6366
82 596 933
406 778 799
317 394 53
150 359 1202
218 323 293
389 698 6982
72 193 2397
20 282 6079
15 258 9329
80 137 3523
38 113 1514
243 758 8925
21 566 686
522 532 9441
81 219 5841
427 582 2850
221 383 6944
54 116 5672
197 495 3344
329 556 1839
183 546 9863
299 332 5043
325 697 2243
76 327 2135
58 152 685
288 711 3511
218 229 2472
289 446 9436
552 790 430
154 328 2652
165 483 6810
67 104 375
19 350 6730
56 753 7603
740 749 1912
86 286 4329
21 643 7488
535 734 1977
750 789 9588
194 624 4493
113 235 8699
32 209 4176
344 701 9422
17 638 2865
485 600 6911
507 531 562
497 797 2661
742 766 742
25 56 8014
311 634 3384
238 564 249
142 761 7537
109 273 7532
111 272 5338
394 477 3322
487 491 7259
465 574 6315
194 440 9645
472 518 699
60 519 8040
236 260 7450
41 390 8070
151 450 8557
370 702 7241
338 796 5740
10 147 3127
342 563 8839
513 610 9970
34 71 5450
43 179 9936
104 334 4329
555 709 8952
167 248 740
21 29 8856
53 240 1837
329 557 6610
34 99 7979
179 192 4298
101 293 3382
85 765 868
214 714 6323
195 250 4164
545 666 8358
19 155 3088
52 432 6917
440 642 505
418 576 166
261 474 6898
381 455 3269
104 566 3656
716 759 9775
3 227 1638
539 671 2830
41 52 7965
397 578 2382
76 195 4788
76 7635
295 11289
602 10776
368 3136
79 9531
599 6859
336 11697
781 4079
773 11094
164 13511
429 1591
359 2460
536 48
763 8771
220 7518
361 12933
515 7152
82 4140
106 14816
565 2638
551 11754
722 14951
653 12751
270 10291
332 5434
66 1594
448 10876
193 13512
796 1795
381 12512
654 1206
750 13022
668 7941
595 11229
144 10884
646 5439
120 8740
153 13119
379 6244
380 12181
186 14862
413 9359
770 10342
371 8504
690 12339
446 12184
112 933
163 5102
140 8933
513 12153
642 7386
161 8657
428 9661
511 9443
203 2015
767 10828
196 6730
719 7532
319 5521
528 1342
317 863
351 978
232 1618
786 9595
579 5440
313 7558
577 412
324 10711
443 14178
365 14896
466 6054
711 12919
749 2169
441 4938
701 7632
32 8928
235 7445
432 7368
58 2936
114 7506
740 9726
746 11200
600 5735
301 2596
65 5145
349 7118
190 3669
477 1662
198 6827
266 4251
136 7821
1 2863
692 9669
518 9117
269 3398
799 7583
124 13020
207 14825
524 1476
60 10336
491 6134
484 5135
139 6641
412 13062
556 2538
285 7931
94 13591
195 6330
50 6797
571 14438
22 1719
355 6556
271 2663
617 955
5 2013
245 10786
377 12462
498 4181
48 14545
276 6017
744 7637
683 9442
451 8463
574 12907
522 8698
422 2250
795 9007
659 14528
113 2950
180 11231
178 7526
205 14500
147 10411
290 9472
544 7038
284 6575
204 490
582 9443
743 8812
512 14372
348 6804
514 13614
662 2580
487 9615
669 448
150 7457
222 10922
442 13022
431 14219
728 5399
353 12476
24 8581
506 3291
755 5441
149 9356
408 6865
267 11138
769 4225
508 9724
578 2974
329 7840
260 9265
23 14122
672 14319
59 14513
300 8556
143 12989
241 1218
372 12979
550 7893
370 2430
447 3848
223 7880
700 11468
714 10254
137 6137
502 5762
102 3554
109 5784
307 8901
411 7150
333 4375
764 1392
472 4930
405 7850
689 7166
41 4127
238 13089
309 9409
622 9855
64 734
96 3864
8 3472
187 9053
620 5578
539 8986
651 7721
330 4480
591 1192
696 9446
169 8013
7 6370
326 10539
367 10412
547 3253
99 4233
366 1719
192 8421
627 7985
177 4829
569 10742
86 3479
748 8466
733 13122
678 8731
104 6188
315 6155
110 12836
545 4350
321 6418
768 12978
650 6244
503 13973
794 6065
378 8487
753 5118
523 5378
125 13641
107 14290
128 13352
133 1563
709 7068
29 14095
234 8906
247 10362
249 12731
718 12703
214 6186
645 5292
80 12174
467 8069
239 1603
516 8090
189 3642
699 11973
188 9976
618 7837
208 12075
191 11473
156 2829
350 4641
385 3386
287 3144
131 3174
61 1626
221 9383
157 6109
155 12495
549 1977
282 6547
493 5290
444 5855
638 2046
305 216
713 10072
780 3729
454 1257
399 14713
425 14663
492 5634
393 8727
437 5378
460 8966
435 7859
633 7673
261 5866
304 340
279 4689
160 10093
265 7483
688 2723
664 14816
126 874
294 4334
89 222
414 3652
652 13804
286 9556
462 10726
682 10037
396 6366
725 4854
121 7779
358 1890
790 2637
698 7499
181 10455
403 14970
687 11707
533 4424
739 7418
479 8545
252 6679
526 12090
666 14291
500 6674
775 14562
721 1549
273 8903
182 14540
706 11214
603 13455
386 2781
233 8740
357 604
458 883
731 3051
779 7600
572 5617
776 5219
459 10143
42 5656
590 3791
631 7207
374 7324
488 13347
667 3338
152 5495
440 1246
519 4598
417 3900
162 1743
641 62
6 6325
559 1192
554 7266
227 998
311 8127
391 4697
489 13265
538 13210
38 222
194 12735
673 14344
483 3179
684 8853
761 13299
148 11690
69 13403
251 11138
173 2674
289 3664
63 4741
658 8309
338 14302
610 6207
760 4514
625 13386
100 5865
231 870
93 9128
494 9846
568 1000
555 11710
648 13564
334 1691
14 11958
475 3068
74 12120
543 6028
674 8825
407 14568
320 10668
257 13601
455 12845
400 1232
19 3723
470 7549
656 5500
262 10444
199 4776
159 8331
277 5613
179 14205
297 14696
453 11980
117 13366
747 2907
529 814
416 7626
520 1593
456 5760
274 5687
40 12183
3 3305
392 10047
670 4132
230 11507
31 485
553 13518
745 394
275 1657
557 12021
337 7414
461 1847
316 5560
759 9040
225 3337
68 4906
589 8227
263 3164
281 7579
552 848
614 706
394 2001
11 498
101 14195
482 8270
535 3616
712 13407
145 6274
47 4
639 6405
291 14415
39 12834
310 6102
278 12630
525 546
777 12232
30 10476
298 11470
296 7168
660 11608
707 9717
685 8949
154 9762
209 530
694 6094
596 2184
254 9055
406 522
798 1827
325 12326
563 5036
521 12246
496 5615
421 782
49 14471
546 14630
735 2880
576 3561
27 7016
534 2518
88 8220
388 13345
789 7396
418 12857
727 8722
463 915
468 3829
73 11332
176 4414
185 10796
573 12847
720 286
387 5381
593 11772
258 6781
752 1122
288 13431
280 1957
675 7122
175 2438
635 801
331 9241
607 142
758 11848
548 5196
756 508
167 2605
558 10508
697 1875
621 7480
341 9383
72 9294
34 5173
90 7751
785 7871
111 12925
404 11892
476 2592
771 2343
322 9326
423 9434
259 12715
127 2160
57 13790
691 1812
216 3104
517 11078
611 11928
312 13882
450 1086
679 2151
302 4129
132 7220
4 10343
168 2518
103 10553
211 14628
751 10120
449 10847
206 10271
501 4546
504 1838
384 12961
542 11083
25 1834
615 346
314 5089
402 11887
663 14189
172 6097
636 8252
171 5059
485 6839
486 3898
581 11283
640 14892
729 6107
373 9910
473 10826
2 12101
715 12174
248 9559
643 4101
680 8768
434 11645
420 14478
237 927
183 14596
369 8999
26 4148
586 10607
219 12651
436 1340
445 11173
561 5501
732 266
45 7978
649 2405
530 3067
362 8326
20 13829
84 1397
601 14142
202 13305
228 11623
630 662
474 5797
782 3810
212 11909
62 10463
217 3577
17 13510
15 6639
224 9684
197 9489
619 13889
540 4943
56 3599
532 577
637 1760
95 9279
604 8262
244 4710
791 7527
580 5328
597 12329
570 2283
142 8276
655 7028
51 14669
612 10364
242 1196
605 4831
784 6437
438 13288
730 11002
36 12883
457 7094
426 6828
410 13057
594 10751
218 10984
213 8694
497 4534
272 13721
363 964
130 13364
527 721
566 532
424 14195
787 2469
55 13672
478 3634
657 3991
710 5561
46 220
115 14239
726 4109
256 1743
792 5463
141 6906
293 1654
71 9767
344 9577
118 140
584 1505
613 6742
83 12473
292 2952
356 4620
33 6983
255 10448
757 8536
306 6248
21 463
75 9190
229 8031
495 13733
116 148
105 6597
505 14320
343 6993
67 5258
754 7897
98 2789
78 7824
184 14500
741 9991
623 12334
345 10792
693 1858
598 3635
734 2521
85 575
634 1260
28 190
364 6573
390 7551
783 4868
354 14038
201 11108
37 8945
793 14538
676 4153
737 10332
264 8971
200 10769
327 6363
43 10834
677 10528
766 8504
616 11142
704 6036
328 12347
471 4413
567 13767
772 7192
583 10430
340 6048
16 11388
510 2066
91 7289
303 2066
308 14710
531 9564
481 844
135 8023
774 14988
395 4493
708 13104
695 1775
723 788
53 14507
439 1778
151 2625
108 1636
629 8267
397 14707
138 1278
469 14361
318 6967
702 3083
240 11139
342 2756
499 4776
736 9780
352 5067
226 12406
575 2048
18 2747
628 9119
170 10813
87 10026
592 8131
134 8689
415 3296
0 13855
686 14908
564 10006
464 1631
430 2849
401 6434
174 5309
560 9275
765 12513
452 12404
624 2864
346 13169
12 13501
398 8804
13 8664
92 5372
299 10805
166 13477
681 7901
250 7372
97 4971
465 7165
742 4005
382 10386
703 5900
54 8924
644 6895
585 13197
632 102
335 6639
427 2277
339 4096
788 13186
383 10801
283 13552
10 3662
119 10722
122 2923
778 2086
541 2068
77 8756
507 2975
215 7000
738 13763
44 10087
70 14880
360 4754
52 2442
146 2446
35 8561
81 3799
490 3425
705 14159
762 3641
608 13360
129 8177
236 490
587 14559
717 11875
433 3719
647 4459
376 7953
724 8091
210 10669
480 13143
158 6807
626 6949
409 9412
588 12655
509 11949
716 7400
537 9079
375 9642
253 74
606 8886
797 12476
562 3497
268 6080
347 13889
243 4592
123 4033
665 10474
671 9770
9 13291
165 12905
323 2332
246 383
389 11953
661 1971
609 13801
419 9056
