1000 999 500 0
67 68 10000
838 839 10000
99 100 10000
0 643 10000
687 688 10000
719 720 10000
536 537 10000
898 899 10000
159 160 10000
8 9 10000
0 661 10000
779 780 10000
40 41 10000
628 629 10000
251 252 10000
0 908 10000
477 478 10000
100 101 10000
871 872 10000
0 917 10000
343 344 10000
0 499 10000
569 570 10000
0 926 10000
0 935 10000
41 42 10000
812 813 10000
73 74 10000
0 517 10000
661 662 10000
284 285 10000
872 873 10000
133 134 10000
0 535 10000
753 754 10000
376 377 10000
14 15 10000
225 226 10000
74 75 10000
845 846 10000
106 107 10000
694 695 10000
317 318 10000
0 373 10000
166 167 10000
15 16 10000
0 391 10000
47 48 10000
226 227 10000
409 410 10000
107 108 10000
878 879 10000
350 351 10000
0 229 10000
199 200 10000
442 443 10000
80 81 10000
259 260 10000
0 247 10000
291 292 10000
879 880 10000
0 903 10000
0 912 10000
140 141 10000
0 921 10000
351 352 10000
0 265 10000
383 384 10000
232 233 10000
820 821 10000
443 444 10000
81 82 10000
475 476 10000
292 293 10000
0 103 10000
535 536 10000
173 174 10000
22 23 10000
416 417 10000
233 234 10000
0 121 10000
627 628 10000
265 266 10000
853 854 10000
476 477 10000
325 326 10000
357 358 10000
568 569 10000
206 207 10000
417 418 10000
55 56 10000
449 450 10000
266 267 10000
298 299 10000
886 887 10000
509 510 10000
147 148 10000
358 359 10000
0 889 10000
207 208 10000
601 602 10000
239 240 10000
0 907 10000
299 300 10000
693 694 10000
331 332 10000
0 916 10000
542 543 10000
391 392 10000
423 424 10000
602 603 10000
634 635 10000
0 745 10000
483 484 10000
332 333 10000
0 763 10000
364 365 10000
181 182 10000
575 576 10000
424 425 10000
0 781 10000
635 636 10000
273 274 10000
667 668 10000
727 728 10000
365 366 10000
214 215 10000
0 619 10000
608 609 10000
819 820 10000
457 458 10000
668 669 10000
0 637 10000
549 550 10000
760 761 10000
398 399 10000
21 22 10000
609 610 10000
641 642 10000
0 475 10000
0 902 10000
490 491 10000
113 114 10000
701 702 10000
339 340 10000
0 493 10000
205 206 10000
793 794 10000
431 432 10000
752 753 10000
0 511 10000
674 675 10000
885 886 10000
523 524 10000
146 147 10000
734 735 10000
0 996 10000
583 584 10000
615 616 10000
0 349 10000
826 827 10000
87 88 10000
675 676 10000
0 367 10000
179 180 10000
767 768 10000
28 29 10000
616 617 10000
88 89 10000
0 205 10000
859 860 10000
557 558 10000
0 223 10000
29 30 10000
800 801 10000
61 62 10000
649 650 10000
272 273 10000
0 241 10000
121 122 10000
892 893 10000
153 154 10000
741 742 10000
2 3 10000
590 591 10000
700 701 10000
213 214 10000
62 63 10000
0 79 10000
833 834 10000
94 95 10000
682 683 10000
0 982 10000
305 306 10000
0 991 10000
0 97 10000
154 155 10000
3 4 10000
397 398 10000
35 36 10000
623 624 10000
733 734 10000
95 96 10000
866 867 10000
127 128 10000
715 716 10000
338 339 10000
187 188 10000
0 847 10000
807 808 10000
430 431 10000
68 69 10000
279 280 10000
0 865 10000
128 129 10000
899 900 10000
160 161 10000
371 372 10000
707 708 10000
0 883 10000
220 221 10000
69 70 10000
101 102 10000
161 162 10000
0 721 10000
10 11 10000
404 405 10000
0 968 10000
253 254 10000
0 739 10000
464 465 10000
0 977 10000
313 314 10000
0 986 10000
345 346 10000
556 557 10000
194 195 10000
0 995 10000
405 406 10000
43 44 10000
0 577 10000
286 287 10000
497 498 10000
135 136 10000
0 595 10000
346 347 10000
589 590 10000
227 228 10000
0 613 10000
76 77 10000
287 288 10000
319 320 10000
530 531 10000
379 380 10000
0 451 10000
489 490 10000
622 623 10000
260 261 10000
0 469 10000
471 472 10000
320 321 10000
352 353 10000
563 564 10000
412 413 10000
0 963 10000
0 307 10000
261 262 10000
0 972 10000
293 294 10000
0 981 10000
0 325 10000
353 354 10000
463 464 10000
0 990 10000
385 386 10000
596 597 10000
0 999 10000
0 343 10000
445 446 10000
537 538 10000
748 749 10000
386 387 10000
9 10 10000
0 181 10000
629 630 10000
478 479 10000
0 199 10000
689 690 10000
327 328 10000
437 438 10000
781 782 10000
419 420 10000
268 269 10000
0 37 10000
873 874 10000
511 512 10000
134 135 10000
722 723 10000
0 949 10000
0 55 10000
681 682 10000
0 958 10000
603 604 10000
814 815 10000
452 453 10000
0 73 10000
75 76 10000
663 664 10000
411 412 10000
773 774 10000
0 967 10000
0 976 10000
544 545 10000
0 985 10000
755 756 10000
865 866 10000
16 17 10000
847 848 10000
806 807 10000
0 823 10000
655 656 10000
577 578 10000
788 789 10000
0 841 10000
49 50 10000
637 638 10000
747 748 10000
109 110 10000
729 730 10000
839 840 10000
0 679 10000
688 689 10000
201 202 10000
50 51 10000
821 822 10000
82 83 10000
670 671 10000
0 697 10000
142 143 10000
0 944 10000
0 715 10000
0 953 10000
23 24 10000
721 722 10000
0 962 10000
83 84 10000
854 855 10000
0 971 10000
115 116 10000
703 704 10000
813 814 10000
326 327 10000
0 553 10000
662 663 10000
0 980 10000
175 176 10000
795 796 10000
0 571 10000
56 57 10000
644 645 10000
754 755 10000
267 268 10000
116 117 10000
736 737 10000
359 360 10000
695 696 10000
0 409 10000
208 209 10000
57 58 10000
167 168 10000
89 90 10000
787 788 10000
0 427 10000
149 150 10000
0 445 10000
728 729 10000
241 242 10000
200 201 10000
0 930 10000
0 939 10000
333 334 10000
0 283 10000
669 670 10000
182 183 10000
880 881 10000
0 948 10000
31 32 10000
141 142 10000
0 957 10000
0 301 10000
761 762 10000
274 275 10000
0 966 10000
485 486 10000
123 124 10000
215 216 10000
0 139 10000
64 65 10000
307 308 10000
0 157 10000
518 519 10000
5 6 10000
0 175 10000
610 611 10000
248 249 10000
459 460 10000
97 98 10000
418 419 10000
340 341 10000
551 552 10000
0 13 10000
189 190 10000
887 888 10000
400 401 10000
148 149 10000
0 925 10000
0 31 10000
281 282 10000
0 934 10000
451 452 10000
0 943 10000
584 585 10000
0 952 10000
433 434 10000
543 544 10000
0 961 10000
392 393 10000
314 315 10000
525 526 10000
861 862 10000
374 375 10000
122 123 10000
484 485 10000
0 799 10000
466 467 10000
425 426 10000
0 817 10000
407 408 10000
517 518 10000
0 655 10000
499 500 10000
458 459 10000
0 673 10000
0 911 10000
802 803 10000
440 441 10000
550 551 10000
63 64 10000
0 920 10000
399 400 10000
0 691 10000
0 929 10000
532 533 10000
0 938 10000
381 382 10000
491 492 10000
4 5 10000
0 947 10000
0 529 10000
473 474 10000
794 795 10000
0 547 10000
643 644 10000
565 566 10000
776 777 10000
524 525 10000
37 38 10000
735 736 10000
373 374 10000
0 385 10000
506 507 10000
827 828 10000
465 466 10000
676 677 10000
0 403 10000
809 810 10000
70 71 10000
406 407 10000
0 421 10000
617 618 10000
130 131 10000
860 861 10000
0 906 10000
11 12 10000
709 710 10000
0 915 10000
0 259 10000
0 924 10000
801 802 10000
0 933 10000
650 651 10000
163 164 10000
0 277 10000
0 942 10000
783 784 10000
893 894 10000
44 45 10000
742 743 10000
255 256 10000
591 592 10000
0 115 10000
724 725 10000
683 684 10000
196 197 10000
0 133 10000
155 156 10000
775 776 10000
0 151 10000
137 138 10000
247 248 10000
835 836 10000
757 758 10000
867 868 10000
716 717 10000
229 230 10000
188 189 10000
808 809 10000
657 658 10000
170 171 10000
280 281 10000
0 7 10000
868 869 10000
129 130 10000
0 901 10000
0 910 10000
749 750 10000
262 263 10000
0 919 10000
598 599 10000
111 112 10000
221 222 10000
0 928 10000
841 842 10000
203 204 10000
0 757 10000
782 783 10000
295 296 10000
254 255 10000
0 775 10000
842 843 10000
103 104 10000
874 875 10000
236 237 10000
0 793 10000
85 86 10000
195 196 10000
815 816 10000
539 540 10000
177 178 10000
875 876 10000
0 631 10000
136 137 10000
347 348 10000
269 270 10000
0 649 10000
118 119 10000
439 440 10000
77 78 10000
0 905 10000
531 532 10000
169 170 10000
0 487 10000
380 381 10000
0 914 10000
513 514 10000
151 152 10000
849 850 10000
0 505 10000
472 473 10000
110 111 10000
321 322 10000
243 244 10000
0 523 10000
202 203 10000
790 791 10000
413 414 10000
51 52 10000
656 657 10000
505 506 10000
143 144 10000
0 361 10000
487 488 10000
235 236 10000
0 379 10000
597 598 10000
446 447 10000
538 539 10000
387 388 10000
0 217 10000
520 521 10000
479 480 10000
0 235 10000
328 329 10000
0 909 10000
461 462 10000
0 253 10000
571 572 10000
631 632 10000
512 513 10000
25 26 10000
723 724 10000
0 91 10000
361 362 10000
572 573 10000
0 994 10000
494 495 10000
604 605 10000
0 109 10000
453 454 10000
664 665 10000
302 303 10000
435 436 10000
545 546 10000
394 395 10000
17 18 10000
605 606 10000
848 849 10000
0 859 10000
697 698 10000
335 336 10000
578 579 10000
0 877 10000
789 790 10000
427 428 10000
638 639 10000
0 895 10000
881 882 10000
519 520 10000
730 731 10000
579 580 10000
611 612 10000
0 733 10000
671 672 10000
0 751 10000
763 764 10000
0 989 10000
0 998 10000
823 824 10000
855 856 10000
704 705 10000
0 589 10000
217 218 10000
553 554 10000
176 177 10000
796 797 10000
0 607 10000
645 646 10000
856 857 10000
117 118 10000
0 625 10000
737 738 10000
250 251 10000
586 587 10000
209 210 10000
797 798 10000
58 59 10000
829 830 10000
0 463 10000
191 192 10000
301 302 10000
527 528 10000
889 890 10000
0 481 10000
770 771 10000
393 394 10000
619 620 10000
242 243 10000
830 831 10000
91 92 10000
862 863 10000
711 712 10000
0 975 10000
224 225 10000
0 319 10000
334 335 10000
0 984 10000
183 184 10000
771 772 10000
32 33 10000
803 804 10000
0 993 10000
0 337 10000
165 166 10000
275 276 10000
863 864 10000
124 125 10000
895 896 10000
0 355 10000
367 368 10000
65 66 10000
836 837 10000
0 193 10000
308 309 10000
896 897 10000
157 158 10000
745 746 10000
368 369 10000
0 211 10000
139 140 10000
249 250 10000
837 838 10000
460 461 10000
98 99 10000
309 310 10000
341 342 10000
0 49 10000
190 191 10000
778 779 10000
401 402 10000
39 40 10000
0 67 10000
172 173 10000
493 494 10000
131 132 10000
0 970 10000
0 979 10000
0 85 10000
585 586 10000
223 224 10000
811 812 10000
0 988 10000
434 435 10000
0 997 10000
283 284 10000
677 678 10000
315 316 10000
526 527 10000
164 165 10000
375 376 10000
769 770 10000
0 835 10000
256 257 10000
467 468 10000
316 317 10000
0 853 10000
710 711 10000
559 560 10000
197 198 10000
0 871 10000
257 258 10000
651 652 10000
289 290 10000
500 501 10000
349 350 10000
743 744 10000
560 561 10000
0 709 10000
592 593 10000
441 442 10000
0 956 10000
652 653 10000
290 291 10000
0 727 10000
0 965 10000
501 502 10000
533 534 10000
0 974 10000
382 383 10000
0 983 10000
593 594 10000
231 232 10000
0 565 10000
625 626 10000
0 992 10000
685 686 10000
323 324 10000
0 583 10000
717 718 10000
566 567 10000
777 778 10000
415 416 10000
38 39 10000
0 601 10000
626 627 10000
658 659 10000
869 870 10000
507 508 10000
718 719 10000
356 357 10000
567 568 10000
0 439 10000
599 600 10000
448 449 10000
71 72 10000
659 660 10000
0 457 10000
691 692 10000
508 509 10000
751 752 10000
0 951 10000
632 633 10000
0 295 10000
843 844 10000
481 482 10000
0 960 10000
104 105 10000
692 693 10000
0 969 10000
541 542 10000
0 313 10000
573 574 10000
0 978 10000
13 14 10000
784 785 10000
0 987 10000
45 46 10000
633 634 10000
0 331 10000
665 666 10000
482 483 10000
844 845 10000
105 106 10000
725 726 10000
574 575 10000
785 786 10000
0 169 10000
46 47 10000
817 818 10000
877 878 10000
0 187 10000
515 516 10000
758 759 10000
19 20 10000
607 608 10000
230 231 10000
818 819 10000
79 80 10000
0 25 10000
850 851 10000
699 700 10000
322 323 10000
548 549 10000
171 172 10000
0 43 10000
759 760 10000
0 937 10000
20 21 10000
791 792 10000
0 946 10000
52 53 10000
640 641 10000
263 264 10000
0 61 10000
851 852 10000
0 955 10000
112 113 10000
883 884 10000
0 964 10000
355 356 10000
0 973 10000
53 54 10000
824 825 10000
447 448 10000
673 674 10000
296 297 10000
884 885 10000
0 811 10000
145 146 10000
765 766 10000
388 389 10000
26 27 10000
0 829 10000
237 238 10000
825 826 10000
86 87 10000
857 858 10000
297 298 10000
329 330 10000
178 179 10000
766 767 10000
0 667 10000
389 390 10000
27 28 10000
421 422 10000
238 239 10000
0 685 10000
119 120 10000
0 923 10000
0 932 10000
362 363 10000
0 703 10000
211 212 10000
799 800 10000
0 941 10000
422 423 10000
0 950 10000
454 455 10000
271 272 10000
303 304 10000
891 892 10000
0 959 10000
514 515 10000
152 153 10000
0 541 10000
740 741 10000
363 364 10000
1 2 10000
395 396 10000
212 213 10000
244 245 10000
0 559 10000
832 833 10000
455 456 10000
93 94 10000
304 305 10000
698 699 10000
547 548 10000
185 186 10000
0 397 10000
428 429 10000
245 246 10000
639 640 10000
277 278 10000
488 489 10000
0 415 10000
337 338 10000
731 732 10000
369 370 10000
580 581 10000
218 219 10000
0 433 10000
429 430 10000
278 279 10000
0 918 10000
310 311 10000
521 522 10000
0 927 10000
0 271 10000
370 371 10000
764 765 10000
581 582 10000
219 220 10000
0 936 10000
613 614 10000
0 945 10000
0 289 10000
0 954 10000
311 312 10000
705 706 10000
554 555 10000
403 404 10000
0 127 10000
614 615 10000
646 647 10000
495 496 10000
0 145 10000
344 345 10000
706 707 10000
555 556 10000
193 194 10000
587 588 10000
0 163 10000
436 437 10000
59 60 10000
647 648 10000
285 286 10000
679 680 10000
496 497 10000
890 891 10000
739 740 10000
377 378 10000
0 1 10000
620 621 10000
0 904 10000
831 832 10000
469 470 10000
0 913 10000
0 19 10000
92 93 10000
680 681 10000
712 713 10000
529 530 10000
0 922 10000
561 562 10000
0 931 10000
184 185 10000
772 773 10000
410 411 10000
33 34 10000
621 622 10000
0 940 10000
653 654 10000
470 471 10000
502 503 10000
125 126 10000
713 714 10000
0 769 10000
562 563 10000
34 35 10000
0 787 10000
805 806 10000
686 687 10000
503 504 10000
897 898 10000
0 805 10000
158 159 10000
746 747 10000
7 8 10000
595 596 10000
672 274
882 14700
543 1651
594 3810
652 8647
299 6051
341 9014
497 4423
472 4814
82 7928
346 4381
813 3631
5 5566
742 1902
233 14822
399 4810
720 5054
586 2760
870 1142
749 7334
695 12893
832 10945
180 13826
705 6770
358 4108
522 7621
461 11970
754 9785
798 8705
611 10985
837 9397
666 6835
27 8033
431 7272
676 13475
486 4150
689 3761
845 11410
592 204
822 12376
414 6927
448 1780
71 10301
683 14802
821 3754
208 2667
112 5146
129 4674
154 10303
654 9420
855 8496
833 13106
714 10464
484 4680
34 9714
54 12991
498 8843
293 9314
755 13274
868 14540
251 6271
321 13654
334 14944
23 780
214 5048
826 5691
47 358
131 7648
664 6184
508 13153
64 2523
239 6241
892 13082
42 2285
21 13446
629 11691
286 5676
365 13525
858 2597
738 9970
707 9404
880 13379
378 12524
87 797
161 9108
357 13215
468 12452
317 1845
550 8588
316 4304
779 5502
791 8150
567 3907
402 7633
712 11721
546 941
418 4760
96 8748
750 8189
653 356
46 12661
694 4134
534 3693
893 7166
455 10447
65 14797
18 7663
438 10931
730 6825
149 7260
383 6391
215 13797
107 6556
171 10209
515 10221
354 249
504 10658
660 3256
118 13698
496 13929
294 5887
291 5716
150 2070
647 3767
417 3892
52 448
778 7198
808 10867
474 3278
539 3069
551 1078
467 3191
635 2262
478 9585
6 6680
514 958
606 8763
384 10782
48 6725
257 4647
840 8610
802 13605
585 6636
162 7042
394 4845
771 13374
78 2416
814 10396
24 7053
88 8249
706 11240
377 1340
276 4268
827 7088
72 1420
400 5402
312 8485
772 189
790 4060
63 13919
426 8447
796 13286
636 1658
828 14779
684 11766
460 2979
708 12441
244 9026
875 14842
406 8999
564 4457
195 7014
670 8390
839 6026
396 150
466 12460
174 8974
264 562
623 7632
432 4508
424 5746
125 1917
420 3622
616 8802
425 2337
503 7345
864 11387
41 2034
696 7602
35 13639
90 12359
479 6886
569 2286
389 6237
234 13389
540 6018
711 1631
767 3671
743 3908
846 5311
69 7818
167 5533
101 4540
820 11199
3 10317
617 12751
678 12969
339 8500
132 10816
642 9876
287 9049
250 10438
580 8328
126 4344
142 10926
454 1989
53 8060
198 14900
766 14587
900 7759
441 7371
138 8478
850 1850
442 1591
202 2166
886 13928
372 3508
108 12058
156 4628
748 6056
807 11321
719 10485
815 12934
774 5500
520 8772
16 1088
603 2417
887 7172
407 4593
263 4195
408 6447
376 10171
168 6257
288 7429
388 3544
768 709
4 1593
490 1498
189 7956
29 7835
10 3148
210 7115
298 12060
538 8250
70 10727
605 1514
582 250
576 12212
292 2111
658 13305
443 4612
401 5131
102 1956
232 2290
444 1330
874 14358
412 4137
213 14528
306 5205
803 13035
456 10635
335 5403
593 4140
459 193
640 6426
552 1925
273 1856
436 3177
318 7616
66 4172
568 5570
894 7277
192 4623
737 7881
797 1270
148 11602
336 5768
816 5427
873 3306
557 5106
311 7018
688 11188
305 10568
574 8649
898 4444
622 8355
160 14645
762 12047
624 9766
190 1702
526 9192
610 6975
252 5757
856 5276
628 13301
863 7317
671 12852
646 8642
732 6626
563 4310
687 5309
359 12935
360 11660
172 10138
185 3382
240 704
570 2309
851 14678
204 5085
275 12020
282 8057
364 9624
12 4296
862 4531
144 10367
561 12922
701 12153
366 1067
245 4017
888 9345
45 4706
221 14742
76 12043
17 7831
575 3769
588 9699
395 3995
390 11535
340 12647
669 13688
304 638
130 3107
473 115
729 589
587 8297
197 9853
120 8813
869 14152
268 14207
544 7924
713 12428
106 1609
269 13244
222 10161
136 6177
659 7472
281 5932
648 13166
599 9548
604 960
262 2262
876 14262
246 4369
630 5263
665 9720
297 2964
258 2916
315 11574
51 928
137 12606
609 7180
612 8888
702 582
485 362
726 12526
328 1324
731 9670
516 13774
627 2258
780 946
322 614
370 596
113 12747
773 197
509 14817
784 971
58 1470
352 6513
155 1484
59 12281
736 1038
216 7877
435 14673
256 14372
310 4247
300 123
533 3397
756 9190
348 10915
785 14736
100 2871
191 3033
789 315
744 6401
491 4499
114 5049
528 13226
413 13938
30 13300
329 12074
238 12797
333 6520
502 2216
274 13395
36 4274
371 6202
178 8909
347 5920
226 12821
725 10688
834 837
89 6063
581 10100
83 6744
724 2080
462 13038
330 4961
173 10380
857 2279
810 13320
324 2971
22 10194
881 9608
184 11066
556 14843
119 4413
521 7951
449 11655
60 11600
831 14910
899 6800
792 14291
28 9558
618 12904
718 5331
483 11239
143 12552
677 2351
700 5662
94 13156
220 6528
641 7697
280 2554
353 6074
634 5770
545 10271
228 14136
480 11867
558 6768
450 2724
492 3360
209 6353
682 1678
786 3194
419 5910
323 10220
147 12099
527 6717
465 13281
690 5330
166 5903
598 7930
760 8421
804 3215
95 11092
844 10777
809 831
84 5054
179 4399
600 14206
40 12215
203 11645
227 4783
165 13237
437 8391
382 6961
761 7669
562 10972
196 4495
11 3571
852 8399
342 7401
124 5870
186 10292
510 1191
430 6982
77 3305
838 6637
532 292
270 6116
