1000 2000 500 425
479 618 1
159 279 1
95 380 1
248 759 1
657 663 1
860 898 1
85 211 1
399 400 1
326 507 1
393 608 1
7 871 1
795 998 1
265 372 1
198 305 1
514 851 1
63 202 1
380 993 1
479 811 1
304 496 1
169 833 1
210 337 1
26 114 1
138 180 1
95 586 1
296 773 1
566 844 1
64 598 1
141 735 1
59 445 1
450 979 1
166 598 1
466 784 1
333 665 1
498 732 1
160 882 1
444 766 1
109 341 1
202 738 1
375 527 1
23 438 1
134 195 1
65 861 1
129 443 1
273 459 1
571 803 1
396 879 1
32 317 1
221 541 1
252 397 1
647 674 1
44 172 1
77 728 1
3 9 1
588 680 1
0 3 1
368 807 1
284 361 1
726 796 1
789 862 1
196 336 1
97 272 1
125 572 1
661 961 1
99 848 1
120 601 1
32 93 1
501 847 1
28 81 1
188 725 1
157 908 1
124 828 1
500 538 1
557 620 1
314 981 1
129 191 1
76 593 1
439 809 1
211 780 1
301 667 1
211 871 1
173 611 1
543 887 1
167 244 1
172 349 1
479 845 1
780 933 1
445 699 1
10 780 1
195 645 1
346 395 1
82 451 1
8 249 1
424 869 1
588 659 1
420 717 1
478 696 1
56 390 1
657 857 1
293 964 1
453 586 1
101 428 1
67 72 1
409 912 1
201 883 1
16 552 1
452 618 1
889 969 1
273 878 1
482 660 1
109 145 1
464 548 1
251 985 1
685 857 1
448 904 1
204 817 1
164 736 1
68 123 1
230 976 1
554 644 1
463 472 1
303 922 1
969 985 1
84 805 1
128 226 1
170 919 1
131 507 1
538 673 1
182 835 1
698 813 1
707 892 1
207 224 1
514 566 1
525 710 1
220 866 1
490 618 1
132 781 1
192 471 1
688 745 1
492 991 1
586 872 1
368 713 1
217 286 1
641 731 1
336 739 1
40 575 1
289 583 1
29 50 1
104 561 1
418 921 1
11 573 1
231 543 1
133 657 1
35 439 1
276 437 1
142 587 1
651 937 1
622 804 1
375 649 1
250 574 1
777 800 1
104 143 1
233 277 1
598 709 1
891 953 1
535 782 1
668 792 1
189 406 1
84 579 1
272 430 1
288 746 1
67 250 1
613 742 1
791 792 1
127 913 1
328 418 1
128 437 1
259 956 1
306 399 1
412 944 1
201 601 1
47 629 1
132 963 1
143 779 1
307 406 1
294 321 1
18 88 1
20 103 1
288 556 1
801 973 1
281 831 1
446 980 1
258 508 1
19 33 1
197 755 1
124 197 1
3 4 1
36 205 1
517 567 1
483 616 1
267 495 1
138 793 1
455 991 1
295 421 1
55 76 1
93 113 1
117 837 1
200 234 1
143 228 1
186 560 1
161 478 1
79 139 1
173 634 1
221 308 1
526 841 1
344 424 1
770 793 1
93 373 1
221 231 1
413 718 1
171 208 1
183 983 1
99 943 1
351 660 1
738 898 1
73 185 1
330 402 1
542 807 1
138 256 1
168 349 1
132 151 1
26 85 1
304 409 1
186 737 1
51 61 1
637 705 1
65 70 1
384 788 1
49 218 1
73 744 1
108 871 1
476 491 1
192 237 1
522 935 1
172 287 1
44 391 1
38 107 1
5 292 1
97 201 1
223 308 1
773 791 1
5 721 1
464 711 1
714 994 1
317 904 1
30 45 1
119 649 1
69 99 1
221 777 1
198 228 1
391 423 1
746 885 1
301 670 1
316 546 1
815 929 1
405 977 1
84 439 1
269 951 1
73 710 1
266 387 1
21 233 1
91 360 1
279 912 1
93 251 1
182 856 1
151 939 1
42 848 1
76 194 1
133 378 1
87 953 1
744 768 1
114 798 1
475 850 1
341 630 1
142 942 1
151 615 1
37 43 1
650 862 1
108 172 1
226 383 1
235 435 1
245 475 1
23 961 1
84 623 1
50 63 1
179 385 1
44 767 1
394 431 1
67 178 1
580 969 1
518 713 1
141 388 1
105 507 1
47 66 1
491 916 1
671 756 1
88 225 1
80 98 1
468 567 1
57 83 1
15 299 1
546 618 1
96 661 1
250 711 1
354 587 1
116 156 1
490 520 1
654 929 1
225 841 1
302 442 1
0 121 1
281 514 1
223 562 1
277 544 1
301 552 1
92 126 1
292 298 1
579 844 1
113 181 1
372 673 1
294 485 1
59 472 1
345 881 1
41 660 1
876 895 1
4 27 1
660 917 1
433 545 1
461 709 1
124 141 1
846 875 1
61 93 1
710 989 1
131 968 1
542 714 1
162 210 1
91 247 1
530 894 1
109 923 1
17 366 1
336 421 1
3 5 1
74 266 1
298 575 1
199 822 1
792 899 1
372 410 1
20 297 1
19 147 1
663 791 1
108 132 1
10 49 1
11 26 1
4 134 1
32 363 1
375 783 1
512 974 1
420 473 1
321 685 1
177 785 1
439 783 1
56 419 1
202 382 1
105 206 1
648 652 1
731 735 1
528 719 1
404 916 1
84 876 1
808 917 1
75 137 1
723 953 1
467 833 1
212 311 1
356 573 1
204 241 1
207 603 1
524 628 1
140 793 1
251 901 1
486 551 1
257 330 1
834 884 1
22 36 1
304 834 1
253 671 1
81 778 1
147 467 1
383 504 1
157 606 1
163 265 1
69 299 1
711 802 1
229 694 1
299 355 1
383 823 1
722 841 1
2 21 1
678 856 1
101 961 1
10 715 1
149 585 1
359 891 1
166 266 1
10 857 1
380 511 1
453 480 1
262 803 1
53 204 1
101 435 1
312 357 1
482 813 1
351 380 1
507 773 1
731 967 1
216 417 1
330 534 1
152 189 1
53 330 1
109 336 1
702 734 1
157 182 1
14 160 1
103 786 1
78 741 1
132 461 1
378 483 1
78 426 1
400 858 1
108 219 1
383 436 1
114 647 1
148 723 1
93 122 1
365 836 1
339 757 1
470 872 1
32 992 1
5 73 1
201 841 1
20 60 1
286 589 1
671 831 1
252 700 1
36 918 1
26 175 1
471 786 1
317 531 1
25 359 1
166 844 1
83 85 1
426 542 1
6 487 1
542 863 1
121 934 1
937 986 1
607 883 1
24 260 1
200 926 1
48 56 1
135 832 1
681 689 1
458 635 1
812 946 1
32 705 1
684 720 1
74 264 1
76 651 1
4 67 1
338 358 1
294 660 1
370 832 1
1 96 1
187 844 1
8 516 1
302 528 1
677 727 1
277 828 1
71 952 1
195 235 1
252 335 1
323 779 1
483 497 1
194 999 1
200 375 1
54 255 1
67 899 1
459 771 1
124 859 1
480 488 1
778 945 1
655 986 1
163 560 1
455 985 1
725 859 1
310 455 1
14 223 1
317 760 1
138 158 1
111 232 1
350 502 1
7 64 1
118 544 1
248 574 1
70 783 1
159 396 1
382 449 1
23 77 1
30 492 1
850 929 1
179 926 1
42 822 1
405 919 1
115 636 1
303 506 1
256 537 1
435 817 1
636 764 1
478 715 1
433 585 1
53 117 1
205 318 1
170 414 1
257 952 1
178 333 1
33 485 1
650 802 1
81 245 1
851 911 1
312 489 1
98 656 1
48 389 1
301 508 1
658 975 1
151 961 1
93 184 1
608 808 1
711 756 1
759 889 1
375 509 1
465 797 1
37 193 1
144 271 1
82 138 1
155 324 1
391 870 1
577 858 1
503 910 1
0 616 1
237 496 1
259 602 1
610 625 1
195 971 1
331 581 1
246 753 1
768 799 1
11 765 1
75 155 1
640 941 1
11 492 1
638 984 1
283 576 1
295 556 1
526 681 1
587 790 1
256 597 1
147 795 1
5 174 1
160 256 1
64 513 1
760 921 1
239 501 1
55 855 1
22 155 1
217 565 1
533 900 1
586 730 1
334 335 1
253 743 1
891 973 1
934 969 1
317 589 1
124 932 1
867 905 1
67 127 1
186 666 1
229 320 1
413 467 1
228 614 1
21 360 1
27 408 1
302 477 1
510 898 1
797 934 1
224 878 1
152 659 1
184 319 1
184 871 1
402 582 1
178 866 1
444 827 1
436 969 1
114 231 1
69 368 1
29 873 1
70 637 1
247 312 1
107 308 1
13 425 1
39 923 1
307 518 1
706 847 1
80 144 1
8 215 1
229 246 1
307 567 1
507 568 1
244 259 1
114 803 1
145 370 1
74 96 1
399 758 1
24 113 1
367 954 1
694 899 1
549 698 1
381 520 1
594 675 1
590 701 1
54 105 1
649 993 1
443 686 1
412 619 1
422 826 1
151 994 1
61 120 1
358 899 1
334 900 1
13 42 1
16 265 1
743 854 1
377 692 1
315 509 1
145 382 1
105 355 1
0 34 1
224 344 1
146 733 1
376 583 1
431 801 1
95 760 1
135 188 1
232 397 1
703 780 1
1 30 1
477 720 1
75 220 1
302 689 1
152 483 1
72 878 1
152 554 1
178 329 1
285 796 1
490 950 1
173 195 1
464 722 1
114 981 1
301 783 1
99 439 1
446 711 1
39 280 1
50 617 1
2 148 1
5 6 1
454 792 1
488 562 1
273 703 1
470 640 1
506 659 1
599 748 1
485 605 1
719 768 1
178 250 1
373 526 1
476 541 1
12 62 1
684 804 1
350 490 1
515 622 1
90 965 1
130 784 1
581 696 1
405 670 1
634 769 1
0 623 1
675 919 1
266 392 1
19 523 1
273 458 1
495 813 1
445 915 1
31 663 1
168 255 1
108 593 1
264 515 1
398 426 1
409 610 1
53 537 1
102 538 1
252 337 1
268 976 1
273 317 1
22 35 1
767 987 1
687 751 1
236 514 1
98 624 1
226 692 1
235 821 1
445 637 1
577 697 1
52 735 1
85 594 1
372 374 1
0 683 1
309 432 1
454 920 1
398 747 1
202 885 1
524 557 1
320 961 1
194 258 1
635 998 1
6 7 1
109 748 1
226 811 1
58 701 1
6 13 1
75 993 1
344 631 1
501 760 1
103 681 1
78 363 1
509 702 1
179 937 1
35 691 1
527 595 1
6 74 1
816 884 1
145 227 1
748 946 1
187 819 1
843 987 1
0 1 1
11 82 1
283 809 1
7 8 1
67 94 1
838 899 1
273 745 1
402 738 1
266 657 1
25 31 1
75 391 1
425 434 1
387 400 1
286 799 1
76 118 1
30 819 1
7 745 1
332 447 1
148 950 1
114 411 1
397 805 1
298 830 1
187 599 1
568 999 1
360 653 1
273 958 1
145 712 1
149 713 1
59 474 1
615 904 1
466 681 1
593 673 1
313 389 1
135 846 1
382 932 1
241 888 1
846 896 1
397 872 1
590 608 1
471 849 1
87 288 1
282 434 1
50 163 1
375 896 1
1 750 1
1 40 1
144 664 1
187 964 1
359 785 1
631 814 1
263 473 1
100 802 1
444 580 1
372 753 1
473 678 1
226 431 1
491 959 1
181 928 1
36 519 1
581 784 1
347 481 1
440 516 1
304 903 1
423 765 1
365 576 1
241 742 1
429 549 1
569 991 1
273 296 1
695 859 1
291 686 1
167 366 1
408 524 1
409 922 1
569 595 1
5 28 1
573 600 1
818 869 1
296 343 1
605 657 1
25 577 1
380 605 1
538 762 1
154 611 1
153 518 1
247 270 1
523 639 1
50 56 1
674 860 1
144 158 1
272 624 1
37 128 1
50 86 1
784 890 1
408 611 1
602 890 1
7 522 1
96 171 1
268 582 1
297 688 1
159 844 1
74 116 1
281 840 1
74 149 1
105 310 1
155 347 1
978 997 1
175 721 1
844 922 1
78 370 1
184 615 1
141 330 1
613 773 1
533 629 1
497 924 1
189 924 1
80 701 1
70 963 1
23 323 1
424 505 1
813 980 1
272 499 1
422 708 1
46 52 1
3 68 1
229 546 1
16 610 1
250 364 1
345 603 1
528 693 1
261 339 1
41 48 1
65 592 1
468 535 1
621 971 1
212 417 1
424 924 1
711 850 1
726 806 1
153 742 1
30 556 1
43 488 1
788 815 1
255 282 1
692 758 1
170 322 1
16 153 1
82 788 1
322 836 1
184 897 1
146 186 1
430 853 1
331 789 1
231 373 1
412 701 1
550 750 1
629 652 1
632 962 1
153 516 1
715 739 1
3 18 1
760 956 1
153 451 1
438 877 1
266 287 1
447 973 1
161 776 1
539 842 1
461 601 1
835 852 1
108 316 1
292 910 1
922 974 1
99 881 1
325 979 1
227 964 1
32 668 1
118 188 1
289 407 1
69 227 1
736 985 1
473 568 1
303 490 1
246 504 1
613 764 1
275 444 1
165 238 1
61 281 1
359 573 1
542 770 1
423 726 1
222 433 1
4 38 1
329 696 1
21 854 1
76 217 1
383 669 1
553 591 1
220 526 1
142 843 1
614 723 1
55 504 1
53 452 1
143 515 1
281 989 1
810 932 1
327 576 1
236 416 1
596 872 1
667 852 1
180 399 1
728 954 1
12 703 1
49 230 1
665 912 1
321 927 1
462 577 1
164 293 1
272 875 1
63 313 1
360 705 1
55 524 1
158 806 1
34 402 1
618 817 1
480 495 1
696 848 1
418 703 1
134 187 1
378 911 1
25 642 1
62 714 1
581 793 1
367 405 1
842 938 1
34 130 1
247 775 1
20 80 1
361 695 1
212 961 1
42 325 1
623 764 1
18 897 1
126 277 1
351 448 1
342 423 1
320 578 1
452 483 1
710 868 1
263 756 1
47 559 1
38 192 1
113 470 1
107 183 1
631 973 1
61 502 1
284 559 1
192 257 1
232 334 1
206 879 1
267 669 1
5 810 1
115 712 1
58 112 1
392 737 1
137 903 1
133 234 1
316 509 1
21 787 1
79 167 1
108 865 1
154 288 1
443 766 1
0 54 1
60 519 1
87 909 1
153 450 1
491 643 1
31 905 1
391 571 1
41 210 1
34 315 1
70 920 1
67 572 1
18 179 1
789 962 1
35 246 1
59 899 1
102 431 1
29 694 1
351 563 1
104 623 1
481 719 1
208 778 1
8 11 1
332 607 1
528 846 1
246 265 1
386 818 1
108 391 1
766 937 1
729 907 1
736 954 1
694 796 1
203 376 1
151 154 1
470 600 1
291 468 1
145 958 1
541 739 1
57 331 1
300 763 1
38 547 1
118 247 1
140 952 1
817 884 1
225 674 1
631 935 1
117 124 1
101 229 1
602 983 1
72 125 1
467 948 1
35 668 1
97 684 1
667 786 1
453 566 1
19 176 1
279 540 1
301 493 1
299 604 1
91 510 1
518 772 1
574 859 1
259 921 1
189 383 1
207 564 1
124 794 1
202 306 1
296 303 1
109 500 1
121 152 1
220 791 1
29 79 1
658 825 1
173 328 1
196 399 1
118 157 1
701 777 1
170 196 1
500 631 1
843 910 1
76 824 1
369 640 1
971 995 1
116 478 1
192 684 1
754 772 1
326 650 1
221 393 1
414 502 1
10 90 1
814 965 1
845 952 1
362 838 1
51 95 1
129 170 1
315 409 1
270 679 1
27 614 1
81 226 1
185 470 1
118 351 1
146 267 1
437 699 1
197 568 1
156 558 1
418 549 1
41 332 1
18 903 1
196 219 1
30 93 1
61 368 1
262 733 1
328 425 1
675 947 1
334 826 1
32 838 1
738 902 1
84 878 1
194 434 1
20 176 1
638 763 1
10 14 1
74 134 1
233 670 1
473 987 1
143 398 1
272 895 1
342 691 1
490 613 1
474 500 1
244 747 1
96 564 1
55 821 1
138 661 1
170 527 1
9 711 1
54 348 1
76 864 1
67 97 1
62 637 1
183 591 1
373 686 1
114 228 1
403 870 1
616 987 1
7 12 1
345 870 1
847 994 1
593 602 1
157 728 1
6 213 1
531 782 1
148 198 1
35 133 1
377 517 1
100 388 1
195 830 1
94 834 1
664 709 1
43 744 1
283 653 1
134 732 1
64 164 1
494 833 1
265 689 1
202 220 1
578 905 1
117 647 1
44 702 1
36 673 1
941 966 1
303 502 1
187 321 1
795 973 1
54 625 1
249 338 1
51 240 1
125 209 1
126 882 1
242 580 1
43 909 1
746 892 1
453 658 1
90 365 1
269 742 1
684 851 1
194 221 1
472 482 1
361 762 1
208 354 1
423 506 1
127 753 1
428 697 1
362 377 1
216 382 1
440 498 1
270 458 1
300 990 1
336 453 1
298 671 1
246 967 1
676 772 1
22 633 1
699 744 1
21 91 1
172 433 1
91 912 1
664 716 1
52 115 1
455 729 1
74 162 1
57 110 1
154 180 1
280 703 1
499 570 1
337 601 1
20 23 1
3 222 1
188 991 1
341 466 1
480 995 1
178 890 1
26 109 1
444 608 1
273 314 1
173 392 1
192 688 1
193 331 1
279 519 1
91 92 1
186 530 1
203 283 1
355 551 1
87 645 1
482 757 1
15 19 1
23 491 1
24 39 1
285 662 1
63 684 1
491 533 1
118 142 1
348 420 1
623 676 1
35 46 1
25 354 1
1 2 1
156 161 1
163 762 1
26 775 1
738 785 1
43 465 1
412 531 1
747 939 1
51 209 1
155 171 1
184 557 1
264 427 1
540 872 1
257 384 1
79 111 1
104 921 1
665 968 1
246 628 1
425 938 1
15 730 1
56 641 1
117 169 1
132 257 1
103 139 1
130 207 1
368 401 1
61 479 1
153 170 1
72 786 1
425 984 1
392 989 1
787 955 1
93 243 1
328 469 1
13 32 1
171 451 1
41 715 1
46 654 1
235 657 1
62 570 1
102 738 1
851 900 1
408 576 1
239 256 1
415 704 1
268 464 1
9 825 1
83 310 1
709 846 1
109 893 1
60 291 1
426 743 1
536 976 1
282 484 1
747 792 1
145 369 1
80 949 1
67 952 1
695 730 1
59 259 1
620 632 1
820 995 1
92 604 1
557 969 1
625 849 1
179 914 1
76 283 1
413 548 1
359 756 1
88 440 1
672 699 1
751 829 1
419 761 1
25 289 1
434 942 1
21 56 1
453 936 1
476 486 1
324 686 1
269 445 1
122 693 1
426 560 1
5 952 1
226 255 1
217 819 1
152 302 1
28 295 1
242 833 1
301 411 1
356 738 1
103 884 1
421 931 1
49 146 1
328 422 1
671 721 1
149 276 1
66 84 1
408 575 1
721 797 1
80 458 1
195 330 1
49 377 1
22 263 1
614 881 1
758 827 1
284 449 1
23 214 1
16 930 1
138 214 1
655 686 1
232 299 1
589 727 1
841 854 1
180 612 1
139 201 1
314 464 1
26 374 1
848 936 1
83 144 1
27 487 1
331 629 1
617 914 1
374 678 1
322 748 1
216 550 1
21 276 1
49 89 1
565 644 1
137 225 1
393 420 1
227 512 1
229 439 1
89 101 1
632 978 1
290 291 1
201 842 1
224 366 1
387 619 1
300 519 1
746 920 1
350 403 1
96 769 1
8 58 1
67 134 1
206 539 1
72 346 1
26 749 1
19 24 1
57 212 1
922 967 1
196 413 1
788 812 1
846 960 1
215 922 1
452 981 1
413 569 1
328 801 1
287 735 1
506 754 1
491 873 1
782 916 1
277 556 1
166 990 1
515 933 1
655 932 1
27 340 1
151 506 1
774 845 1
19 75 1
86 108 1
219 565 1
142 471 1
577 901 1
667 894 1
5 79 1
821 919 1
20 166 1
427 707 1
505 906 1
241 446 1
356 727 1
272 682 1
292 655 1
507 601 1
90 868 1
154 301 1
418 441 1
108 693 1
518 948 1
659 955 1
231 412 1
4 22 1
263 936 1
233 959 1
368 521 1
753 844 1
320 356 1
682 892 1
171 459 1
59 394 1
331 862 1
4 16 1
367 884 1
2 448 1
329 472 1
56 239 1
536 804 1
288 324 1
314 956 1
40 983 1
12 572 1
635 972 1
415 503 1
613 795 1
6 978 1
51 297 1
440 819 1
248 493 1
140 254 1
343 776 1
412 984 1
362 825 1
62 242 1
104 189 1
168 331 1
26 65 1
423 634 1
324 718 1
85 397 1
16 294 1
255 317 1
73 862 1
105 678 1
641 900 1
874 913 1
10 404 1
213 237 1
157 537 1
350 874 1
196 660 1
574 855 1
250 309 1
290 752 1
174 905 1
343 618 1
760 806 1
717 911 1
467 700 1
374 498 1
266 415 1
420 687 1
90 677 1
250 470 1
496 617 1
716 771 1
165 569 1
136 199 1
308 740 1
323 339 1
88 135 1
701 794 1
9 390 1
221 269 1
504 763 1
466 626 1
88 633 1
20 25 1
866 974 1
589 648 1
72 82 1
142 486 1
420 951 1
278 502 1
40 55 1
515 930 1
548 560 1
253 468 1
176 261 1
417 450 1
228 304 1
141 502 1
551 922 1
217 376 1
59 627 1
755 998 1
365 748 1
1 764 1
282 771 1
818 906 1
2 167 1
176 244 1
245 928 1
227 805 1
278 373 1
613 965 1
118 275 1
726 752 1
294 769 1
484 919 1
282 381 1
196 332 1
769 838 1
262 818 1
397 704 1
33 414 1
116 353 1
308 444 1
145 596 1
164 654 1
44 146 1
38 44 1
817 877 1
390 968 1
194 961 1
630 852 1
445 590 1
95 824 1
326 453 1
275 786 1
586 801 1
405 932 1
10 513 1
76 457 1
62 472 1
73 269 1
256 677 1
426 711 1
310 682 1
130 140 1
581 699 1
452 881 1
235 447 1
312 544 1
784 873 1
27 846 1
445 680 1
20 724 1
28 537 1
934 947 1
36 229 1
19 104 1
138 817 1
457 597 1
272 460 1
2 772 1
79 218 1
183 350 1
634 977 1
71 203 1
651 899 1
715 723 1
348 454 1
15 326 1
141 942 1
120 173 1
408 763 1
304 469 1
434 735 1
94 638 1
349 839 1
277 588 1
270 660 1
70 439 1
0 71 1
392 566 1
280 600 1
677 883 1
164 448 1
570 812 1
336 939 1
777 886 1
86 895 1
99 529 1
693 773 1
19 22 1
172 269 1
436 475 1
67 129 1
180 245 1
155 165 1
166 200 1
413 536 1
776 919 1
248 858 1
46 87 1
670 816 1
2 102 1
448 902 1
815 923 1
277 327 1
417 436 1
932 982 1
28 53 1
705 770 1
5 15 1
124 592 1
125 911 1
220 236 1
312 365 1
579 804 1
649 963 1
86 290 1
284 875 1
849 913 1
126 940 1
239 854 1
296 703 1
195 285 1
29 704 1
31 756 1
142 168 1
168 342 1
181 591 1
848 864 1
463 638 1
854 988 1
31 688 1
353 413 1
140 355 1
537 789 1
412 881 1
456 532 1
582 672 1
59 136 1
18 390 1
406 927 1
462 552 1
132 517 1
275 875 1
108 358 1
286 429 1
18 559 1
40 517 1
185 273 1
5 51 1
42 204 1
55 257 1
732 867 1
283 425 1
600 734 1
129 130 1
137 252 1
511 881 1
542 840 1
450 684 1
90 664 1
263 738 1
67 92 1
699 961 1
451 507 1
104 611 1
720 735 1
506 802 1
126 692 1
611 918 1
276 880 1
96 100 1
168 681 1
592 889 1
515 624 1
10 398 1
118 432 1
624 629 1
169 356 1
533 540 1
108 777 1
399 559 1
5 494 1
857 905 1
179 221 1
413 915 1
159 384 1
93 216 1
299 585 1
255 278 1
301 725 1
194 352 1
280 969 1
91 774 1
526 745 1
195 419 1
289 550 1
521 532 1
509 525 1
467 641 1
774 976 1
136 755 1
132 159 1
708 806 1
35 367 1
57 632 1
419 649 1
158 673 1
110 728 1
361 362 1
15 539 1
253 298 1
537 870 1
604 980 1
444 834 1
495 761 1
8 347 1
280 618 1
174 601 1
126 206 1
554 874 1
95 814 1
60 131 1
168 497 1
21 378 1
77 119 1
941 982 1
14 637 1
412 415 1
456 729 1
217 604 1
268 501 1
294 463 1
61 510 1
89 588 1
124 891 1
2 613 1
467 925 1
290 478 1
362 508 1
132 307 1
228 528 1
502 837 1
1 318 1
318 415 1
23 41 1
183 820 1
192 312 1
930 957 1
374 927 1
40 303 1
39 263 1
226 524 1
95 690 1
62 502 1
72 256 1
58 177 1
559 716 1
297 629 1
429 641 1
594 697 1
683 823 1
120 668 1
143 373 1
466 627 1
3 17 1
280 708 1
666 781 1
17 29 1
29 78 1
233 553 1
4 268 1
40 929 1
338 479 1
445 462 1
187 407 1
51 432 1
9 706 1
73 352 1
417 815 1
750 984 1
5 10 1
161 800 1
532 637 1
376 846 1
635 917 1
279 384 1
169 353 1
449 740 1
242 262 1
44 108 1
6 706 1
177 426 1
173 336 1
308 371 1
394 469 1
556 630 1
36 558 1
9 461 1
12 69 1
748 819 1
451 873 1
457 635 1
41 253 1
393 738 1
208 649 1
425 470 1
92 106 1
303 765 1
344 400 1
246 894 1
260 979 1
303 582 1
461 797 1
754 928 1
354 751 1
464 550 1
230 299 1
170 467 1
936 970 1
177 190 1
592 740 1
125 379 1
598 672 1
73 592 1
567 906 1
353 485 1
77 866 1
422 459 1
227 421 1
260 790 1
41 274 1
158 345 1
221 222 1
53 284 1
117 508 1
310 882 1
414 445 1
541 810 1
599 887 1
491 957 1
115 742 1
80 667 1
66 921 1
671 914 1
161 750 1
12 913 1
205 924 1
377 703 1
914 968 1
101 609 1
433 818 1
155 737 1
321 706 1
505 951 1
101 264 1
515 888 1
326 835 1
538 584 1
112 621 1
343 650 1
72 646 1
293 300 1
633 996 1
724 801 1
861 911 1
50 583 1
253 677 1
86 144 1
109 342 1
1 37 1
445 905 1
620 807 1
802 995 1
599 736 1
506 797 1
128 150 1
512 919 1
17 176 1
583 743 1
112 248 1
278 290 1
116 527 1
48 125 1
255 773 1
106 716 1
495 679 1
135 837 1
406 816 1
116 820 1
85 456 1
469 739 1
130 824 1
534 882 1
98 269 1
69 783 1
389 922 1
55 357 1
2 20 1
137 931 1
512 584 1
351 465 1
165 877 1
228 399 1
603 741 1
194 931 1
152 708 1
454 785 1
14 47 1
115 281 1
20 714 1
338 907 1
569 838 1
461 869 1
347 779 1
155 386 1
54 57 1
455 814 1
213 829 1
13 184 1
47 59 1
445 974 1
631 918 1
338 954 1
631 751 1
443 677 1
202 476 1
298 639 1
91 555 1
962 995 1
113 198 1
33 890 1
512 567 1
631 977 1
406 774 1
197 4
301 4
389 3
177 1
443 4
875 2
691 1
934 2
940 5
663 2
951 4
183 5
860 5
766 3
629 1
395 1
159 5
954 4
545 5
790 1
876 3
607 5
546 4
454 3
163 4
488 4
672 5
683 3
656 2
823 1
534 4
262 2
349 3
385 1
896 4
666 3
519 5
41 2
594 3
667 1
414 1
202 1
798 2
383 3
725 1
738 5
332 2
119 3
623 3
612 4
227 2
514 5
417 2
399 4
337 1
480 1
722 5
26 4
87 1
669 3
186 5
853 4
310 4
224 2
960 1
649 5
959 2
772 1
981 3
630 1
378 3
512 5
965 1
143 3
917 4
953 3
988 1
405 2
451 4
907 1
909 2
476 2
47 5
214 1
895 5
126 5
804 4
380 4
207 2
542 1
354 4
103 2
368 4
191 4
812 4
555 1
579 1
433 1
660 1
985 2
193 5
293 3
63 2
987 4
796 5
466 5
548 4
729 5
665 3
208 4
898 4
261 3
528 1
624 2
403 2
449 3
736 2
854 4
929 5
625 2
831 5
714 4
712 3
372 5
874 5
678 1
915 4
485 3
828 1
799 2
495 4
220 4
400 5
236 3
605 4
793 2
465 3
687 4
89 1
170 4
268 1
975 4
785 2
754 5
370 1
816 2
743 4
230 2
239 2
675 1
815 4
599 3
628 4
505 4
158 4
889 2
306 2
968 4
65 4
652 5
316 2
679 5
22 3
374 2
879 5
920 1
779 3
580 2
811 1
43 3
342 5
584 4
532 1
719 4
595 3
963 3
791 1
205 4
627 4
741 4
324 2
525 4
753 4
396 3
837 2
254 1
444 4
493 4
445 2
144 3
303 1
552 5
475 2
521 3
481 5
510 5
856 3
60 4
740 2
489 5
290 1
146 2
406 5
885 1
840 2
25 1
976 2
315 5
622 1
339 4
670 2
112 5
626 3
560 3
190 4
281 3
775 5
553 5
430 1
955 2
644 2
467 2
858 5
983 4
643 5
133 5
200 3
947 5
863 2
121 1
291 4
873 4
169 1
474 5
34 2
106 5
155 2
728 2
852 1
482 1
517 4
219 3
647 4
998 3
693 1
991 2
523 1
578 4
366 3
911 5
832 4
131 2
128 1
468 1
759 4
880 1
420 1
38 2
535 5
869 3
256 5
757 3
851 1
165 1
972 3
48 1
902 3
577 2
733 2
547 3
887 4
491 4
559 4
690 4
849 5
561 3
107 4
923 4
906 4
814 2
460 4
861 1
270 3
926 2
456 5
413 4
835 5
689 2
707 3
788 4
946 3
996 3
901 1
774 1
570 1
343 4
752 1
990 4
77 1
945 1
344 5
341 3
246 5
621 4
56 2
747 2
483 2
75 1
758 3
479 2
692 4
271 2
827 4
562 5
930 1
288 4
233 4
749 3
50 4
265 1
311 2
272 1
424 4
180 2
386 3
313 2
242 4
440 3
908 3
267 4
957 3
530 4
401 2
948 3
723 2
803 4
189 4
755 3
350 3
135 1
554 2
694 1
949 4
132 2
925 2
160 2
367 4
455 2
245 1
609 2
223 4
402 1
274 5
762 4
335 4
82 3
490 4
778 5
346 5
438 4
900 1
974 2
371 2
674 1
950 2
31 1
868 3
686 3
765 4
603 2
636 4
677 2
16 3
893 2
767 3
882 3
892 2
933 3
436 3
36 3
225 5
473 3
323 4
536 2
922 2
567 3
610 1
302 5
697 4
556 4
176 2
538 3
746 2
428 2
322 5
664 1
411 5
437 1
45 5
787 3
886 1
995 2
818 4
894 1
86 5
914 4
361 1
654 4
726 3
662 2
768 2
497 5
88 1
382 3
633 1
442 4
912 5
676 4
253 2
786 3
498 2
338 2
123 1
391 3
709 4
986 1
980 4
33 1
410 1
407 3
98 4
867 1
588 1
993 1
499 4
238 2
865 1
606 5
808 4
355 3
870 2
492 4
551 5
781 3
608 5
964 5
658 1
358 2
807 3
784 2
110 3
789 4
761 2
642 2
659 4
646 2
639 3
244 5
348 3
571 4
717 2
384 1
695 1
44 2
563 5
506 3
924 2
416 5
613 5
331 5
500 1
839 3
379 5
150 1
617 2
507 4
813 1
518 5
234 3
147 4
718 3
375 4
105 3
650 1
125 2
916 2
558 4
844 1
153 4
616 1
509 1
582 4
680 1
182 3
462 2
682 5
307 2
83 4
681 4
700 1
