2000 4000 1000 1167
165 446 2605
334 1755 9114
917 1072 6500
1220 1944 1682
1343 1497 2251
230 713 7928
530 1720 8585
927 1085 9578
600 1810 7187
157 810 3709
958 985 7369
1147 1294 1412
755 1917 1955
305 426 7861
21 274 3208
762 1022 9936
1720 1796 5343
864 1652 4832
398 603 9097
1205 1301 9080
706 947 6999
385 726 8110
435 647 4310
1173 1336 1612
26 1063 6513
304 386 2283
489 972 8903
604 1789 1797
50 1729 706
1000 1381 2888
218 1132 6507
184 351 3824
262 1331 2609
1325 1336 6845
1452 1589 6332
1072 1598 39
270 302 8838
101 1782 6678
281 1357 5929
210 1306 5637
112 817 6344
456 509 3528
218 1959 751
1438 1753 103
490 1344 8231
120 394 1351
615 1514 245
279 1627 867
1148 1488 9467
324 1252 4408
509 1954 9870
9 317 3859
504 1731 5706
531 1579 2602
521 993 3844
1345 1523 3222
15 908 5326
945 1458 9247
249 555 5137
438 592 6946
555 1961 2121
428 777 7465
627 1765 3298
503 1812 4367
1270 1580 5814
343 1622 9981
722 1875 4697
1138 1145 7385
1111 1657 8740
559 1320 6086
629 1287 7473
567 699 9038
489 1657 9984
9 90 362
446 801 2295
183 511 5208
1394 1918 8552
138 835 3365
896 1081 6498
125 131 1571
485 858 3472
756 1899 8097
697 1453 5483
564 1872 3114
817 1468 4466
264 1105 8269
1267 1615 5585
594 1926 6743
108 825 2312
335 1310 690
88 93 7513
383 1430 9199
745 1766 3844
816 1244 1582
53 92 3962
1635 1759 7826
1611 1660 7990
434 1141 7009
744 1960 9095
45 66 4573
556 768 2397
803 1540 1761
478 1076 8615
17 636 6752
1004 1022 9941
1519 1862 4606
355 675 2157
328 1184 1328
872 1715 3502
74 101 3584
1427 1992 1846
216 1465 4537
193 340 2691
113 992 5868
513 776 2765
200 950 1613
18 229 6226
536 966 9971
214 1671 8992
1588 1736 8310
971 1638 2669
820 1156 4987
862 1952 1486
1051 1179 4185
1043 1551 6957
412 1308 5179
450 1522 3614
1360 1413 7534
429 532 4489
767 856 2778
1403 1979 6389
503 815 7733
377 462 1579
121 655 5666
911 967 4238
599 657 5098
1055 1785 6042
532 921 7857
1268 1608 238
496 1389 8664
630 1658 8659
373 1879 4076
890 1343 5394
741 1546 1590
19 121 9526
61 1767 8000
456 1121 9364
1279 1824 9308
754 1985 1119
423 472 8770
327 1925 1962
1311 1505 2933
826 1013 627
64 1584 3359
474 966 1784
114 711 1876
566 611 9074
219 1368 4878
506 1803 8185
341 656 9388
901 1892 993
622 1099 9867
1047 1311 7141
1972 1976 1847
1083 1932 3643
617 1107 8602
943 966 1861
1457 1845 1878
128 909 5713
698 1833 6633
207 485 458
69 1040 9839
240 388 9518
1013 1564 3478
860 1140 9257
600 1503 5190
236 449 2870
802 1941 8124
282 482 9581
324 1018 238
135 165 7015
3 84 984
1162 1402 7262
1445 1475 1408
748 1052 7227
344 1552 2526
144 1379 4902
128 1137 1978
78 561 6044
704 1968 1985
896 1266 4463
908 1620 6355
819 924 6812
203 256 342
437 1480 7072
1518 1735 8493
511 1126 2671
260 1773 148
133 914 8466
549 931 1338
1136 1604 8109
406 692 8785
708 1827 5452
1561 1815 1072
161 1384 85
161 1359 7068
698 1069 8421
30 311 4206
1198 1922 21
298 1641 6235
715 982 1437
1495 1659 6590
317 370 5676
30 1298 5795
981 1894 3358
1086 1320 170
419 1887 4635
270 412 3209
906 1206 7698
473 489 6156
1042 1702 3612
405 1639 3646
256 1584 3250
1675 1970 4956
1506 1896 4063
900 965 7582
1087 1187 3991
314 1515 601
65 207 5062
145 1157 6124
150 1702 45
232 1632 2460
360 628 1793
121 577 8321
13 23 6366
50 242 780
50 1801 3200
396 545 4173
59 71 5195
610 975 9687
343 1398 6091
872 1844 2944
194 1380 3767
1614 1762 1292
213 750 8967
363 473 6974
280 1668 6963
573 1114 745
115 604 741
600 1847 1284
527 1590 2623
782 818 2245
223 911 5568
545 1655 3835
239 864 5618
439 1152 3144
1477 1483 4837
1689 1972 577
4 169 1727
201 1908 7479
492 1214 926
189 298 1470
564 856 4496
1473 1593 177
684 809 4782
53 1692 7278
325 355 6575
368 1965 98
212 920 1881
784 1741 8321
425 1843 2295
223 1684 1525
545 1345 3212
1195 1967 7782
207 1705 2311
110 831 8903
676 1852 1483
326 1083 3756
40 624 5293
1663 1829 527
272 1359 1698
147 244 442
134 611 4730
111 842 3804
197 1485 1243
914 1071 460
1527 1638 2634
526 543 1891
264 413 1834
749 1925 5354
1156 1564 201
29 195 7772
625 976 7791
46 1182 2111
1569 1983 1386
328 1444 787
744 1799 3608
1457 1494 9071
194 684 9387
356 1527 5844
700 1191 8899
17 388 8885
307 1168 3653
66 1854 1072
313 1963 9798
1365 1811 2404
381 1656 1415
429 1671 5345
809 1673 7995
716 1615 8833
1269 1983 1809
200 575 4394
861 1995 1344
1116 1592 3446
318 1657 690
1116 1964 2403
824 1097 780
404 666 8743
1166 1598 4224
900 1383 2071
403 1086 2439
146 1158 7546
287 1443 3732
1467 1798 8667
298 1267 7596
166 1314 4023
41 48 1808
616 692 257
567 1360 5171
40 1009 5179
470 686 1955
1237 1261 4123
1357 1983 6351
1575 1977 9950
218 1370 5491
695 1901 7631
1098 1749 4186
231 646 2062
1216 1236 5690
1006 1460 4557
609 640 1612
575 664 875
621 1201 5238
765 1296 5752
134 1153 7246
153 249 8652
382 914 6056
100 1078 4791
736 1280 4299
33 1749 481
1154 1188 1686
351 444 6575
624 833 2927
366 1893 6063
137 161 6299
854 1420 8838
476 602 7527
1404 1846 764
665 1341 2882
341 643 6802
923 1512 8545
1452 1929 9469
169 382 3499
33 1330 3520
7 524 744
200 1876 6012
175 690 9577
220 497 8382
850 1343 7285
656 1565 5128
688 1562 3753
774 1892 778
381 607 1171
542 1547 372
932 1062 5709
374 764 889
1029 1237 4109
1218 1781 4703
874 1503 5273
850 1536 7035
768 1011 5264
78 1842 4553
184 903 3719
181 1001 7388
1289 1523 6676
49 997 2248
491 1551 4878
901 962 4283
139 297 4553
615 1407 2513
463 553 3181
38 202 158
63 498 9733
375 1351 4863
977 1197 685
499 1533 7977
1892 1971 5247
781 805 5715
906 1209 6808
40 536 8420
911 1228 2488
622 1149 2289
1588 1995 1943
4 305 5194
584 688 1525
875 1668 9617
241 1018 5209
35 358 5179
102 113 8266
689 1111 974
380 513 8312
1437 1984 8539
1766 1841 8309
203 715 8939
1543 1732 9975
92 109 8185
1049 1414 3540
233 260 5183
280 741 8487
889 1294 8086
604 1020 4394
131 1098 1069
293 1117 8557
1163 1939 6905
483 1338 7170
727 1499 8787
613 1625 7742
32 532 7995
1722 1805 9510
1300 1334 6851
1158 1286 4162
935 1944 9899
361 470 3797
862 1156 1066
111 1600 1255
42 431 9089
1793 1969 7297
130 1704 2512
339 773 6774
283 1463 4155
1046 1917 3718
389 917 8594
141 740 4108
1491 1791 1279
1069 1533 5059
769 1525 8929
1011 1943 4403
879 1575 5151
817 1054 4892
294 502 5603
114 401 8151
506 572 6100
995 1572 4118
315 1130 5161
6 47 2190
432 860 4725
902 1957 3010
720 1281 7964
1064 1901 5605
1009 1792 9328
1192 1498 2054
145 275 1610
793 878 895
145 164 427
105 1590 9267
101 489 9531
64 564 3554
1006 1312 3380
53 372 8348
88 1956 520
1802 1909 3685
538 571 6896
840 961 7593
719 964 7378
712 1294 8427
301 775 1767
680 1814 6147
118 1457 6902
1081 1762 6012
473 1932 9475
492 767 442
456 799 2793
1687 1787 6704
124 1236 8393
513 1505 8150
154 1618 5446
1073 1870 9939
571 1749 4101
360 1160 9417
115 791 4675
253 1158 3126
437 698 4102
84 1268 5136
394 596 5854
103 336 2294
40 1113 8427
1090 1168 4221
1109 1527 8220
1588 1894 5260
1062 1569 5764
1311 1833 3221
367 950 5807
399 958 9266
29 81 4757
843 1433 2143
265 539 8269
751 1096 8641
466 850 8922
187 1025 5670
515 978 1202
618 1490 7684
196 207 8540
160 1732 3065
165 387 2632
723 1130 8332
986 1074 1321
1506 1906 3346
801 1435 1228
1010 1842 1861
192 1167 6719
945 1987 8273
972 1452 1424
1152 1670 8911
1077 1260 5366
781 992 3232
119 507 7322
359 1233 8942
297 1087 5616
12 17 2200
42 520 2546
238 838 5314
489 1746 1930
303 1239 2552
1150 1711 7634
825 1125 632
92 93 2975
656 1576 5384
33 1219 8693
90 140 7544
75 143 4022
695 1539 4682
1353 1595 6309
392 741 5225
735 1985 2939
356 397 2946
398 447 2891
513 1822 9767
1421 1746 2101
1593 1711 3601
744 1246 5249
1219 1328 4905
1226 1995 4247
901 1976 5000
1640 1717 783
482 751 1715
8 1422 1607
305 1327 3592
1290 1536 7591
249 778 8461
65 1001 7771
1593 1960 931
620 667 6611
124 1812 5470
914 1624 612
382 812 1457
504 1792 4917
260 1405 1026
631 1971 9705
350 1109 5657
1841 1849 7307
893 1350 6726
212 736 1832
259 443 3037
1564 1767 9639
155 1182 1892
407 538 4642
423 460 8078
258 734 4443
1063 1239 7707
711 982 2933
792 797 8855
503 859 4853
200 631 4466
903 1106 3041
1576 1902 7239
263 1200 7878
441 1688 3215
1394 1850 5135
937 1644 6755
894 1486 4338
1039 1627 3982
691 989 8638
340 1149 3178
926 1095 3858
926 1984 5793
367 1815 2979
279 670 5650
442 548 1525
105 975 9205
676 1066 3646
699 1171 3829
514 547 3097
832 980 1552
906 973 6072
234 1378 934
423 976 4854
199 819 1963
362 1846 4074
1191 1250 6780
155 287 9258
558 795 3243
1803 1826 8389
990 1685 7664
40 227 4710
1150 1651 58
622 1158 9209
19 365 7213
193 706 4565
157 1481 9894
1443 1758 5779
613 1482 6939
121 1896 1841
955 1467 5849
628 879 7811
495 1042 2885
1544 1840 3775
25 208 6520
795 1751 7118
140 433 2149
1591 1607 9492
693 1869 2940
1373 1755 8134
1218 1395 3909
1437 1682 5667
211 245 3109
882 1057 6859
1520 1859 6252
55 373 1430
475 1302 7428
1 2 984
716 782 8137
64 117 1093
137 1075 1259
373 417 8314
925 1227 1963
453 724 8420
322 556 5510
23 33 3457
925 1871 9452
203 268 644
677 1691 9926
914 953 4571
709 1727 9292
179 250 3134
22 1726 1084
1017 1439 7679
1052 1198 2909
198 1385 4359
962 1534 6271
60 1783 6324
81 94 3883
1733 1957 8653
1088 1823 4050
620 1280 6660
875 1224 2491
345 368 5483
1013 1129 1357
1028 1074 3854
562 822 7244
397 441 6595
160 356 8592
745 1465 8309
614 741 8029
214 386 8389
670 1435 6377
501 642 7720
1068 1649 6082
965 1932 3940
415 1597 1850
1027 1408 866
1062 1739 3828
109 1897 4979
663 1852 4677
1172 1795 4182
9 954 2011
95 629 1065
1107 1191 7325
437 1942 2277
511 952 2037
992 1794 7066
1243 1908 2310
563 695 2919
690 1395 7247
775 962 8983
186 262 6538
492 1774 6116
1204 1556 5580
697 895 3632
360 500 9323
1021 1430 8169
1369 1484 306
586 1932 9856
898 1427 160
190 213 3565
194 261 8849
238 1260 3975
296 1599 9583
139 1584 2402
1284 1991 3782
247 646 7545
324 1583 1993
780 1371 2491
595 1712 3626
848 1392 1763
1426 1958 742
824 1754 6277
287 1047 3333
1093 1219 5047
1516 1655 6200
964 1760 1575
190 208 1752
1442 1933 2776
1617 1656 8161
600 1043 3048
253 1943 3216
136 877 4450
183 1168 5101
83 1490 6956
147 1726 103
661 1356 3824
447 653 7648
29 1559 4290
111 119 3088
55 105 5407
174 767 7927
95 448 5752
5 7 3783
145 171 8278
764 1041 2904
389 1128 9631
895 906 9562
1035 1488 1818
393 592 3883
117 703 1166
287 455 1500
283 390 2617
1320 1425 8577
69 481 3467
321 701 4198
1174 1292 85
242 674 5829
95 775 2367
959 1019 3496
943 1923 9235
51 1524 7627
1634 1648 5837
220 308 4152
81 1619 9882
32 1072 8463
35 116 1403
1149 1710 571
185 194 9208
17 24 2442
489 1315 5073
1351 1767 357
35 954 9502
1011 1781 3165
749 1335 504
259 464 980
631 1791 1927
35 437 4673
884 1078 5647
108 243 3687
18 1018 5736
35 763 1183
126 872 3978
148 1155 31
317 824 5032
723 1520 1959
1503 1982 2008
95 245 8820
424 1860 7615
738 1163 6109
92 726 7113
999 1515 6399
858 1155 9750
685 770 1654
449 1130 8796
961 1137 1337
790 1313 5908
55 153 8034
571 1685 1819
1097 1609 1347
724 1925 8828
829 1231 9280
347 1948 2539
968 1391 175
44 1666 4059
658 913 6546
103 873 6049
173 1664 2671
917 1693 2230
1390 1562 655
105 154 9890
57 151 626
604 1718 3227
167 387 6298
1043 1788 4139
128 349 5713
661 1508 6620
792 1613 6703
525 1047 7411
920 1423 6766
13 1287 8184
945 1000 9482
1636 1989 5007
1448 1548 1654
95 138 3694
322 347 180
325 808 5791
75 529 1493
487 987 657
1394 1509 9952
131 516 7319
697 1832 7996
130 145 919
904 1565 830
790 958 6551
40 741 4396
411 570 8138
390 1735 8464
333 838 3608
273 1967 1487
288 1910 9763
676 1235 3951
1065 1469 9625
688 943 2552
507 1685 4829
1171 1660 1655
1371 1851 5153
1155 1192 9531
1 1530 8065
1284 1855 4236
378 1332 9487
255 790 3402
300 1240 8884
1358 1772 8770
976 1685 7288
432 440 4551
154 467 3411
1164 1236 1468
812 1116 7502
1259 1652 5822
1654 1974 9419
279 318 7847
268 524 1948
65 67 9107
562 1296 694
694 1081 1010
749 825 8150
634 1702 5834
577 954 405
163 1028 9064
1005 1563 6540
49 99 9940
1678 1794 9899
112 1792 2059
19 115 7517
1353 1539 856
1281 1425 9440
1259 1478 3995
21 778 9074
617 889 638
771 1027 2370
875 1806 886
107 906 4272
967 1519 8585
650 1481 5321
851 1452 4900
75 1869 3360
54 69 8405
1622 1953 4244
795 842 6643
1007 1734 1261
138 1485 2974
804 1957 7976
355 360 8428
341 1604 4232
263 1238 8126
121 378 4399
1 18 5666
741 1073 316
120 1640 1929
302 933 5482
151 1140 1000
726 1731 5771
0 56 9811
119 248 1456
45 190 1486
834 1223 7092
603 1918 8689
1034 1205 1452
30 1767 7373
1544 1872 1936
218 1652 22
228 552 7514
1272 1281 9235
368 415 668
82 1904 9557
1366 1797 7536
535 1410 9515
493 1858 9032
354 930 1318
1579 1585 958
843 1137 6122
40 337 8894
1571 1677 1525
162 344 6203
564 1223 8703
265 1861 570
0 776 3938
847 1172 1542
1572 1839 374
1011 1328 4692
575 1162 5172
160 330 1652
201 843 4755
316 478 3696
585 1430 7727
789 898 2913
229 1332 5277
212 1467 8538
1020 1609 6429
404 763 2974
1003 1354 6280
102 182 7727
345 513 712
536 1498 7289
518 834 8595
441 1051 8174
267 551 3874
106 384 6708
68 940 8278
330 872 6118
296 1901 7877
456 662 3991
7 130 7064
60 1863 5237
21 1469 1199
209 507 3293
858 1532 3946
1433 1794 9245
424 812 2619
520 1998 1109
395 1836 8789
1292 1672 135
106 795 9079
144 986 1472
555 1597 8225
1013 1475 1122
83 212 6940
503 1326 1965
1231 1713 2444
442 1278 8539
1092 1921 1606
83 1413 4928
179 1646 8584
45 363 1587
687 1445 4206
74 1783 2318
1078 1781 5404
1426 1893 5285
59 253 4539
889 1110 9242
737 1077 602
603 1678 9257
508 1593 5679
943 1157 9767
359 1827 2950
468 525 5576
1799 1928 6624
1453 1484 3410
179 1744 5452
875 1030 6875
106 1967 5815
57 137 4166
201 878 6868
135 471 8259
751 1979 3579
1460 1793 2557
101 714 7137
333 1920 7530
372 1436 4298
1368 1937 8974
449 1193 8643
514 1062 6773
414 1638 3153
994 1463 3913
734 1627 5139
738 1449 2957
1619 1763 8273
45 189 6171
637 731 9650
823 1300 6384
438 846 4780
480 621 3977
543 1463 8640
455 1900 5402
166 301 118
63 1462 5080
971 1674 6726
1021 1901 7224
581 962 8795
546 1082 5396
1154 1474 5224
1583 1654 8423
1112 1394 4193
24 1167 3022
301 1470 4492
170 667 2767
263 350 3101
150 418 5329
402 1510 5373
1043 1476 9305
1042 1503 7660
1103 1284 2123
266 367 9607
980 988 6316
98 1100 5486
4 192 3018
817 1070 2209
367 684 9091
623 1786 6532
188 545 8361
245 1425 8238
1422 1521 2816
379 473 1257
1003 1714 1233
266 1207 7649
1701 1952 216
368 1350 4933
1805 1895 1849
1593 1708 1460
53 406 7153
615 1314 2659
1009 1608 3685
54 1705 3230
417 983 1700
94 110 5305
235 1467 3454
1047 1641 5993
1078 1951 4268
1364 1543 4704
713 1906 8694
1041 1947 1136
329 1033 8718
898 1100 3438
1450 1697 3542
287 323 250
383 1585 6374
790 1420 190
1134 1456 4628
1264 1265 1262
207 744 9407
193 544 2044
542 1305 428
1251 1868 5378
724 1310 509
1440 1844 6693
1263 1555 1877
414 523 7252
621 800 6742
185 327 3878
20 84 1775
626 1573 8292
480 1006 9527
27 61 2191
463 1002 9337
501 509 424
99 206 6138
559 1270 6159
992 1084 6466
637 846 5394
183 375 1267
450 1885 9704
992 1280 3581
18 1168 384
1912 1978 9492
514 1369 4799
590 1282 4978
571 1554 5261
1058 1792 646
373 803 2680
649 1686 2827
88 111 2370
9 215 3531
1724 1914 5191
1384 1995 917
218 777 2250
813 1261 2694
717 1575 6628
52 118 4131
50 771 9560
1118 1315 8319
516 1589 6792
1404 1601 4544
1227 1789 8585
488 840 5412
1565 1985 9380
174 345 4373
411 857 2141
876 1906 7412
622 1295 8187
1153 1790 3624
832 1053 4132
426 1576 3828
96 434 93
1229 1799 5016
33 267 7143
1097 1704 4342
96 755 9117
621 1070 2719
310 690 7842
617 1024 1592
854 1550 5236
1498 1940 2984
783 1090 2257
152 854 2803
952 1461 4007
1588 1748 7142
725 802 1002
1618 1796 5323
210 1409 5278
103 172 9444
488 1831 7023
149 980 4297
786 1371 9123
787 1309 5185
150 1112 14
586 1008 602
795 1500 976
1310 1904 5719
1124 1416 3985
554 565 6061
557 995 8266
1192 1298 8526
778 1897 670
1312 1369 4625
203 1607 6300
639 1258 8127
391 557 1047
1141 1494 4898
137 910 2598
329 1312 1342
801 1010 8532
196 1032 9320
598 1618 1731
803 1950 5821
1628 1710 3984
7 376 3101
574 1337 1909
903 1293 3002
343 450 4374
134 250 9484
590 1580 7871
412 661 7592
952 1801 2892
985 1531 8505
867 1541 779
17 587 3653
890 1538 1340
45 410 4734
348 1091 4394
380 704 1686
450 1843 2594
731 1212 6922
208 530 4294
495 650 175
570 1008 9508
315 1919 7084
280 289 5385
1141 1239 2853
174 491 8785
107 1800 5049
528 1113 1480
703 951 6243
119 209 8573
575 1563 386
97 970 5353
657 1838 6625
84 1581 6730
26 729 3852
361 1617 7489
1077 1851 5146
1371 1812 2156
264 1269 3322
1353 1915 3841
145 837 1026
574 1458 277
394 1304 9401
997 1262 5255
253 502 4650
785 1766 9583
36 1887 3024
987 1658 9471
671 1459 913
718 1415 9375
1565 1667 3403
1083 1807 2825
1155 1740 2780
362 619 2296
1211 1739 3866
443 821 5102
114 1003 137
1 568 7484
895 1049 2021
435 470 5811
613 1179 9671
115 828 9257
55 1470 4550
478 1554 1832
678 1320 6942
213 1845 8167
959 1675 7116
70 469 8807
321 1596 7517
125 460 4824
437 480 254
568 694 973
84 676 7137
37 1234 1241
712 1776 4127
1800 1838 4962
1447 1811 6315
749 1105 8644
296 721 1460
119 1910 5771
838 1111 4224
746 912 7308
949 1783 8992
494 536 9204
1496 1583 6905
63 188 3432
1604 1737 8830
197 582 5705
24 1190 4224
638 956 651
1000 1446 9876
84 108 8225
507 1831 1547
14 42 9345
238 1476 6709
418 1769 701
150 1557 4846
1091 1836 7214
533 1722 2921
224 1816 4745
314 352 2182
125 272 761
286 594 9216
294 508 5189
985 1018 4962
495 1596 6993
358 871 4961
257 1114 6128
983 1479 6866
343 1474 6512
198 1560 2453
279 1696 783
1152 1378 9611
1849 1931 3846
469 1724 2848
218 459 4632
1302 1691 4084
305 633 5178
280 1748 3641
179 310 8010
1446 1489 6115
741 1153 5093
123 416 6657
907 1313 2288
168 324 1433
36 104 4527
242 1362 7260
1004 1197 9777
254 476 4902
490 885 2333
81 235 1424
690 1549 3945
50 404 2455
836 839 5299
251 461 2615
609 1667 1100
320 804 4463
507 1007 2138
262 1033 890
381 1128 7061
1164 1870 5100
407 1929 1025
1028 1190 1455
523 878 8243
746 1543 6771
135 969 1083
1099 1548 591
434 1220 700
40 143 7221
324 1845 4108
685 1045 5691
980 1877 6067
258 1931 2937
590 937 8083
1922 1942 1004
803 1888 1003
322 600 6583
40 241 1936
213 1955 8354
1667 1830 4603
646 816 4293
252 485 8913
325 1219 2718
562 1246 7072
1 6 9528
20 1994 3892
638 862 2892
94 320 4740
655 694 6172
616 761 1598
610 930 8814
1509 1854 3057
1083 1603 5215
534 1868 6350
318 1972 455
909 1265 6657
796 979 6893
995 1170 2929
616 1275 3065
296 1145 9433
1182 1918 8275
20 236 537
1224 1378 3641
819 1629 5399
517 1597 5895
24 698 1773
831 1879 7173
390 928 7990
1345 1358 6181
450 454 5356
461 475 9200
1000 1788 5071
429 1188 3151
1717 1848 5829
357 1669 764
204 1507 4028
611 1225 9421
199 1402 7427
162 280 6407
389 505 3938
705 1407 534
1057 1270 8540
1480 1726 2816
622 1114 1330
130 1398 9020
999 1037 3832
50 679 1146
37 130 3685
208 493 2752
186 281 3614
286 950 3838
626 1463 4469
479 655 9277
40 708 1373
554 1938 366
218 1081 2758
480 1217 9388
175 705 4563
783 1549 7424
477 1233 8319
875 1146 4658
171 1157 9517
68 291 4108
818 1218 8269
1679 1739 5927
433 567 1189
1051 1096 8674
618 915 7952
672 1278 4780
1665 1903 6203
15 385 4710
414 459 5602
1461 1797 7023
1217 1957 3130
61 598 7108
12 388 6691
403 1492 1854
111 227 5291
453 1139 5939
73 371 5329
1465 1496 2616
29 89 9042
6 850 8632
24 1097 5905
470 1148 5991
1465 1887 3072
210 255 4502
760 1453 1192
375 1654 2183
29 428 7282
778 1373 3459
358 841 8585
267 881 2946
467 1484 7365
416 682 3980
734 1327 6958
439 1302 5524
912 1364 9145
1759 1969 5994
1140 1534 7791
131 1366 6281
533 984 4734
180 673 2054
228 1455 7071
103 974 1428
766 1183 579
406 953 90
636 1905 6938
34 1156 4442
575 845 9631
607 882 4250
265 1166 82
79 283 3265
1615 1621 9919
1010 1288 1474
1 240 3881
106 595 9317
55 1430 6661
1222 1654 2773
124 921 9727
510 1402 1840
828 971 8208
172 803 9417
1450 1893 3322
800 975 8490
1624 1849 8842
903 1972 6379
69 112 4382
523 917 775
382 1928 8808
1170 1470 5509
144 1569 4092
644 710 2936
1396 1466 4613
1429 1825 9993
280 1744 2281
478 1824 2654
292 1729 3650
221 1226 9524
122 342 5361
850 1217 5941
195 383 7569
922 1058 6134
1239 1566 8319
960 1200 2334
268 285 4234
403 1939 5575
135 522 6433
1182 1721 8289
53 1066 4850
829 1199 1770
170 1355 252
162 1904 1819
1717 1863 8688
520 773 8248
235 1027 9494
1866 1923 3217
657 767 2204
505 578 6115
875 1757 6121
155 665 7221
301 938 6716
629 1250 2503
1441 1887 2499
566 574 3241
1058 1094 3467
542 615 426
239 589 3143
190 1478 3056
149 436 8188
78 1799 5579
374 712 4638
624 1714 2946
716 1591 1699
367 1727 9295
989 994 6098
1290 1949 3515
64 179 7874
427 1230 9603
136 1033 390
560 1790 6406
72 1913 6617
554 1944 7149
403 1361 1667
365 609 6221
810 1341 2759
221 1659 9761
1393 1915 6952
375 518 8026
1193 1209 7020
1298 1969 9012
292 324 5374
1252 1559 5235
303 1639 6523
602 658 4741
244 1718 3878
1272 1335 6151
223 1158 6004
19 60 1248
582 1476 8901
995 1697 4573
567 897 8306
120 272 6224
265 1314 4187
42 72 8005
908 1718 70
846 1535 8473
70 1074 4074
134 1858 132
1287 1481 1592
980 1037 8976
247 946 5154
307 1395 6534
904 1661 4107
62 984 2174
1151 1795 2967
51 250 8133
9 1488 7656
1664 1741 2013
1745 1900 878
237 1439 3345
275 671 7286
1598 1627 2786
64 113 6247
1931 1938 3110
231 1145 2546
542 941 3794
1205 1612 5934
1109 1479 172
1130 1212 2988
1059 1177 810
50 391 3857
158 1469 792
487 591 952
33 618 4713
1402 1462 8011
1777 1886 8053
1399 1462 5446
63 158 4626
786 1064 2969
28 364 7857
7 42 7468
447 1531 9563
265 381 8293
99 452 7068
94 421 7178
112 1117 7156
337 566 9274
73 813 7677
24 50 8231
945 1580 9216
424 926 9219
220 851 6062
1045 1079 3788
515 1416 5678
276 1816 3827
718 1241 2881
304 1706 7683
106 163 8268
301 627 5367
278 422 4526
889 1440 938
14 661 9074
551 900 6786
69 313 666
148 1009 3768
1118 1255 3139
967 1178 6106
244 1605 5288
255 431 7867
947 1903 8553
483 760 8190
502 1255 3110
760 1460 7929
1305 1733 5597
1146 1647 7966
178 664 7582
8 974 5594
251 1001 3603
362 1630 8368
42 1491 5953
300 625 7153
467 505 1124
112 327 9660
121 591 3609
465 1438 6018
759 1036 5031
286 1373 7464
292 311 8381
857 1907 8425
460 466 1819
1409 1612 9396
363 1945 469
157 166 9599
13 1990 9771
42 73 7230
348 1447 6982
516 1049 8672
778 906 868
222 649 8896
798 1456 8794
241 785 5645
791 1607 2245
486 543 7520
145 152 1134
263 348 8024
20 36 7957
799 1164 25
845 1740 9807
285 435 286
36 1402 6475
170 1830 3974
397 1236 9893
79 81 2708
698 1464 8987
269 1498 6023
28 87 3636
90 716 7217
8 9 2463
143 173 7413
1374 1423 5193
320 453 5691
474 1386 2642
12 848 4281
599 632 3135
245 1619 9641
171 446 3772
919 1433 5772
758 1206 1116
1213 1229 1940
1715 1812 991
903 1565 3496
628 1574 9127
345 476 4997
458 488 8596
677 1692 4852
410 1591 6405
1299 1339 314
469 531 1826
33 85 4521
1119 1395 4826
11 1162 9088
308 495 4267
54 141 8863
23 549 8081
407 411 7882
1355 1777 5517
342 474 307
479 972 7577
149 638 5181
97 580 4586
175 358 220
1708 1790 1417
583 1269 5404
22 309 1342
1050 1696 4020
375 1461 7878
417 1852 9374
1426 1434 2309
443 1388 6589
1822 1926 6605
326 1934 2926
331 479 4367
717 829 9402
1577 1998 8503
892 1910 3508
1125 1432 6342
56 1126 4266
679 891 8843
1320 1866 4386
51 65 3613
710 1129 9263
30 41 8942
438 494 970
374 1681 158
77 948 5533
273 1507 5175
632 1222 6807
328 645 4319
17 20 8011
1206 1813 2926
621 1166 57
1047 1681 7625
929 981 6333
171 1756 8218
259 749 9881
1172 1828 6633
294 882 7983
418 604 494
1366 1917 5403
570 702 1683
610 637 301
192 210 2045
1087 1896 928
1331 1529 2603
404 818 7456
1235 1453 24
246 382 4931
376 1063 4368
996 1947 8494
35 724 2225
197 520 2468
859 889 7110
458 1249 8500
202 409 6462
71 1952 9183
298 1528 995
210 358 179
485 1398 9917
1040 1880 1308
919 1531 7352
1533 1660 1150
507 1283 6585
123 1280 3619
726 1855 2957
1733 1756 9615
845 1115 6718
290 731 1752
446 843 8611
172 1261 776
82 1690 6679
78 160 865
515 1069 267
1311 1555 5857
25 1858 8466
753 911 1533
1189 1702 9296
442 1588 6967
1466 1967 3346
957 1780 7000
476 634 494
699 720 9766
806 1946 4170
109 328 9515
747 1595 6070
529 617 1945
842 1804 4558
608 1717 6247
1088 1445 9791
996 1249 7829
134 146 6644
963 1926 8176
206 510 8461
649 1425 9116
805 851 1647
9 162 4491
662 927 4688
982 1874 4835
1318 1656 5582
133 1310 124
681 1023 3075
478 744 9327
68 1850 9861
533 748 3921
484 723 4785
666 1189 3201
253 1694 4909
32 1659 1558
1527 1986 279
495 561 8490
79 667 1113
1264 1309 8261
552 1421 3835
184 228 1316
25 78 9733
88 1195 9745
350 949 3650
1352 1932 2936
500 968 3011
1336 1411 845
956 1769 1632
739 1727 7867
727 1566 7934
174 766 7085
1324 1579 8990
524 1350 8982
484 590 3383
1576 1816 7079
48 326 5095
1258 1461 8713
822 1836 6499
216 581 4557
1028 1636 4622
104 780 2400
140 494 9299
29 1272 6443
981 1466 1642
716 1954 101
1063 1750 9903
791 1825 6118
10 64 2266
190 1229 3883
913 1340 9462
369 1679 6308
28 1298 309
48 820 3425
870 1216 8970
801 1226 9764
105 432 21
228 560 3282
629 1214 3863
723 1586 2561
1555 1900 3187
334 1313 3105
170 1601 7076
777 1650 6211
227 1041 7095
755 1766 7723
1150 1226 7130
1196 1768 884
77 177 7732
239 996 8484
543 1306 3561
396 1461 632
96 100 4193
432 1311 3244
1129 1852 7025
188 404 3666
95 537 3997
1324 1417 498
15 965 8967
279 1168 795
357 765 64
372 552 8745
654 1891 8151
465 687 854
427 1696 9948
31 472 4862
671 796 5940
515 1821 1455
817 1525 724
441 1091 9540
1076 1346 8799
375 814 9054
277 1848 6688
1002 1800 745
712 1889 4666
69 1080 3638
91 251 1305
144 1784 2551
211 266 7492
339 453 288
5 280 5151
246 966 5723
1416 1737 6700
1040 1876 795
450 1191 8909
924 1766 4782
1037 1605 4431
1218 1573 1674
1551 1578 2590
612 1482 7630
747 1576 5692
70 1881 431
108 1398 7647
698 1352 9578
1624 1982 4692
802 1500 1433
7 76 2303
603 1640 7922
95 487 9419
1226 1498 9090
114 347 5313
1641 1879 3141
23 46 5489
138 1043 6567
1050 1936 461
975 1458 8156
519 1935 1177
540 585 2206
980 1523 9284
446 485 4738
741 830 5383
993 1496 4703
643 1460 5641
153 654 3038
701 1143 3328
623 845 6897
70 149 3566
170 216 5163
167 321 9764
4 1819 9769
709 1108 6707
276 908 7653
1555 1885 7033
266 339 457
164 607 2973
22 52 3807
32 74 3631
1012 1432 9657
1233 1718 8564
1167 1385 6951
736 1252 8456
1157 1702 807
308 1541 439
587 1890 9786
220 772 7247
241 352 5682
1012 1152 4565
821 1516 6153
549 1989 8386
1034 1715 4778
1661 1967 3240
580 1295 743
63 372 2231
490 509 102
638 656 2194
81 277 7791
69 994 8793
35 1342 4322
595 598 3462
1 95 7116
659 1754 5166
225 1763 1739
1147 1253 2290
408 1671 373
1529 1711 8423
540 733 1956
1844 1941 6988
209 334 7791
882 884 3087
373 1290 3701
1517 1867 7240
322 1491 1690
257 1061 8164
729 1275 7691
347 427 4761
665 1708 5986
60 1691 4786
3 1204 5921
29 316 8527
1253 1339 5661
89 1842 630
507 1945 3887
353 627 5096
163 1300 3428
242 1692 4862
384 1555 4117
1720 1802 2261
484 1648 6729
1436 1479 3234
1212 1348 2879
264 1042 4376
404 630 8816
46 424 8493
1669 1750 1510
670 930 1176
120 1526 6925
989 1443 4740
1210 1633 157
249 1615 9957
173 599 982
294 1390 7289
149 1403 2017
753 1817 5734
1284 1429 5249
1168 1177 1188
131 1119 219
172 1582 8539
2 3 1120
561 983 6093
715 1210 4991
326 924 4464
68 623 161
211 1059 6158
636 1669 1444
901 1401 3705
56 1177 9822
1614 1961 1108
1572 1950 2569
28 1657 9897
102 154 4143
1736 1880 6519
395 919 7669
304 1219 9569
44 366 2817
269 314 539
773 1784 4109
1119 1845 4590
379 1546 9702
715 1701 4469
899 1223 3339
478 851 5106
133 494 3501
506 1771 6924
1238 1300 564
1278 1862 6220
813 890 4134
127 376 8608
276 414 1283
330 1230 703
485 1988 721
919 1082 5729
12 1363 8651
562 1695 5663
12 1550 3783
107 542 8093
495 1301 6805
230 1282 1615
1357 1625 5192
462 601 9797
791 1989 2783
1177 1326 1601
134 338 7161
1684 1893 9740
338 439 132
1256 1975 9047
1205 1835 3697
317 420 1936
219 1090 5867
916 1782 1542
1471 1734 9538
213 511 1999
551 1109 6683
149 635 79
91 284 2876
138 490 4819
530 739 914
875 1021 1138
231 829 3911
789 1991 1000
370 1262 683
868 1307 9324
633 963 2570
432 434 6050
458 1594 9949
126 1882 565
651 1381 1893
45 143 2480
1104 1261 5872
1468 1779 670
1197 1589 7664
656 1580 6010
224 595 9670
397 797 6232
258 303 1888
65 230 2098
1291 1441 2018
549 1477 6823
91 106 9415
826 1454 866
568 1922 8465
55 434 9621
1117 1195 8025
407 1849 2158
1016 1044 31
321 472 5595
431 521 9824
172 1235 4942
240 899 7438
1606 1864 8940
48 1448 7381
158 1422 9387
73 287 3011
1462 1622 8598
382 517 5134
31 53 8867
672 1506 5722
825 1039 6338
828 1802 1158
1024 1867 7418
128 1506 9120
240 705 9534
226 233 7976
418 613 3250
1116 1312 3591
1719 1866 2029
42 1916 2529
134 1832 3400
331 606 2447
643 1959 9662
151 194 9407
98 1935 3701
62 331 8804
855 1970 9366
1224 1331 2016
732 1580 6893
251 1594 4395
195 1185 729
285 989 4387
254 354 6344
50 292 3227
280 1502 4297
829 1357 5309
853 1179 2523
413 1829 8385
228 563 3651
201 224 855
687 1138 5432
601 987 2867
147 1905 7071
548 659 5375
694 1203 1734
224 1335 5823
906 1025 7519
48 801 6484
1663 1787 6898
1427 1766 5006
1206 1242 3852
442 681 2733
1060 1390 2950
1349 1998 1449
955 970 5070
386 598 947
124 139 5496
704 1048 3634
365 599 7636
1041 1221 6199
717 802 8806
468 634 4945
247 1561 6869
1045 1736 4010
747 1153 7692
612 943 1816
557 1364 4675
211 693 8928
652 684 8502
511 697 8572
318 1056 83
42 691 6531
171 304 6414
1497 1678 3163
1695 1887 5795
1702 1963 5962
551 875 9059
87 203 2727
85 103 5717
797 1005 910
573 1804 3755
520 1051 8000
272 771 8854
605 1879 6578
417 752 2882
614 1957 1028
410 938 2613
58 499 22
14 44 9121
1102 1597 72
1419 1687 5776
124 1527 9135
470 1036 5367
12 1823 953
654 1499 2391
1467 1932 5692
68 527 8546
381 1883 8429
550 1341 759
1733 1769 7787
1623 1850 3253
667 829 7656
884 1474 4279
638 1637 9343
214 1214 4627
1527 1566 3614
406 1213 7307
1155 1587 5053
314 1507 3068
105 854 2072
362 575 5899
1273 1315 9290
357 769 3009
409 720 366
1100 1642 2864
17 888 9844
6 10 4268
805 1948 6230
167 1820 4186
997 1472 8138
146 214 3254
7 12 2201
442 1991 6170
392 867 9566
34 309 561
134 333 7085
1334 1988 986
448 1616 8678
1081 1157 221
594 741 3784
1392 1680 5586
442 1142 2579
82 1130 3909
414 1148 1154
600 1023 1229
974 1745 2957
220 223 2915
873 1547 3035
757 1857 2212
762 1103 2460
1272 1474 4833
36 220 3160
226 269 6193
52 438 5155
1366 1433 8051
1562 1837 3117
269 402 4125
37 45 1030
1893 1935 6509
26 377 605
313 357 8885
446 845 8563
1220 1279 403
87 238 4641
1405 1785 7976
305 1893 7944
1239 1934 5343
1649 1824 2105
2 770 2298
337 759 4025
1579 1873 4976
379 1169 127
84 1857 4446
38 358 5150
227 282 196
797 1187 7582
406 1815 2989
91 1176 9661
166 349 7157
299 468 2506
981 1882 540
18 49 8251
791 815 705
47 302 4045
635 908 961
329 1728 2084
728 1417 3431
838 1798 6863
647 1445 2531
1145 1222 7179
30 114 9879
673 913 2709
791 1353 3524
1069 1712 2183
269 343 6721
163 588 8890
1661 1870 2761
578 865 5655
1446 1745 3263
212 728 4409
281 445 783
743 863 6159
1565 1818 159
686 881 2282
19 62 6390
250 1917 2297
1031 1813 3740
430 1171 161
1 399 1230
427 506 6276
405 847 8321
782 1843 3055
738 1861 8489
677 1469 5626
235 1202 1715
914 1570 8023
312 414 3619
1220 1275 1234
870 932 814
198 379 887
1469 1640 3594
937 1745 4855
461 668 6928
1200 1989 6779
884 1940 5240
1116 1764 2594
46 1291 3221
499 1652 7771
1058 1981 967
64 781 8050
977 1529 4477
549 1948 2720
1153 1826 8936
44 77 9276
0 204 8637
36 396 4847
510 1377 7083
353 1178 8619
11 26 4228
601 1812 6652
86 953 233
75 116 5116
572 1016 7995
240 1298 3609
130 191 8463
612 1060 6790
2 124 162
210 315 416
435 606 3616
202 271 8306
1124 1732 7695
727 1109 5813
724 858 8170
968 1254 3625
47 1031 8216
468 1517 7339
382 1471 4545
721 1013 95
796 1879 6383
1619 1999 7800
803 1486 2585
384 1057 9984
425 1719 9805
6 1394 5687
993 1973 7573
785 1395 8980
546 823 7173
1026 1921 8630
960 1446 3401
266 368 5577
789 1544 9565
1592 1890 2011
234 355 4894
1562 1786 9957
51 80 4176
674 1209 9420
921 1094 5091
339 725 9824
793 1365 3478
1 1418 5418
402 582 9708
367 1499 6671
733 1455 1103
163 1183 7742
9 70 1393
309 738 9088
1321 1924 5059
1203 1621 167
16 1513 5645
154 1243 9912
337 692 6412
509 608 78
396 1635 5435
47 306 1935
984 1311 7927
1245 1671 4739
352 629 3863
161 428 2770
543 1417 1852
203 788 420
1338 1918 5452
444 785 8095
562 792 7338
10 869 895
565 685 1386
905 1677 3499
708 1399 205
1016 1159 3459
368 1353 1276
4 1317 2506
490 827 4990
1234 1563 9054
12 28 4788
215 1005 471
1853 1887 5521
387 1059 6940
384 1787 3306
196 1023 2264
1575 1682 4118
155 955 8899
215 941 1039
286 700 7140
1335 1406 5179
620 849 4759
299 861 212
211 359 351
1181 1399 3969
276 1769 7118
197 1651 5764
477 521 161
971 1961 3072
201 1698 9219
1013 1750 92
592 918 9347
1213 1231 4200
914 1667 5513
888 1128 3475
712 1687 8268
741 754 444
1014 1054 8142
1488 1532 4611
386 623 6742
371 1234 846
450 1290 329
801 934 7419
675 1332 8972
328 1730 8515
391 1605 4713
794 1093 7134
41 1666 4674
459 1662 4292
1602 1760 2224
599 1365 8495
28 133 4500
1205 1568 6366
337 1942 952
704 962 8426
672 1380 4501
514 1059 1031
1226 1716 1294
178 246 1648
373 1351 6259
238 1541 2144
174 1451 9950
570 1215 1134
634 1276 6954
82 1369 9493
187 1693 6419
190 789 9652
39 1276 7374
386 1824 8319
1897 1928 6201
455 1655 3668
613 1506 1292
409 824 2285
195 483 6326
54 214 9896
161 1791 899
1036 1181 3664
1205 1631 2857
800 1992 9996
466 1876 6239
304 1827 1815
3 298 1546
837 1841 6582
190 1531 5011
1626 1730 6886
318 700 9078
1314 1452 7405
841 1173 8547
134 1407 1163
420 541 7939
102 412 7156
616 748 9450
54 1787 7363
276 1274 1737
486 1592 7568
666 1117 6926
1050 1843 113
647 1567 3890
275 1768 4308
1202 1883 4171
1417 1424 2755
1248 1431 2045
687 1299 615
135 1780 1524
175 1296 3304
188 1479 4799
286 887 5350
1221 1344 2444
181 810 6477
241 341 6223
1095 1250 3454
707 768 2246
830 937 6726
334 1068 1585
1119 1743 7608
213 811 3134
5 37 9762
62 646 8451
438 1484 8605
194 718 4336
754 1648 2429
5 172 2009
64 132 3085
802 1640 7550
369 377 8153
900 1299 2431
1304 1423 1669
1388 1925 3270
1196 1694 9837
1763 1996 9974
35 605 1059
433 1359 6778
1311 1832 6141
318 536 7826
1824 1883 1824
12 1689 76
191 980 6985
1067 1188 2516
11 14 7133
569 1289 7484
51 259 8150
260 319 107
953 1798 3097
623 1454 4158
40 1462 8850
670 1942 1798
233 755 994
982 1908 2713
832 1542 8490
276 916 9089
701 825 3808
899 1017 4730
273 290 4562
137 1919 5474
54 183 9823
98 201 9673
474 1748 6761
962 1120 1268
66 789 9932
812 993 3097
395 663 3398
38 832 9137
1075 1689 2882
7 11 4598
574 1139 4025
873 1667 2624
1543 1806 5312
50 257 6335
202 1825 4626
62 218 7347
48 147 2927
1009 1817 5130
41 185 1424
1197 1372 4946
791 1820 7253
76 221 3689
1430 1646 1285
1294 1674 246
177 232 2707
240 987 4522
430 676 9839
65 350 1748
155 208 539
749 1521 5339
1372 1708 6336
957 1682 4307
254 1435 1083
486 1065 2795
189 515 2433
1138 1967 3894
871 1979 6840
101 626 9225
126 583 1398
0 30 9711
485 1964 8008
1920 1996 2933
1427 1774 2089
634 1136 4831
47 408 5154
27 659 3744
1128 1659 7314
332 1566 5784
1130 1301 3637
207 886 3622
186 1075 953
11 128 4583
425 1321 9317
542 1066 1051
999 1747 8849
459 1987 8632
1498 1883 9375
84 1647 8367
230 1180 1409
120 178 9960
453 1328 3905
345 648 8434
307 663 3938
250 265 8507
55 199 5005
265 1678 4273
108 1811 4052
751 1870 9718
321 1539 9538
1145 1495 9737
1608 1676 9970
778 1223 5257
421 487 8719
38 944 3295
1238 1742 7798
221 1678 412
15 236 2573
1358 1513 5014
1179 1232 1005
796 1388 9192
40 409 376
1372 1583 704
468 868 3440
223 1144 8488
697 1857 6501
590 673 5448
323 328 728
1136 1964 3214
327 1292 6947
1156 1419 5734
1095 1614 8438
214 365 2639
765 1989 1400
146 1901 8341
11 31 4340
100 443 7696
589 1017 272
982 1154 8707
190 834 2906
449 1900 7376
741 1217 7441
573 735 9126
145 217 9767
1369 1854 2132
1104 1220 9790
209 1055 5787
1110 1511 2381
1866 1965 1785
1452 1471 3852
1056 1582 5401
670 1080 2224
100 1067 5179
1017 1502 6979
809 1285 8392
59 222 332
1358 1451 9665
1428 1930 5389
946 1927 2478
669 1068 3215
565 1084 2066
1679 1682 2747
44 123 8062
493 656 8456
1853 1938 2556
320 550 9437
504 932 2206
621 1961 3989
497 901 2758
967 1947 5316
255 719 4053
602 1156 8527
261 407 5025
819 1965 6962
90 886 7084
507 515 2063
1756 1923 4848
430 1331 3361
422 923 7158
331 1961 1021
1441 1828 5259
1758 1876 4018
50 83 7260
1506 1614 4968
789 911 4133
14 1210 839
1203 1584 7444
628 994 6372
1266 1398 4753
1085 1624 3726
656 828 3596
737 1916 1887
142 858 8347
334 1196 1811
607 1014 3832
947 1600 2306
1125 1519 5908
799 1526 2189
642 715 8210
287 357 3108
1016 1095 6367
496 1260 2795
298 322 2485
116 1193 808
569 579 8131
40 1487 5217
239 1068 9654
67 176 2048
1227 1739 9324
838 1482 6123
555 716 7251
1550 1732 182
1299 1426 5459
43 273 6395
104 694 7247
88 1891 1922
231 264 2372
554 732 580
56 75 7015
183 1334 9659
92 1858 6968
515 750 1115
343 1278 9442
533 565 7484
1391 1932 8970
45 430 9487
120 1183 2788
768 1906 4753
140 1721 6156
1223 1323 8794
432 1397 7778
558 1179 3345
627 1165 5082
79 1073 6416
44 449 9655
1521 1795 9783
206 853 7599
303 1018 9145
55 1246 6163
212 232 9407
355 556 3540
481 1449 2194
245 1386 1795
430 951 7843
859 1914 4732
1067 1363 6137
127 1487 6267
280 639 7904
974 1204 2195
310 492 7502
178 405 3462
350 1271 9691
184 408 7374
95 465 3842
1070 1532 9083
371 432 2716
921 1247 1221
359 1673 9080
1075 1144 3562
58 1683 4204
1222 1743 8427
267 393 5908
1530 1669 868
267 1797 8580
1576 1945 4875
1345 1758 4960
687 840 5734
1319 1643 1340
779 1971 7089
1121 1477 1968
429 1586 7580
1683 1861 3563
1385 1429 4769
674 1885 8388
830 1808 5716
412 1349 4511
104 1017 3250
76 1075 2266
786 1577 5988
436 1722 5373
1452 1688 5586
548 894 8670
356 1549 7484
791 1149 5079
1730 1972 1757
321 1558 678
70 394 3659
648 1201 1981
583 859 179
1832 1973 2814
597 732 6792
654 798 7149
288 795 9266
606 1291 2837
776 1821 9837
275 1637 2462
42 559 4439
420 1520 3511
79 689 2602
514 1951 5138
911 1319 5797
9 40 9146
648 1888 1657
1260 1413 5374
166 870 8115
801 1551 9603
106 360 4004
237 1055 2586
43 150 8255
335 1172 1107
567 1109 8726
1014 1371 5265
634 1871 2137
143 1135 7567
59 569 969
23 59 6956
883 1066 7945
666 1808 2551
223 483 5610
133 260 3498
4 1679 3256
268 733 1565
383 1772 8266
0 187 8679
304 694 6122
854 1969 8112
334 392 5906
742 779 5583
741 1759 9717
1660 1882 7318
457 913 2888
43 82 3919
1291 1502 348
387 501 4683
201 486 6278
779 1396 5884
206 283 9108
1487 1911 2975
29 299 3856
273 1373 2887
790 1440 7230
1470 1828 8806
114 226 3305
379 1424 5708
39 1478 6485
450 815 2919
607 762 4893
846 866 7573
385 533 6840
1206 1478 8548
301 1694 9402
47 54 6155
558 1991 6962
133 848 6479
1296 1540 2727
1454 1606 2861
788 1378 8412
29 519 3412
376 1909 4322
618 1197 1033
1364 1377 3566
1112 1709 7987
1128 1493 860
639 855 1223
241 1297 8483
1032 1123 9151
128 1271 8073
1175 1269 3003
719 792 6569
96 1980 5770
192 1980 6437
281 584 8004
449 660 2759
103 126 5311
493 1253 3384
1529 1676 4304
1268 1510 5984
476 1299 3027
787 1256 2525
848 1863 5667
149 1543 6080
750 1167 2567
700 1632 3059
0 5 7074
102 196 4238
231 527 6292
606 978 9783
1566 1742 9952
200 276 8620
742 1632 6951
96 168 947
874 1248 8595
879 1306 4098
174 841 7761
310 1120 9921
1323 1904 498
441 783 2954
633 892 7500
1121 1244 3167
1150 1569 2463
607 1421 5504
350 903 5873
566 793 6340
804 1133 7038
1763 1834 2111
1451 1853 1965
820 981 1428
481 1516 1660
267 777 5363
34 1315 9834
197 211 724
302 1005 6240
335 1183 9511
50 181 3665
112 1553 6738
401 979 9293
30 957 2862
512 1127 5326
127 1421 6880
1088 1149 2678
272 1749 9668
580 1434 3467
1418 1621 7031
570 580 6061
331 353 612
241 390 7572
72 200 7866
675 680 5626
815 1849 4861
668 1493 7998
1420 1785 1743
419 1160 7397
1787 1817 8720
1796 1851 5929
54 762 2284
9 57 4212
255 1687 2356
125 1547 2962
1778 1837 1526
148 1992 6624
205 450 2867
56 743 9466
76 750 2170
647 844 751
1170 1869 8438
109 1723 8426
884 1586 4011
571 902 955
1114 1515 8821
529 1647 1120
1140 1236 322
1594 1863 5563
878 1727 1231
1132 1303 546
1591 1667 2288
37 102 5502
508 990 3622
417 1513 3908
46 1694 9967
93 1390 8308
4 27 4605
630 1048 3339
890 1180 3331
555 597 9616
701 866 4522
18 819 9173
138 1029 112
608 1207 6867
5 256 2252
599 647 6628
363 971 3515
74 198 8607
398 501 4264
1078 1776 8813
1070 1455 5901
213 1750 1852
1143 1692 8198
324 1560 2196
174 746 3299
132 873 3126
686 786 1022
399 1038 3487
19 136 4046
653 1136 1205
1149 1670 627
971 1300 6244
63 1263 7300
38 1663 9830
869 1166 4486
73 621 471
1086 1680 4573
118 186 4199
461 1298 8602
93 787 9060
402 1036 7728
676 697 5121
150 1400 2462
433 807 4627
656 1386 1387
677 1629 3148
21 346 436
1318 1944 8807
39 715 4743
230 758 1451
482 670 3444
1128 1282 8910
1179 1949 3972
4 408 3918
10 258 5889
630 1205 8792
781 914 9292
142 1147 4418
382 1957 9257
404 534 2086
120 170 7903
1068 1846 2184
813 1616 260
586 1021 6549
1132 1744 9219
707 1322 1670
591 649 641
13 1025 6831
864 1167 3604
1635 1808 8152
289 540 8970
105 369 332
248 1026 7406
206 797 2550
101 622 9020
1810 1840 3189
151 415 2620
28 558 2850
441 1088 559
803 1076 5999
3 181 68
777 1247 4782
261 663 1591
1117 1164 5985
1064 1759 4270
95 1706 7979
315 554 6165
234 1053 1311
1164 1801 465
691 1538 3118
331 385 429
401 1993 9477
525 833 2427
396 429 7170
11 1125 6454
242 1528 6578
75 1062 156
363 1760 740
78 1657 5566
811 1280 4522
27 107 8302
155 1873 2209
482 993 2263
382 1041 2336
138 961 1957
1285 1502 6906
646 922 9407
696 1745 1159
1033 1105 7404
403 799 5063
96 293 909
75 321 1447
24 32 1419
302 1412 4280
1089 1797 7675
619 1437 7029
1204 1285 4414
649 1417 8842
174 1991 6559
218 1754 6616
1074 1134 4633
1793 1895 7865
1246 1700 5926
431 926 1442
1119 1522 3415
306 1049 5465
125 296 8404
799 900 220
659 1244 549
493 1268 3575
1366 1748 9475
226 1438 2579
28 86 7114
11 13 2024
135 1162 2239
12 504 5838
1393 1773 7928
1839 1986 4175
341 453 4149
1596 1813 7238
1482 1792 4061
1060 1698 6197
1592 1837 2236
560 1299 1711
645 836 2132
816 1469 7
284 398 4234
1268 1428 5227
441 528 7682
1630 1897 1478
203 928 8249
628 1211 4427
672 774 3238
584 612 694
19 286 4449
161 458 3658
1627 1771 5375
805 837 62
161 326 4611
139 457 2772
895 1088 618
1369 1571 5348
80 361 2544
796 1545 7561
666 893 1491
1093 1274 4651
89 1831 5744
33 1928 1618
296 1899 1002
801 878 9267
568 1626 3898
102 1708 9501
416 1259 8297
87 148 1026
317 1442 394
132 1866 8043
613 693 3414
553 1226 4601
699 809 7011
511 1491 3171
1038 1348 5815
1247 1995 8542
338 366 3453
1253 1528 4153
7 602 1333
732 1780 3115
610 1437 3335
395 1137 9188
1045 1368 9820
1394 1702 7059
212 1996 9276
372 724 7677
496 1899 2494
16 38 472
380 579 6320
544 1053 5511
452 711 428
987 1091 119
577 730 5155
1644 1932 1002
173 484 7932
850 1050 3692
187 614 8597
655 1184 7291
152 971 8360
161 1273 6082
1546 1699 9238
659 1744 7469
367 932 7511
534 1442 7088
119 228 1233
201 1564 9464
905 1188 759
1067 1329 5228
481 1456 7108
575 604 2991
670 1050 5915
924 1320 1479
397 1294 7361
205 451 2238
1460 1627 655
260 1437 3950
185 1995 4229
762 1226 1544
1641 1859 4163
256 300 9010
260 683 1421
175 1559 8950
227 1560 9850
974 1756 7763
200 1780 6369
949 1370 6865
1486 1847 7539
92 1872 6904
340 510 3912
104 619 706
121 237 8600
117 1470 7321
1473 1867 2444
345 1615 1532
138 724 937
1479 1967 9007
779 1587 8953
1704 1946 6101
51 94 7089
602 1894 5298
743 1374 7518
1509 1549 5847
808 1443 9414
534 1156 5830
528 872 219
1335 1525 1864
779 1273 8157
253 1391 9380
26 34 5904
638 1492 4292
624 666 3569
914 1347 2124
25 1302 9608
283 572 4487
333 1395 3314
635 1477 2188
666 1333 4586
737 995 7454
0 4 5206
148 180 6213
261 522 665
1653 1818 8437
800 1251 4631
1707 1813 4268
497 1191 1902
296 1019 2849
212 1305 286
147 1118 9298
806 1642 4866
811 815 9330
435 751 2124
325 848 7731
13 193 1212
122 1898 8432
602 1997 5666
0 264 1601
1028 1218 2215
125 1046 206
1267 1393 7750
350 357 8020
973 1860 8178
43 1929 9963
36 1525 5608
327 553 4651
253 1024 9698
368 1391 7200
562 896 2182
153 1478 2255
1330 1967 861
394 1497 9598
686 890 4918
103 335 9893
570 992 2697
122 1058 596
592 1324 3231
1263 1401 6911
557 1053 7783
1097 1476 4463
237 897 6035
718 1087 5613
355 1011 9604
624 1918 8181
545 1946 4387
823 1159 1853
659 747 2389
343 1581 3875
586 1323 5365
626 1137 9066
114 668 6731
129 1238 6163
436 530 262
1173 1615 4233
453 1864 4102
1361 1536 9729
410 1274 1770
117 389 3172
1141 1662 5313
410 474 715
1432 1975 9085
137 239 1992
1596 1760 4754
415 869 7257
438 1284 3749
1926 1967 4205
21 188 4728
1043 1509 1239
1352 1734 2675
135 976 458
604 1128 734
210 1874 2947
491 1866 4798
1710 1889 9334
1471 1532 7900
995 1731 9822
212 1593 4438
239 371 2778
22 1378 1600
7 25 8940
17 266 3890
344 1484 1587
520 1092 8101
67 753 4647
830 1789 1678
23 649 1098
367 1346 783
36 423 9600
290 757 6125
140 157 8426
454 477 7923
230 1001 1683
697 1692 9330
836 1092 5727
743 959 6030
825 885 8385
1069 1509 6182
210 1219 8795
701 780 1894
257 1752 3115
775 1911 7475
387 1221 9119
121 456 2167
53 135 1148
762 1265 7673
270 1274 1044
1265 1628 4439
1029 1186 6402
388 1036 9231
135 1474 8804
33 76 3754
1088 1737 8630
409 960 8642
610 839 9428
736 883 6474
8 183 9120
439 1030 6118
463 1246 8687
337 1440 885
638 1251 2967
1110 1982 6483
30 1021 4167
16 68 8114
113 1264 1089
10 1986 9281
1136 1446 1705
1410 1456 4803
1409 1767 2597
530 776 4845
191 1694 3049
498 1752 7891
328 374 2276
880 1423 4390
1283 1318 5558
1103 1243 9233
344 1444 3656
331 1387 7646
657 1221 648
3 15 3785
1233 1706 6157
72 791 5638
1452 1705 750
312 523 7996
423 696 5501
348 1109 1614
369 954 1164
387 977 6790
56 229 5197
345 573 6329
199 254 6348
62 1332 7638
708 1425 2
290 1291 7525
974 1617 3492
137 155 6881
262 352 9734
12 16 7022
648 914 9419
789 837 6665
457 807 9425
667 1379 2716
1866 1997 8628
77 915 1658
358 1178 946
569 1908 8887
325 1912 1936
473 1797 3726
914 1601 4221
1558 1855 3855
216 545 27
26 94 5355
1710 1966 6318
618 1457 3651
1171 1645 3523
286 1610 7538
406 845 9865
1309 1414 6735
342 622 2579
158 535 2814
105 986 210
437 1198 7295
22 290 7070
1496 1681 7629
201 1330 7841
54 798 930
790 1453 1509
1274 1937 2088
907 1097 4840
11 1325 9129
264 1775 8796
158 375 8337
78 142 4099
365 641 5943
652 677 8050
798 1739 3824
126 296 168
134 737 9523
101 727 933
1584 1662 7242
32 451 189
229 1245 1518
258 1886 1138
52 325 2392
1109 1287 8726
890 1292 1383
1460 1630 264
1290 1657 4744
79 610 2913
1537 1810 2446
592 998 1434
1 120 3879
1330 1865 6341
629 1996 4851
260 1376 4365
1046 1810 1874
749 1203 8925
8 1506 3642
479 1107 2601
143 1995 2284
89 1617 4341
602 1839 3722
157 1218 7698
49 288 1059
487 866 2674
637 1284 6570
106 332 3338
52 1536 4609
195 1610 171
34 263 6182
59 234 8430
395 681 1602
658 1787 6838
1054 1904 8134
38 526 4313
40 837 2578
662 1611 616
253 710 5235
1096 1452 394
931 1380 1447
285 546 1160
56 312 4754
163 784 2111
323 1954 616
471 514 9761
1622 1862 7512
718 1492 8367
413 1215 4664
1251 1546 1511
1793 1858 3419
366 371 5708
146 1021 8104
560 1446 2857
1105 1936 933
711 1020 5368
767 1922 1050
110 255 4562
19 936 7908
1354 1609 355
1385 1589 8571
1054 1456 1996
427 1633 9735
727 1910 2763
842 961 7410
150 555 2004
775 1293 7313
74 1534 5680
1766 1888 2891
490 619 3481
250 1260 597
796 896 8966
1075 1552 2749
233 385 3416
1237 1339 9625
806 1271 7866
32 39 7898
1068 1491 1854
232 576 6589
80 156 1251
308 1484 6989
1569 1985 580
922 1184 1255
1259 1540 27
654 1675 950
1189 1223 2722
16 29 6621
632 1735 6198
1593 1729 6170
30 411 3080
1227 1379 338
512 1259 4009
62 88 3608
43 91 4984
1438 1450 6667
1246 1749 7621
71 1583 4523
947 1740 6857
205 1518 2569
754 933 7975
538 1748 5101
802 1564 760
1006 1676 9456
400 632 8290
1273 1475 5781
189 212 1203
578 1161 5196
814 1002 1089
87 1000 6200
1266 1348 4642
1097 1450 2386
1070 1467 4320
3 1294 8545
1199 1953 4687
772 1665 4243
1138 1390 9425
878 1124 3468
134 876 4966
694 1286 1829
406 678 9899
511 1116 4703
1337 1437 387
534 689 3325
3 8 5557
1256 1916 3816
556 1503 5373
70 657 1957
13 463 9952
67 709 4775
79 295 2711
176 1288 3265
681 1157 2921
1398 1979 7293
51 292 3326
615 1080 3308
1140 1820 707
820 1509 5168
658 826 9530
828 1589 4405
1339 1884 6681
808 1501 449
470 874 339
320 1010 991
204 886 5581
13 652 8579
264 653 4695
660 1308 5642
1117 1683 7029
1177 1258 5422
85 225 9562
1586 1606 4503
1094 1473 1903
423 1389 7974
226 1690 9896
1567 1964 7547
188 991 9983
683 1367 9789
924 1833 3615
1517 1615 9574
546 1161 4057
9 167 4118
10 194 2769
350 1101 7392
383 499 2005
177 1615 4632
76 1052 207
253 866 8892
1373 1713 7824
56 425 867
928 1057 6519
45 1188 7835
175 1026 4496
1103 1700 721
1650 1935 8856
155 929 2336
563 1316 8517
116 308 2516
565 722 1022
947 1569 7304
1018 1850 9762
732 1131 760
1232 1271 691
320 995 3728
295 1719 4246
424 1069 5143
343 664 9635
193 1860 7082
479 1382 9377
151 1602 4894
313 904 4317
128 169 9538
1001 1927 9942
44 1685 8820
1336 1600 1081
187 842 7188
869 878 4496
250 294 5667
550 1512 2355
807 1613 7203
271 1664 7941
1130 1376 9882
683 702 2265
1589 1911 5206
1310 1452 2115
1318 1331 7468
289 306 9796
610 1086 4175
529 600 3982
878 1035 7009
167 618 7147
692 1257 6028
1060 1381 4450
692 1108 9161
500 1836 5219
201 403 6212
897 1102 5709
1250 1684 2799
1533 1761 3528
358 1647 6952
1272 1375 5412
38 1289 6489
850 1709 1573
616 878 3252
921 1644 4157
65 1043 3457
1019 1144 3681
918 1406 5725
421 1467 1121
28 945 7243
1602 1815 4185
868 1242 2259
988 1958 4568
490 1822 7510
25 125 2176
1324 1556 3537
848 1784 7458
539 794 2508
1203 1472 7659
830 1112 5046
552 593 9440
326 1210 655
658 719 3130
695 1202 709
1028 1733 9526
712 1265 8663
784 1404 7428
636 1003 3895
1064 1071 5378
51 270 2327
873 1000 6890
1590 1976 2298
486 1537 7429
1561 1660 7089
531 1425 8694
1418 1665 3363
317 584 4585
697 907 3911
161 219 3094
400 1779 5950
1198 1609 9919
889 1494 5758
1218 1795 5730
1685 1968 8312
957 1357 4592
940 1485 5621
893 1414 759
45 278 1678
241 1878 1860
165 339 9479
776 1924 8474
1093 1453 8887
1413 1917 9209
351 808 7119
746 1725 3247
274 1672 1429
524 1167 6510
389 1339 3199
578 1288 3439
1122 1273 1486
86 319 8896
1510 1731 8505
89 247 7755
1319 1768 9178
619 1828 1570
785 1699 6615
158 620 5628
591 1996 1318
849 1152 5224
1619 1734 3604
681 1162 8272
196 423 418
1376 1712 8899
378 1623 6065
1148 1225 3587
72 129 997
157 1053 4926
684 1348 7913
253 362 5112
273 953 2276
268 381 169
400 1728 8365
459 1648 991
958 1644 1738
1738 1830 7690
762 1012 7512
340 1990 3136
1715 1864 5113
563 1122 8932
1252 1863 5182
1644 1659 8099
143 184 6094
164 895 6488
990 1753 1187
324 1596 907
149 608 9350
974 1049 3252
471 852 5280
630 651 7216
525 1861 3277
557 1828 704
232 1980 7652
1078 1172 1441
1191 1586 2875
107 1649 6731
1286 1942 7626
127 512 3141
473 1208 2266
926 1015 6096
695 1859 7044
50 98 2163
1202 1865 3237
81 307 8521
141 175 3131
1281 1998 8707
129 1410 421
454 1946 9447
259 1738 1469
188 442 8232
505 1651 4868
1328 1496 4168
1300 1994 3906
251 708 4327
134 400 2436
233 1134 2167
502 1095 2547
814 1730 1091
881 1819 483
43 97 3797
202 1162 4150
1142 1955 8966
472 1954 2404
642 1115 3118
463 1798 1626
115 122 3357
579 1563 5602
89 1104 150
1059 1228 4861
780 1055 5163
736 1151 8418
31 1428 8547
681 1707 6246
191 851 3019
657 1352 672
679 863 4648
596 1081 4634
146 1512 3238
948 1216 7473
620 1150 5614
53 144 2961
18 22 9186
838 1570 7218
180 1134 3655
352 1878 5410
435 727 7468
197 717 6905
1132 1634 1072
924 1335 2476
743 982 9669
787 1372 4980
641 1501 7813
1751 1993 4636
328 925 160
113 134 5826
39 419 710
60 1588 6400
764 1227 4493
453 1950 250
175 1982 290
277 1323 3202
156 672 3720
317 1279 3558
541 1356 8658
1494 1849 8041
620 1800 4976
600 1961 4798
572 1829 9078
1016 1888 9489
269 380 6303
1225 1897 6792
430 1866 2706
517 1353 6268
539 1397 4376
19 745 5412
144 1436 9371
329 601 3746
534 1159 8997
1590 1959 3958
84 197 2142
1355 1499 3157
547 903 6656
1654 1878 1117
103 1237 4990
1592 1798 101
1007 1495 9821
43 1646 7433
130 1174 4680
344 1166 7442
938 1836 1731
1049 1803 4580
90 159 9053
152 1065 7811
137 205 5774
30 1840 6237
613 722 7111
108 586 3523
1113 1757 3069
8 55 2825
143 1591 9065
990 1910 2038
11 1351 3230
158 1370 2305
380 616 5512
959 1770 2931
443 1064 140
234 1307 8481
736 914 8776
98 942 3514
1223 1945 1732
403 644 3838
630 1853 6888
218 1277 4538
756 1515 1464
55 215 586
362 1796 4652
166 503 8432
754 1052 1492
89 395 6478
334 450 5681
1086 1962 2627
846 859 5036
513 1187 9696
842 1480 9308
953 1155 6907
738 836 473
254 806 7775
701 1355 7363
1727 1732 4558
56 79 6385
472 590 5940
413 536 4777
63 1002 6439
51 626 7174
713 1020 1240
764 1076 5143
591 970 1684
149 669 2859
119 1178 3979
1022 1914 6848
1108 1460 7962
576 699 8257
1137 1703 6075
767 826 9366
96 1776 259
130 1757 7862
367 1653 3795
555 1052 9649
611 623 2562
425 873 1741
1652 1807 3105
113 1225 7790
842 1426 6503
283 986 6537
684 983 9095
1334 1544 9932
434 574 8730
292 1163 6374
154 1906 4908
12 742 122
261 279 8686
128 905 7376
1164 1443 4999
743 1463 6356
17 96 380
100 127 8491
1290 1743 6217
1170 1619 6204
1317 1663 6058
196 1349 9219
766 1862 2492
83 285 2894
1100 1245 5138
14 481 4630
431 1047 4228
373 1078 3120
46 1856 2069
219 1126 8724
635 1096 4953
187 1122 3638
40 58 2595
423 574 6880
377 1034 8957
398 999 5909
593 1778 4218
1452 1700 6797
825 1372 5985
733 1618 9891
58 496 552
573 1696 4533
756 945 6865
176 579 9515
962 1866 2306
249 1585 9637
12 19 1397
1344 1473 2721
791 1845 4881
731 1116 8444
1183 1900 7448
65 481 3820
22 51 4268
799 1968 2162
1382 1424 888
76 174 1347
118 511 8188
292 543 1631
639 865 3063
261 618 2316
1465 1504 5327
1006 1392 5727
364 1124 9683
840 1287 8328
1203 1208 9491
736 1826 5638
1161 1289 523
170 363 7465
733 1699 7870
33 35 7404
29 252 589
848 1621 7267
528 1238 7097
358 562 4224
13 1963 2381
505 1437 8894
92 329 1869
745 820 1787
381 589 8882
225 1886 928
1025 1219 1270
135 1822 9665
1062 1374 9059
289 756 5342
1451 1591 252
319 1511 7286
1537 1551 3641
180 682 3885
492 990 7819
426 1264 7833
611 707 5326
1683 1956 9215
704 1004 7103
582 1194 7186
922 1809 8776
1652 1924 5797
0 1 5026
1218 1473 3370
1877 1973 2107
825 1698 8348
1524 1733 3620
546 951 7756
402 1153 6425
203 1928 8691
31 63 1175
1348 1782 2306
250 1399 8425
1201 1276 2135
529 1089 2757
355 1043 49
115 231 511
127 1277 2446
250 1905 1200
377 880 9828
952 1236 7724
385 1693 7736
515 834 420
1312 1620 5669
346 1844 8515
76 939 4593
771 831 2767
210 691 7111
1005 1556 6328
113 716 630
28 1716 4660
324 501 8475
1466 1549 4508
1530 1769 2463
38 43 8700
344 508 4895
868 1135 3221
1099 1192 3095
53 1204 106
158 1044 3153
288 1441 9614
1021 1175 3825
645 935 3537
16 21 5521
1514 480
1410 4069
1230 10404
1824 5648
901 8943
988 1103
756 14231
1992 8456
664 12756
433 157
1010 10140
1235 5567
682 12298
1762 1917
611 14531
273 1987
703 2176
1631 356
850 3266
590 8858
640 8951
547 3659
150 892
1920 6858
650 11957
904 5785
1347 9357
1308 3249
64 1125
1500 8692
307 9574
148 9158
938 2621
294 7130
180 3007
1738 9628
1861 8764
649 9361
372 14473
1009 14580
639 11214
1050 725
1477 4214
1433 11231
1594 10870
1113 13005
814 8468
594 645
780 11189
710 3291
458 10797
289 10545
961 12829
916 7777
749 1132
1841 14057
836 7167
1390 5590
681 4463
1040 11938
849 11393
1005 8429
861 10138
662 7701
1760 10527
281 5670
583 9165
866 13483
1585 8479
1187 10830
1936 11050
134 5948
1121 13312
673 1785
90 5943
761 12755
1086 12920
448 29
1060 14461
1106 12852
1844 5049
1023 1773
135 13700
1118 5751
1773 2359
1898 7811
412 2001
883 8101
284 10837
953 1768
496 7192
1763 7533
549 7988
821 7532
1862 6018
390 6556
1610 4808
97 5785
1561 1439
1789 14010
1888 9924
514 2934
1877 7670
417 14430
1616 5933
1715 13185
1574 3877
1572 1618
1436 8273
1683 4618
1200 1529
856 7861
1498 13938
973 5817
1634 4225
1603 14035
1645 4858
199 6060
578 8442
1322 13402
1512 1089
1774 557
156 13750
1880 11719
1643 14203
1216 9080
492 13089
1511 6075
1214 13243
1240 3533
581 3617
1303 8555
979 12326
1446 7564
1694 7318
1378 7358
629 10047
1896 3432
506 7981
1843 5426
1265 11485
1707 8795
1470 1205
1958 2834
830 10332
1224 2795
1810 6121
1008 3916
1681 2064
149 1912
1709 7271
575 8956
352 14787
1869 8835
737 13035
770 2163
1161 5983
706 7328
623 4156
1713 2312
276 12509
1554 9132
474 12368
287 1297
897 8981
1547 1044
835 1995
1662 6669
1090 10217
401 6535
1570 6120
1456 5106
1508 8259
112 2044
1107 9659
427 11518
993 6351
323 9138
865 9047
1019 11538
395 10632
1485 6628
1261 13881
1637 12718
113 12127
918 13241
551 1251
510 3848
92 7577
1886 5202
102 5472
1811 2690
428 2016
247 77
1907 5330
807 1229
1152 5466
1379 3702
1403 11504
708 7018
313 1118
1434 14951
655 11222
1127 13106
1030 6783
1233 9634
579 350
277 1155
1606 6965
1740 9357
1617 11025
616 9013
1736 11704
71 10873
146 13553
644 14585
564 6109
1202 14439
1297 13089
1427 9359
1329 9548
1489 10
925 1938
1584 9400
1338 1174
1176 447
1913 8932
1092 5776
667 13912
1375 1100
1015 9336
1319 14548
1447 6938
1971 7090
1983 8901
1770 12354
495 14813
660 4227
943 2727
645 2892
1703 12807
1054 1352
303 12915
804 9237
1941 11928
968 2165
253 1263
356 121
1155 2446
1304 9809
347 6795
1365 4492
795 9267
1299 11944
392 2558
1785 2349
484 8930
319 8309
1822 12601
672 4045
955 6185
1441 2612
222 179
467 10234
695 2616
1151 5873
1646 11893
1517 4469
1851 6065
1057 9275
1377 14125
1816 2170
509 9480
1968 2912
1468 14713
1876 10698
1065 6377
646 3742
49 4431
1866 11464
350 11832
327 8647
1654 1490
1138 9308
525 7533
1848 6271
1545 6528
1263 8493
1590 9264
970 2979
1953 14977
1630 3205
1131 7076
1046 6658
1765 1656
444 9384
393 14879
908 1628
1519 1
1628 13947
680 7085
463 9827
475 11447
927 6562
1667 123
1182 1036
840 11573
397 1494
1171 6395
482 6208
1309 11237
1987 11452
946 5289
1748 955
194 2955
1651 4211
718 3079
632 9490
1725 579
1976 10665
1087 800
81 4898
1751 7651
571 4854
1930 5928
1185 1628
786 8140
665 14413
234 10635
1563 5813
1191 12422
983 12773
398 8217
772 2036
260 3078
1323 9537
1012 1730
10 8558
195 6270
872 1706
457 6298
935 10694
252 1956
436 10313
466 11593
196 5486
833 1299
1339 4970
1285 2030
802 13940
1445 13319
1664 2697
631 6688
1602 10565
1780 10074
1336 7593
1745 7450
405 5236
1448 4055
1430 11193
1501 3816
243 488
753 11927
675 7488
216 7926
1295 422
678 3329
1818 13523
1460 14513
1599 5946
959 7203
1806 12924
1462 8517
1998 2423
876 2005
1278 9474
262 5728
541 4150
1601 12779
1520 1370
1926 7722
485 7738
275 5760
739 8107
1884 5252
1875 13136
249 13773
1865 3989
445 3243
1597 9739
1620 10744
1315 6130
1449 7294
1110 14871
1404 14112
1914 1586
740 1084
223 6713
816 538
1730 12563
1978 5939
827 12004
1977 2654
1193 239
760 222
1422 352
93 11338
1899 6445
941 8352
1120 12714
384 3968
500 193
1349 2551
857 10005
707 8689
1136 157
1661 13117
1613 6678
528 11685
839 1642
757 3849
1237 12476
1859 13057
1288 12499
1925 13717
539 8909
1101 12084
269 11153
1633 2748
159 8660
1383 9348
1611 13408
1016 407
696 13723
490 1700
882 605
580 784
797 8333
34 8445
1454 3849
1111 8070
1891 9799
342 2901
593 7573
1786 6848
862 11021
1778 10629
1222 4211
1526 8444
1139 7141
1170 5074
1257 7059
969 4178
933 2832
1527 13754
295 12662
1345 8954
1435 9564
1571 1344
1228 9949
440 2662
1510 2694
274 10035
1600 12713
140 2435
671 2028
1805 7925
362 5832
1897 10757
1723 1931
577 13471
1483 9306
1568 8355
1238 965
461 9683
817 13318
744 14568
1999 2035
178 11053
537 795
1993 2550
1950 10751
1387 14075
1813 11579
185 9159
1380 12058
1135 2934
333 13500
1873 11961
1400 4484
1867 11261
1901 7227
1401 10527
880 14047
801 5188
1934 3818
885 9367
1548 14984
923 10427
1058 4886
406 12782
823 843
374 3479
139 5859
1523 8105
1082 7736
685 5727
1055 780
241 13234
1794 197
1837 11809
1029 12068
930 11589
468 4824
1903 4857
1465 1606
1089 9735
481 589
560 5073
1710 54
1582 2108
765 9881
1974 10398
1192 1675
237 6114
533 4223
179 610
283 6545
1889 14239
1256 6563
652 11907
752 3081
1966 11120
1112 12366
310 1773
884 836
497 561
1033 8694
597 11369
1034 5779
1995 12804
769 8139
544 7131
1045 10579
570 14481
1668 11276
1696 2968
796 13215
1242 13087
1292 12126
1718 11604
1804 12336
1115 7286
1038 12010
1361 2578
1165 4329
318 13930
1850 11514
990 14660
1039 5969
1076 13393
1492 12978
800 4393
902 8528
91 7193
225 4548
609 10873
1231 12335
1175 14620
144 2823
483 3438
1672 416
1536 16
414 14061
158 4980
535 14913
683 3241
1566 128
1472 7353
1357 7857
716 1184
1567 1923
1721 7176
418 5700
1179 9149
340 6877
69 13972
522 4928
536 10042
1923 9574
215 5608
1482 5761
980 13854
1079 1821
1272 4211
922 6692
1250 5515
976 611
1680 11761
781 11677
1755 51
1990 8559
1254 1895
643 1162
1937 4013
48 6036
1388 12176
1343 4009
858 8059
1255 4853
290 12050
729 10086
966 2314
1091 13552
1677 8806
1954 1155
1180 14329
774 6834
1553 12888
596 2291
1915 2415
1466 10517
855 10082
162 12803
561 3245
1215 1423
1847 8878
1759 14447
1504 11874
1104 9948
1423 12846
1895 6859
701 2858
569 13331
1535 13135
1368 5703
346 8927
469 9621
308 6124
173 10895
477 14531
709 5245
1963 1045
1537 14511
421 11570
758 5504
531 6356
868 9890
1199 6199
1425 14046
88 6190
1262 7292
661 3702
1486 1958
783 2309
940 13202
887 4118
1397 4872
591 5467
472 5593
1373 1433
859 9179
117 4594
1407 6797
1830 8015
1556 16
572 5515
550 12551
1458 12649
200 10714
1331 11242
321 9149
1000 8162
1728 10548
1676 14513
1655 9273
1459 1769
1812 4143
1943 1403
619 12949
314 3078
1035 9421
1771 4441
1975 1736
338 8957
89 10319
299 4967
867 11179
538 6578
1798 8751
1099 8321
929 1613
59 13571
1186 5999
1635 13434
1275 2450
764 1772
1772 8902
1195 3463
1578 13379
1864 10344
1986 44
1014 716
1648 6069
1892 2123
1147 11570
1623 7185
1624 4210
625 3440
1871 6876
263 10984
1316 5542
332 12489
931 4258
1985 5406
446 7133
1070 11253
875 10209
1077 11270
348 1140
860 9083
1084 1132
109 4091
1702 11166
1834 10240
1266 10085
1405 6779
103 14806
300 9453
1516 10104
1273 14551
385 13231
1371 10219
951 11775
1622 12462
182 3267
44 3755
648 831
1337 9470
1984 7555
778 12601
1073 9021
735 6503
154 8922
1332 885
1967 8883
1809 1920
563 3651
1374 9756
654 12734
456 3532
1918 6987
1948 14423
1281 1101
1962 12795
1722 2193
975 10274
847 9451
1902 3738
1348 10558
1032 11596
1542 13958
1882 8611
1406 2580
354 10259
1248 3315
948 10298
1064 4539
1588 4022
344 12962
1777 5836
1690 3595
1741 5040
527 6608
1344 6096
1790 12644
217 6352
1356 8014
1389 4076
452 11770
1481 10247
1826 10833
1881 3911
1287 2810
1906 2468
439 12718
1670 13502
1969 10273
1779 6944
1665 79
1940 2986
1474 3221
1686 13865
1591 3688
1988 13314
1742 9592
1421 7202
1793 7624
1931 3567
913 1381
844 4996
254 2425
722 11230
1852 13000
999 346
1109 13630
853 11451
1796 2813
330 2814
1639 14308
1044 562
1196 10464
617 12423
873 7914
329 9900
1981 12862
803 6123
1921 3132
585 4608
1557 9400
1095 2961
730 6409
1307 14007
1080 1498
291 5436
505 3356
360 2059
1071 6512
320 14173
1358 5631
1469 14557
132 11726
1691 6181
1412 9727
981 10664
1085 6870
1719 6847
603 10460
601 3540
556 6541
1150 10432
1768 14868
1625 837
1396 7717
1951 1452
1503 10686
889 12534
1577 11971
1717 2070
1595 14368
1203 127
1369 8681
373 12456
309 1640
870 1093
151 9049
99 7386
1184 10904
1835 13422
869 1573
1318 4323
1444 5004
934 13415
688 147
1024 2670
1970 4196
336 14662
1153 12169
1675 7973
894 14200
1952 7209
1949 14018
874 10800
1326 1051
502 713
1415 12724
1933 12243
316 12838
702 6041
471 5085
1258 8941
1746 5612
296 14594
142 14142
998 8005
380 8656
997 4106
1973 512
176 6606
947 9449
1502 10113
1157 3744
1367 12483
1158 7220
663 13136
553 13710
1225 10524
1432 10506
462 7380
717 13137
1640 139
1066 3848
206 10136
1814 12682
1569 232
343 2384
1735 10269
258 204
361 1154
1324 14555
668 12521
612 4857
1411 6369
464 859
1543 907
768 4173
1056 12891
394 7889
1956 7348
877 11788
1439 1980
455 10757
297 12302
1836 11505
813 3637
1497 2700
1614 7159
1856 12796
845 4102
460 2951
378 2959
1747 134
1123 13994
1629 5949
1872 13601
1608 2875
567 8219
1878 14115
1241 3075
1108 1041
1102 13089
1900 15000
1758 14881
1428 1407
1817 3789
1393 916
912 10499
1340 14505
400 12928
488 10122
1626 14312
566 14570
809 5656
1587 10724
641 10662
1666 12625
552 4047
1579 8989
279 14333
487 3238
785 2347
288 9218
1488 3692
126 12909
687 6507
1148 6809
793 9638
613 3816
1381 1838
852 11456
67 950
164 8688
647 6768
956 5837
829 8925
170 7265
692 6605
328 3570
193 13996
1539 14172
1384 10232
1232 10883
1562 13635
129 6147
627 13635
1355 9556
160 14103
1842 7069
900 6435
1172 8792
1270 3598
1521 11952
1673 11705
1133 13198
1724 8510
422 7711
1399 13361
1431 3663
1002 10982
1290 11920
