500 1000 100 19
325 339 9949
56 116 7434
24 367 7015
137 239 2894
12 489 9167
28 175 1900
80 189 2720
17 41 345
6 9 4613
149 479 7352
28 163 5336
69 156 1412
62 469 5581
21 396 8318
5 23 242
163 265 6991
295 401 9912
24 250 5959
94 193 2061
54 99 4350
211 343 4117
112 334 6022
11 104 2897
39 228 8106
227 443 5196
176 445 181
302 336 2793
469 475 692
331 362 8262
1 5 2000
19 45 768
64 134 65
283 423 6430
4 6 1997
386 462 1675
78 273 8396
454 456 1412
214 372 4373
445 495 8584
6 248 4758
270 328 8892
331 385 9552
69 484 4033
74 391 9384
201 204 4347
179 211 8256
491 497 9892
4 432 7328
24 62 53
231 275 9749
104 155 2638
10 153 2806
118 233 8546
151 417 981
103 143 3800
272 368 3611
1 43 1898
459 484 1865
137 228 3312
26 255 7620
100 264 4948
203 266 2433
246 474 5688
147 340 6544
9 434 579
314 453 9108
65 240 8337
178 311 6523
104 196 3562
94 191 3476
66 364 3307
183 301 2809
10 216 5691
180 309 8616
218 481 6386
235 277 8451
214 264 920
249 320 9625
164 284 2970
201 288 187
97 403 6048
398 447 9194
26 34 5987
282 416 3738
162 340 8132
33 366 2091
106 192 5145
270 476 6694
63 112 1505
344 437 4764
148 428 6342
25 60 4413
108 179 2402
40 429 1866
200 234 5508
60 101 3379
115 240 1983
258 439 4165
314 384 8179
341 386 9615
187 280 9676
204 205 7483
60 69 757
73 137 5516
3 416 942
155 197 3963
368 469 8325
269 335 7160
440 469 8291
302 414 8235
52 257 2057
412 495 3413
81 333 7637
48 449 1824
68 233 2140
64 450 3868
159 172 7020
56 102 2579
396 491 1495
27 171 2375
139 433 711
111 438 5396
9 233 3858
7 98 7390
153 194 2109
146 248 5106
45 375 2537
256 259 5990
311 496 2346
75 293 7008
8 20 1670
75 298 3752
235 309 1104
1 65 4428
186 363 4442
102 490 803
321 339 8170
171 365 437
114 133 6333
314 391 3347
148 259 5764
34 113 448
4 38 204
349 468 4372
294 357 5561
3 339 358
64 97 6832
38 197 9541
121 176 3381
2 278 1535
27 439 3448
417 462 3081
10 11 7017
86 158 8942
150 201 5629
237 301 4844
99 115 3777
217 450 8138
58 358 4434
244 470 3425
69 212 8284
232 436 5485
17 181 5566
14 218 9246
284 320 3376
152 229 4156
259 336 5490
5 21 8371
275 360 2461
22 107 1212
154 496 8826
170 450 8141
35 282 8911
1 18 356
0 381 8753
3 96 9402
437 465 5616
372 454 7611
285 481 5170
72 167 1355
180 186 4715
162 231 1231
13 74 1881
211 213 7904
123 326 9683
66 152 7011
79 346 2390
26 226 5644
34 411 6296
160 311 1348
68 310 5585
347 422 3302
166 308 5646
101 119 8489
207 352 7740
20 175 683
356 496 4175
135 377 7396
192 399 3622
125 221 4350
194 330 2662
403 448 9790
168 183 9841
37 368 1379
265 275 3419
55 237 4590
223 473 5083
68 78 6871
18 25 7278
17 19 5594
249 286 2258
3 16 415
494 495 7986
246 420 6732
18 42 7359
142 332 7527
23 324 685
7 132 5897
279 386 7842
20 63 3070
6 375 2264
70 479 2154
48 295 3732
209 361 6202
85 247 1276
239 431 4905
215 448 5776
359 404 5881
1 2 7529
55 383 5319
222 252 3723
239 415 6910
164 272 4225
198 320 9101
2 158 6178
436 499 8344
236 267 7038
117 419 9032
117 447 9281
2 10 4151
294 443 8424
93 403 4722
27 96 5485
28 190 9036
58 164 7477
112 317 2390
86 121 5279
389 470 3919
113 153 6277
138 142 1483
454 489 9016
439 440 1249
221 307 3140
312 436 5095
209 350 4397
1 345 5616
47 89 492
40 138 2940
12 375 8188
133 167 5391
7 293 8169
254 284 8476
178 213 8233
4 7 2878
238 367 9776
127 366 18
11 102 2795
169 462 2507
302 492 5561
24 85 6008
146 451 8407
208 314 5000
173 335 7449
250 352 9235
120 386 5551
305 396 9287
11 59 3373
10 57 2881
122 148 6543
57 151 5856
386 457 819
297 367 2011
60 433 4713
183 444 7763
19 146 4532
41 199 7408
233 274 2402
66 75 9826
160 263 3066
313 457 1173
467 491 9841
44 460 5681
39 126 6530
369 406 5590
147 480 5409
175 414 4408
131 295 5040
244 479 4063
151 318 4839
5 177 1772
154 478 1453
297 319 4644
327 378 4843
16 93 6096
48 66 5508
181 215 6987
78 103 8716
11 294 4764
32 250 5032
83 207 6151
360 375 3470
56 67 3551
30 269 3847
199 301 8095
92 448 408
237 259 734
86 439 9012
10 446 3679
38 53 7344
361 491 9031
287 433 4840
294 367 7701
293 316 6704
73 381 8697
154 472 3305
221 366 5972
254 363 9171
197 474 8596
37 71 3812
48 156 6454
170 412 3847
343 384 7727
131 365 7935
19 144 8871
26 152 5033
383 452 2045
40 493 9287
396 439 9352
360 394 4402
8 223 6535
57 194 9595
329 477 7713
19 243 8278
326 342 8505
43 76 5109
61 244 1026
56 94 9654
68 95 6601
37 160 6233
124 496 5751
8 14 4659
353 384 7868
217 407 3469
117 312 4338
118 170 5920
56 214 6545
175 458 7417
336 467 4603
12 196 27
306 466 9325
71 150 6169
224 415 3060
212 489 2066
38 346 2731
41 127 6319
167 490 7125
182 245 4502
72 395 5875
131 132 593
34 334 5535
153 411 5309
76 98 4679
144 405 2924
381 452 6253
9 235 9646
168 213 7022
379 473 3718
110 382 6118
260 323 2350
370 461 1231
113 148 1336
178 353 2027
112 207 6258
15 125 7580
22 393 1224
279 280 7292
220 443 6807
272 302 988
123 147 4790
36 224 783
52 210 4673
9 15 1404
277 432 4694
52 168 6744
7 114 6097
50 443 4777
54 137 9003
24 40 6439
27 285 8538
48 54 9324
347 466 6876
34 400 2261
181 287 6649
107 358 6595
28 210 1896
400 440 1174
281 380 2356
78 194 6470
258 460 6439
247 260 4939
169 397 7197
27 425 4706
161 383 4875
55 323 4861
240 258 432
329 367 6210
136 163 8547
142 457 6576
25 90 7852
129 200 8468
19 64 6040
69 182 1773
287 322 4723
367 409 9256
87 410 888
151 303 2462
7 15 2015
37 136 798
97 401 8169
141 277 3133
325 329 543
133 395 569
197 307 5706
324 454 854
63 420 2625
372 380 7358
86 143 9161
431 451 6457
66 237 7604
203 327 6681
97 481 964
49 388 6958
76 302 892
96 371 6423
35 84 8585
46 61 5574
138 139 1665
47 301 6512
3 237 8500
264 441 2587
30 228 3374
392 396 5417
21 130 737
165 251 7083
85 124 4528
30 459 2241
285 458 4741
279 490 5934
150 483 353
6 50 7389
139 389 3258
135 347 7596
221 290 7305
36 351 8484
206 441 1459
193 237 5636
414 426 9211
17 355 1243
231 268 2182
324 361 3519
183 417 3430
117 440 475
72 359 7589
254 368 150
114 273 5851
288 497 8800
189 388 8842
383 477 5382
177 300 5769
299 420 9144
56 273 9022
185 452 1519
9 106 7002
54 348 3525
156 385 5437
404 426 9794
128 284 9014
87 485 8063
166 465 3284
83 90 7411
44 154 7851
55 361 8261
11 228 3909
174 217 7289
328 462 5042
398 475 6181
73 251 5065
293 456 8418
22 326 2753
88 121 4671
134 249 1702
122 306 5592
253 449 3813
29 51 3301
42 252 4676
20 31 2891
72 88 7888
89 144 7362
227 296 8306
200 258 4198
134 280 1018
95 317 6214
108 136 5472
467 496 2586
65 112 7294
147 348 9674
158 211 6497
58 71 9964
348 460 1372
57 335 7725
235 246 6031
59 143 1943
360 434 9186
63 77 4554
197 292 2982
209 423 8048
58 97 677
135 270 7173
281 338 6183
25 92 7002
255 304 198
398 480 9923
106 154 2811
82 165 9915
184 393 6229
381 397 7102
346 446 7400
442 466 1439
121 180 6470
119 135 4226
246 291 509
122 358 3998
79 80 8185
65 141 4646
463 495 4651
27 409 9303
17 29 7692
243 412 3347
109 326 3332
147 218 5140
130 370 9737
376 442 4526
17 27 8027
149 435 6969
158 297 6694
11 169 8962
377 486 7508
191 374 2902
321 387 2410
113 403 3637
162 186 7404
304 453 7035
83 93 8769
320 492 2896
92 213 4725
229 267 1071
302 434 8429
325 440 7116
179 209 497
3 24 7591
127 194 1857
297 484 1408
89 177 2163
473 490 9516
249 433 1736
0 1 7129
127 178 7921
261 419 2164
39 89 9027
246 304 2511
187 247 2726
118 174 171
223 274 7234
134 223 4094
2 189 1396
178 191 4370
20 457 9508
173 454 1662
14 325 6600
213 437 3028
60 253 1765
147 173 9924
2 269 5240
292 452 945
119 137 4376
263 482 1270
382 445 6848
16 56 211
128 226 5016
72 84 6519
211 246 3266
136 491 429
130 261 7680
334 451 3097
99 300 1819
74 334 4854
53 264 1110
431 438 324
22 388 9889
17 283 9171
145 206 2355
190 376 9489
62 491 8235
44 239 7125
58 302 3005
54 268 8894
128 408 7085
257 476 6603
358 468 823
243 436 5158
12 13 9019
268 361 291
114 341 459
135 157 5126
207 328 759
303 377 2013
160 197 9560
108 358 3461
235 374 2368
153 173 2436
10 44 4397
5 227 3575
28 120 6078
341 485 4372
24 33 5665
134 316 6478
20 205 7177
59 119 3579
224 439 4905
202 233 7124
368 425 241
58 209 4595
30 488 7487
125 159 5477
11 220 2877
15 421 320
139 234 3920
70 395 6009
150 377 1368
90 464 6776
198 265 2798
22 292 3911
135 203 260
27 131 4726
47 305 6584
321 419 6800
145 433 4776
285 350 6479
76 311 7498
323 417 4731
135 188 3237
310 427 3131
17 82 1304
112 426 4777
143 425 8235
160 308 5919
241 364 7983
35 72 619
95 423 4521
102 223 8416
380 464 1599
33 329 4099
2 3 6792
176 225 2965
74 81 9476
1 35 96
295 354 7454
98 353 6443
89 122 9762
192 471 7293
58 444 7972
52 195 3375
71 175 9345
23 349 3014
310 373 2679
136 443 8875
19 26 1627
47 161 1576
69 349 422
147 403 364
108 194 4476
58 70 3390
135 224 2291
106 221 908
280 326 3786
43 55 8563
4 22 4614
275 348 91
362 455 1797
41 109 445
38 79 3648
1 28 9238
53 413 2161
250 279 9881
104 150 4502
169 338 2302
143 458 9855
279 281 9139
56 192 4161
290 424 1626
69 111 8328
99 369 9132
38 377 4605
124 230 9379
6 12 5002
263 344 964
275 368 6753
298 321 9713
401 425 1951
107 337 3310
29 272 6034
248 393 7022
248 331 5899
24 116 3602
58 202 2448
107 448 8615
280 429 5204
332 355 1315
22 91 273
50 52 1813
49 100 8688
253 279 4809
99 175 2980
354 390 9773
25 162 8598
59 237 5188
273 494 7057
265 481 6165
31 128 9312
231 392 1142
245 362 2723
156 364 7746
226 289 2640
163 263 1267
45 184 3443
340 418 4036
364 374 6101
338 452 759
153 294 5229
5 446 4834
40 62 2438
21 366 1047
53 63 4020
27 105 4356
402 489 8868
83 438 1651
109 315 1290
134 204 8458
14 480 9273
154 177 5806
113 258 9866
141 349 6317
59 123 2207
131 187 6335
228 323 333
350 470 8260
71 204 7392
92 402 6803
190 488 2923
66 437 8852
24 110 9172
57 142 6815
166 417 1145
293 389 9960
100 170 4885
0 4 9851
83 232 4460
205 372 4497
107 297 9549
92 299 8224
336 377 8976
487 499 9617
24 230 1509
18 32 9870
102 473 8060
26 344 2664
78 104 3132
310 458 3733
273 324 6519
173 334 3676
38 494 1803
36 209 8673
75 117 3335
127 205 8442
178 313 6763
78 231 940
29 462 9325
20 280 2022
6 8 4964
278 447 6867
93 498 8963
0 268 8483
13 481 6259
31 225 7972
16 302 2805
1 58 4747
254 384 5536
285 462 8779
14 73 2837
158 188 5948
45 390 2813
197 428 7017
102 361 4358
176 476 678
100 166 8920
147 333 9963
119 306 7534
7 142 2000
65 222 7524
78 134 8011
83 86 1585
169 430 2601
94 256 6630
110 276 4849
44 287 3340
447 476 8395
196 199 9203
209 293 3593
217 221 2837
50 298 8267
48 293 6573
302 489 2205
45 383 5235
2 68 9206
165 202 8344
124 142 8382
117 240 3251
130 149 366
118 205 6733
131 215 8543
233 345 6143
2 173 6091
217 435 1883
57 138 9903
326 449 263
338 435 5576
311 371 8785
182 238 5870
18 475 6286
11 37 1601
273 455 1633
31 48 2999
195 342 3270
136 189 4788
326 387 6316
58 455 2975
177 185 624
323 387 134
81 489 3588
127 189 20
413 498 9138
321 444 1106
95 392 8983
32 39 938
147 153 9453
66 70 9839
158 487 1845
74 262 2789
207 367 2039
367 398 9391
270 472 9410
102 290 2925
1 173 1286
84 172 2880
219 357 4359
56 390 7777
214 242 1747
118 391 1131
46 104 7903
267 401 6886
44 343 2809
63 413 628
258 326 7122
301 420 8523
136 318 9441
131 289 5297
29 494 7916
121 210 4953
28 49 8575
179 378 494
371 400 5391
35 254 3179
173 383 3647
4 271 1314
322 352 4886
188 403 4135
206 336 9089
58 65 2528
75 406 8320
188 198 125
162 413 1931
206 463 3906
100 140 2788
194 372 8069
125 160 3177
264 444 4514
157 214 9047
241 272 468
81 400 8203
22 177 4072
58 210 3926
83 460 2181
196 425 1153
29 141 4976
41 173 8395
329 465 8178
184 236 466
52 287 3632
221 313 6677
23 266 5343
1 14 4549
202 491 8689
429 470 9308
93 372 3494
244 459 1607
171 459 2480
19 30 6663
131 335 4093
26 56 7674
392 487 961
17 36 516
223 241 7997
213 329 7
299 391 2124
233 411 9595
16 17 6904
115 446 6019
34 108 9190
161 237 5244
35 118 9732
135 261 2169
212 331 2155
143 455 4728
428 460 3890
37 248 7835
235 351 7793
133 318 173
42 87 2265
285 330 2621
195 421 1953
59 395 7217
62 443 6291
175 341 8671
74 166 2435
221 267 668
118 265 4519
44 411 9482
135 454 4299
60 83 1629
173 337 104
192 439 7942
66 145 9909
102 287 4368
110 493 9135
275 342 5262
34 46 3840
113 219 8716
106 378 4997
118 331 4947
132 354 661
188 356 2797
201 382 4893
366 432 4360
59 305 8832
8 347 9870
158 262 8437
3 198 3454
9 65 4217
97 224 2075
136 351 4480
144 254 9517
5 335 2276
84 243 4653
10 47 8568
316 365 7441
160 348 4773
40 448 3541
278 379 7904
78 326 8726
50 217 970
42 410 5332
111 129 2
194 434 769
150 293 3713
75 280 6534
29 206 3101
216 478 2894
10 208 6702
311 375 6514
176 341 1223
413 11584
77 12446
309 2140
211 14340
427 10976
380 1829
421 11199
62 14211
391 5924
288 14847
90 420
474 2989
115 5575
247 7251
426 2204
150 6194
369 5583
25 1032
262 4922
410 5507
428 5816
261 11104
382 6658
493 6019
321 13210
149 13541
299 14433
140 10652
327 10957
111 14490
483 12661
162 3528
253 1554
466 439
87 5256
418 9819
180 14933
266 3422
234 5042
182 1187
476 1545
464 10741
478 4798
252 2181
155 1284
461 2372
307 12494
245 12963
424 5048
475 8699
422 11183
374 1696
291 10050
392 10098
129 7396
442 4458
406 1080
472 8533
121 7117
230 10611
419 8072
130 5324
370 1360
398 9282
216 14600
63 10745
133 14949
373 4846
227 2473
49 449
99 4530
447 1204
378 8594
110 3803
379 6163
176 13079
225 10500
156 13220
486 11355
175 1016
497 12709
317 5039
296 7895
357 8287
101 8122
303 738
485 1286
319 7640
250 6067
42 12193
85 7129
238 12093
318 10218
404 12424
446 3408
203 4518
208 14253
389 2407
276 12353
310 14354
