1000 1900 500 744
114 862 697
373 406 9835
44 198 7899
260 670 4105
559 643 9096
486 642 6228
657 923 1505
43 66 1360
389 439 2246
385 826 4777
196 279 9877
150 221 657
126 726 8800
22 31 9820
3 761 2787
686 760 4742
98 726 9579
11 458 112
162 236 5739
199 404 3785
201 667 3756
43 433 5805
246 361 17
17 123 5473
217 616 4927
223 889 9412
22 298 3154
86 943 4020
149 755 3501
573 949 9549
238 362 8422
456 801 6668
75 937 1995
423 909 8073
250 337 1022
165 672 9187
328 384 5422
156 675 3286
595 831 5099
209 886 4216
0 8 8913
149 556 871
19 579 9215
590 945 7844
217 321 1140
647 930 4482
15 42 1096
179 904 3321
430 500 7825
196 518 2344
679 731 2565
1 507 7388
439 446 4712
64 455 573
200 257 9019
439 688 8625
15 379 730
155 281 8892
0 4 8140
39 142 9844
487 928 8266
33 406 5965
146 261 4574
105 947 685
104 614 6460
796 999 5627
528 876 4653
804 983 8399
140 424 9092
105 561 8957
283 298 7140
144 843 9042
192 320 3155
166 471 9738
222 534 8491
166 319 9719
116 536 9005
435 635 4838
5 21 7340
374 661 7647
930 999 240
151 572 8944
882 915 845
303 420 9945
481 836 4236
51 278 6223
209 226 2662
70 631 812
129 801 5989
537 672 2458
223 750 3553
73 233 9603
677 707 6826
306 990 2228
177 215 9235
245 924 225
729 892 6746
475 716 192
174 434 6116
43 794 3493
637 832 3968
185 741 9146
488 663 2972
355 934 7184
236 966 2987
292 808 7856
397 943 2921
605 711 9516
260 871 397
29 430 7413
407 684 4695
18 422 3071
574 727 2971
127 262 688
623 908 7529
143 212 8432
214 677 3736
107 982 3481
26 92 6203
85 577 1760
257 615 7015
2 5 3940
120 138 3274
468 687 2976
165 391 7147
174 461 2153
125 336 278
94 255 2460
299 488 2283
438 993 3901
696 781 1802
419 602 4654
313 393 4982
390 461 245
37 114 4506
74 103 1683
0 199 7600
249 729 1067
362 665 9596
28 274 8142
268 497 5558
11 109 3910
184 750 691
197 313 119
203 580 8701
92 729 352
151 975 3634
359 439 7495
592 649 2364
371 453 709
58 544 7668
277 871 8319
419 459 5257
10 187 9900
100 291 3921
464 926 5460
300 950 9983
470 720 1674
481 605 2099
106 241 48
210 246 4022
94 733 7700
89 761 6058
327 536 8609
549 829 335
90 390 7144
651 755 5200
111 608 7762
69 223 6624
94 306 7084
248 619 5427
730 762 5778
51 212 1583
669 938 7015
242 659 9554
383 585 7185
401 598 9508
178 913 3168
215 275 2661
228 277 4152
471 545 6934
634 777 9515
802 877 8632
679 763 6693
419 746 4531
110 986 1478
8 158 8979
639 929 1473
217 829 144
375 902 6629
194 945 9725
939 988 1056
404 423 3670
272 327 8152
77 789 2833
171 329 2392
353 520 367
282 662 5946
325 372 4530
250 999 1579
134 245 6348
398 893 7473
171 971 941
694 725 4325
328 392 9323
3 110 5886
514 615 3949
862 917 5180
220 278 8122
792 911 525
812 955 1137
536 974 2924
146 709 9268
189 433 4385
779 932 8833
189 567 1669
60 111 576
296 402 7349
149 514 7766
63 200 1478
51 646 3061
140 618 6573
658 734 3668
349 878 1639
263 710 7338
324 370 63
465 662 7466
356 832 6526
86 219 5951
51 902 5762
558 570 3958
0 606 7994
165 406 3704
3 195 5176
79 130 2008
365 379 5972
120 455 9875
266 307 7272
225 389 3089
173 373 2850
369 473 9314
242 933 7
41 190 8173
239 500 9270
569 958 8836
45 453 3565
703 863 8400
398 927 1506
446 833 3300
0 20 7258
538 780 2482
709 850 385
208 808 4594
34 613 6874
122 793 301
30 73 1149
365 987 5489
9 614 4352
752 893 1005
125 356 6493
799 811 6874
225 565 7727
662 773 5271
44 155 1233
157 330 284
261 365 4645
543 594 3328
178 302 7433
426 770 5582
0 82 9654
505 827 2043
351 595 5305
224 399 1726
927 975 5910
146 390 3387
802 902 4672
235 321 8757
154 673 1603
365 952 5954
411 735 6377
525 687 4647
110 984 1609
429 735 3037
280 474 3115
458 531 3477
485 498 8087
19 323 2509
252 443 9353
3 174 2139
247 427 8956
518 540 1397
29 477 3950
2 151 4449
2 3 9981
396 647 9352
219 724 9190
201 838 5236
248 899 4880
73 662 2730
221 380 7795
9 274 5125
48 672 7283
130 700 154
142 884 513
234 252 6894
175 266 7355
105 132 2745
52 489 8355
219 450 7815
144 516 9540
398 525 2420
287 790 5206
396 430 5843
440 469 271
306 350 4079
224 506 1530
162 635 2605
54 81 3927
201 428 3497
327 908 6260
62 137 7282
202 433 9387
37 122 5890
192 369 3328
336 464 5673
16 26 1332
94 129 3623
258 689 4277
401 983 2527
485 907 2224
18 65 6342
192 305 6814
17 160 9471
363 972 2549
53 706 8555
19 29 747
150 643 9815
710 725 1560
227 269 196
62 139 9144
434 718 9710
67 259 9029
358 574 9821
114 763 5070
124 375 8997
448 993 2820
231 237 8956
246 788 9521
544 862 1530
69 730 2408
46 541 7650
274 499 3260
80 180 1787
904 938 9531
204 958 6114
169 661 275
83 473 652
4 93 703
98 697 5412
271 275 5493
335 600 5957
345 493 2625
207 216 9040
230 668 3727
54 488 1980
11 17 1515
276 335 5186
37 462 4153
826 941 9396
78 403 7763
21 775 2310
350 963 412
212 592 5314
43 429 7015
608 910 4807
85 424 9352
414 480 9268
95 662 1610
5 569 693
865 923 269
46 156 3573
280 381 831
248 557 7652
291 805 3701
30 519 5662
732 924 9663
70 890 1321
587 749 7489
81 172 9507
467 827 1788
197 460 3652
187 680 2688
12 60 5933
276 770 9602
118 438 6434
171 385 5738
119 240 4937
74 796 455
308 845 8716
511 770 3413
206 576 1767
414 439 6863
726 836 8413
224 301 291
148 738 8233
796 863 8241
10 161 2601
26 53 315
231 567 5481
37 347 5754
617 857 6358
248 669 7451
22 492 5283
254 417 6064
289 455 6894
633 738 5327
421 779 4538
112 211 3785
75 261 5471
218 244 4926
22 247 4628
55 812 7856
167 280 6296
142 158 7739
87 299 7994
212 465 5584
257 813 2860
331 598 7519
68 182 4132
163 769 350
237 424 8237
60 613 9254
58 100 6979
396 882 7896
51 459 9264
216 851 591
19 22 8087
204 889 4872
869 989 3790
178 736 2892
6 355 5967
427 675 6673
758 939 3066
797 911 8686
228 432 2694
691 839 9686
713 717 4622
840 977 1667
379 855 8836
416 914 520
605 813 1624
0 14 4832
509 905 3430
544 974 4151
583 899 1298
140 372 2594
364 438 1825
239 547 4941
733 835 5459
72 557 6984
55 304 4696
459 548 8457
325 331 7284
23 66 7576
409 964 7547
300 510 726
144 865 7099
286 554 4203
253 289 679
47 134 8584
242 455 1151
621 672 1940
431 545 9416
16 43 237
586 937 3204
18 257 8384
32 269 5745
0 1 2701
238 312 7101
137 428 8300
57 627 7456
249 282 7083
50 212 1139
13 199 4789
169 583 2321
605 866 676
662 789 278
561 708 8089
367 659 5280
83 292 4418
232 624 3698
63 689 3641
116 383 4750
107 194 9646
403 458 2260
4 7 8652
526 709 462
396 777 2972
171 822 4190
189 631 1675
243 895 2177
87 172 4805
175 367 1390
141 422 9986
413 550 9887
168 318 1999
847 874 2980
129 222 7590
24 52 1608
440 956 1080
185 193 5500
716 786 3668
110 317 4697
124 727 8002
398 612 7838
343 868 771
101 278 1645
36 175 3353
53 164 2705
60 518 1476
296 408 1822
483 488 6399
270 969 589
360 969 9048
39 606 3640
22 620 5113
7 710 9073
486 582 8770
301 685 4252
260 397 6759
1 34 7487
641 943 4258
296 786 2776
204 637 6728
0 34 5426
84 632 749
225 371 3252
251 346 4803
52 298 4267
121 818 2301
83 115 1451
130 763 1456
240 298 3143
233 741 3054
353 814 1756
49 101 5524
242 320 6634
39 125 717
157 311 6016
300 952 3183
206 610 3392
4 324 5142
506 977 871
52 513 3160
187 901 8992
280 696 3047
60 806 8952
470 656 7071
381 645 9834
74 183 6796
72 901 2739
38 524 1905
82 507 9960
362 715 2019
252 620 1619
406 954 8506
683 728 8774
93 213 4398
130 432 9148
142 539 2263
236 884 2532
654 848 8562
224 931 8298
564 884 2113
401 854 7548
390 517 9221
703 858 3688
256 819 1902
338 701 7894
265 407 4625
396 552 3286
463 666 5633
43 236 1341
554 983 306
70 477 6014
427 813 1975
675 702 1996
81 529 1796
873 926 649
269 521 167
407 775 547
572 796 2267
122 511 7599
264 678 4149
109 590 4676
107 875 5266
396 505 5459
751 979 6397
681 852 4972
108 929 1786
782 812 3490
154 838 3111
356 378 922
97 183 9993
211 820 9205
868 928 484
151 248 7575
644 944 9238
410 458 730
211 988 6526
524 674 6483
519 918 2008
584 669 6316
77 616 5976
213 365 3546
188 530 7220
18 811 4492
206 490 5063
179 302 8589
388 462 9392
715 946 4462
741 934 5591
21 201 3687
215 228 3139
508 854 4683
254 569 8432
958 982 8122
19 670 5056
289 398 4737
5 72 5287
596 773 8187
316 732 9241
38 39 3122
35 626 8902
584 817 7966
358 449 1235
163 636 9360
518 768 7600
35 178 232
44 844 1411
150 172 1756
34 62 3542
602 897 9133
261 915 7681
300 774 2541
246 420 2505
42 469 5894
0 220 8888
503 949 1189
85 546 610
136 413 5207
98 615 3851
849 990 27
90 118 1577
823 989 3388
276 881 5287
514 522 4787
225 419 5234
105 113 8713
46 109 8747
220 767 5421
385 823 5021
522 584 3029
431 880 7175
405 628 3022
566 681 7171
384 654 4888
68 171 4677
368 394 5867
574 596 1794
304 718 1959
31 325 5000
432 571 5573
94 956 7337
22 462 5406
460 497 8181
293 776 5174
601 823 2359
438 875 8844
189 202 1022
53 625 5110
844 990 5569
249 472 8224
0 238 5867
787 844 9984
44 311 8089
178 936 1946
304 533 7504
837 908 7826
405 848 614
455 617 7405
318 468 2027
337 520 7522
24 44 8642
263 281 5118
217 567 2756
338 376 8886
11 16 1358
0 18 4818
48 934 3897
487 515 1355
235 985 5565
43 148 6611
279 593 2404
232 437 4450
282 286 3994
139 435 1536
531 850 1272
231 478 8165
672 879 9844
307 445 328
334 944 8548
618 782 225
568 701 8457
635 817 3828
2 32 7566
73 622 6414
499 606 7449
101 425 1944
197 621 6771
163 168 2364
270 396 6219
303 419 4909
366 690 1488
368 817 5231
588 712 4254
600 918 7618
104 607 9445
685 834 1490
401 748 6090
162 166 5251
202 745 6323
88 821 4084
286 428 1533
363 733 1866
33 208 4209
539 957 3045
118 240 655
208 748 7776
95 288 7104
660 848 3614
49 326 4107
69 324 5275
770 987 2829
172 352 5734
41 133 6074
263 314 7323
324 385 866
59 94 4705
410 449 504
23 732 7684
212 447 1741
401 548 1660
235 359 9983
653 747 8552
667 844 8866
187 671 2729
378 865 976
31 74 6452
539 676 8851
184 250 3236
443 611 3028
585 805 7337
289 400 2172
358 825 23
27 55 3020
642 974 2613
151 903 5500
191 719 1182
347 572 2390
181 267 8608
5 57 4488
404 959 1845
26 73 6943
68 135 1777
546 870 1338
687 967 7450
139 578 1759
740 914 6596
346 851 2029
506 739 676
320 343 1667
142 647 4925
68 283 1031
225 581 8022
544 964 1179
73 297 6610
347 595 9093
429 933 2584
681 695 4806
23 514 8806
327 682 7183
454 981 558
933 935 1591
28 258 7088
809 944 5557
282 564 5641
656 862 109
682 780 3887
146 841 3402
188 446 357
80 108 1590
401 835 8077
200 904 9102
388 687 9980
35 37 853
673 900 4064
201 942 8333
51 142 3480
81 90 3187
283 507 1140
94 143 2399
388 843 9764
40 76 6876
371 833 3392
57 628 7874
114 116 555
622 820 5798
29 124 8557
565 632 3166
18 865 7523
505 582 3676
417 799 7920
636 893 9448
386 922 7762
231 948 5307
210 403 3857
619 698 8451
476 711 3759
358 835 4569
334 896 1057
226 454 6022
212 273 8212
264 705 9700
330 397 7566
553 624 905
116 674 486
11 61 8240
196 529 1338
823 888 7306
378 409 6530
181 723 7257
360 605 1456
614 635 4606
69 565 9606
188 883 8871
678 946 9943
211 253 8854
299 827 8535
26 829 5292
162 282 479
409 575 7937
163 199 5071
115 508 1368
135 877 4868
5 15 7886
358 728 5172
741 743 2502
70 689 2223
31 510 5725
447 623 1823
475 759 664
255 693 6021
32 749 7770
672 899 2973
161 427 8734
131 358 7582
2 772 4868
314 359 5101
57 220 249
94 440 1355
452 843 4073
65 75 749
42 264 3477
368 470 3277
493 935 393
54 868 5203
16 35 2057
185 444 3389
481 552 6704
781 795 4509
385 995 4531
205 947 4641
235 487 7044
446 577 482
213 420 5694
135 329 3224
680 917 6285
315 759 5126
71 225 7600
773 779 9485
319 953 2080
755 756 6811
2 605 9230
363 484 5420
90 511 9544
105 107 8801
638 872 836
171 426 3159
392 503 5000
542 555 6203
166 417 4598
78 79 8012
150 991 3465
78 849 1395
641 781 921
630 680 7584
583 692 7032
605 694 4928
495 980 6347
85 553 82
381 726 5244
43 95 7827
905 935 8670
124 922 1978
263 792 8257
8 234 9652
85 851 6131
284 403 82
793 960 2608
357 664 9727
235 461 7207
237 515 1349
484 898 8418
307 523 2778
99 677 8546
14 44 8653
28 126 2161
247 317 8708
116 632 919
341 951 1070
285 762 6431
299 792 7025
353 515 7915
209 421 3120
787 864 2001
338 508 7981
459 978 4972
180 990 4223
396 683 129
106 715 6557
314 855 5178
137 208 6066
129 922 4264
623 641 6136
443 476 7114
385 478 4921
311 394 5337
28 71 938
740 828 7038
573 621 5039
71 648 1791
87 792 3547
452 786 7915
32 58 223
3 70 5510
354 945 6169
85 969 8175
275 532 6321
238 456 7268
4 12 4021
399 655 657
393 418 4421
8 73 8810
29 67 5612
226 344 5674
119 254 9482
720 815 9389
607 765 4229
618 719 9220
112 330 9279
66 820 3815
51 702 4856
242 765 8192
262 988 8151
118 189 9407
229 451 8369
319 462 1619
5 300 8394
195 451 5592
56 322 332
4 10 2029
46 912 5506
317 963 2822
298 614 7524
495 962 2193
540 957 7072
404 640 5582
567 865 9622
79 447 863
79 285 6673
106 473 816
460 765 233
41 78 7633
498 743 1572
878 942 8362
39 854 4355
93 949 5650
556 658 8255
135 663 4496
465 964 3698
29 460 4591
346 510 6074
87 99 4423
102 198 797
29 38 7198
599 630 8524
341 463 2293
391 684 1322
82 163 9419
441 652 4405
755 900 6785
542 558 814
224 461 6123
909 930 4995
7 49 1480
189 723 4002
28 46 3718
28 925 5703
550 941 5146
195 459 4204
263 913 2034
59 145 3978
473 740 7615
221 392 2747
416 449 3168
202 521 6928
18 50 2453
230 511 3456
87 467 4935
389 557 8224
142 813 3225
566 612 5183
153 863 4819
39 256 7479
78 803 1777
15 19 2898
173 563 8382
198 992 6911
588 894 1395
307 386 5507
39 420 7633
202 237 1026
298 873 6161
202 204 778
488 592 1532
492 519 1650
2 714 4931
483 794 9940
342 509 2110
793 836 6835
756 882 7020
99 857 1587
466 939 5457
464 978 4143
115 210 5811
448 492 9164
135 187 1391
206 494 6608
272 875 7440
302 652 652
239 273 8415
69 86 6970
382 673 6631
40 212 9031
2 604 6973
377 687 4325
63 276 8305
46 232 2100
85 265 8387
366 704 7932
118 527 5845
21 306 4290
37 592 7607
39 231 6996
84 268 3054
222 445 2872
165 543 1271
90 912 69
116 665 1444
256 353 506
117 629 4242
309 707 9953
489 825 332
107 563 8806
79 405 1057
97 891 6096
283 752 568
360 948 6480
218 431 7272
94 105 9741
335 636 5559
507 668 7501
610 998 5799
163 988 3122
128 941 5807
35 102 4457
562 712 3180
231 823 6542
65 839 1296
218 938 4502
116 165 9760
385 970 3620
365 514 6334
440 467 6951
3 675 8045
27 693 4909
128 737 8298
273 582 7437
7 166 111
711 823 8653
343 934 8961
75 573 8082
36 282 474
228 648 7755
657 784 5082
332 416 8672
328 701 3363
355 985 9240
374 568 2680
546 587 5099
512 622 5463
370 791 5547
245 805 784
502 518 3507
90 141 758
618 847 1368
217 537 7861
45 887 5746
441 679 2610
360 874 8123
177 443 288
56 597 3392
45 51 1563
863 955 8175
274 483 7582
146 938 3328
305 483 9358
38 841 6100
450 979 2517
553 643 4866
615 810 3965
54 181 1655
536 835 5143
52 295 2466
209 819 4190
425 952 9630
12 23 8518
626 904 4318
100 136 6744
187 969 132
6 659 1600
607 952 373
683 815 1830
594 791 3736
156 965 6620
88 203 2994
578 776 657
315 660 2316
199 869 982
334 450 5070
632 765 7017
43 452 5886
163 407 1096
441 542 1566
678 965 7093
491 611 3945
476 802 2066
29 271 6478
486 643 1085
107 897 9267
553 867 4106
227 315 1477
682 881 5621
77 364 960
344 807 4681
2 6 4441
48 988 6468
711 728 2180
19 25 8591
36 354 1482
466 615 8569
0 503 5178
507 996 4910
718 795 5416
399 884 6033
106 438 6097
75 156 1955
201 850 7777
99 153 3623
36 721 648
435 841 3173
554 601 3073
588 794 576
489 537 2712
258 877 584
151 907 2281
239 328 1307
543 566 9209
37 233 6456
346 805 3898
881 990 9191
373 638 6975
208 593 8817
238 653 8435
306 948 9156
200 265 1828
120 723 5232
69 243 5176
674 973 4627
57 567 2627
178 719 1469
229 963 5608
167 224 720
22 36 586
137 396 6672
253 846 2796
86 618 1677
76 176 7691
18 26 8016
414 911 8165
398 574 2823
37 284 1151
102 145 7382
248 495 4480
363 577 8634
119 826 9599
36 878 8796
796 897 5531
259 410 3566
611 678 6866
234 883 303
364 849 8462
271 783 3041
58 242 7614
409 466 3499
845 977 4696
65 544 2674
137 848 294
225 751 6497
42 600 5238
191 800 5603
355 928 8143
339 460 208
117 140 3010
459 678 4197
482 502 990
81 428 3132
404 593 6554
186 205 3093
548 680 4500
40 965 4248
136 184 902
619 750 5654
268 405 6669
464 861 8190
123 822 6262
186 294 8877
186 645 7687
360 706 7046
435 898 4892
73 259 2809
99 990 7434
41 63 4327
524 724 1156
138 185 7630
330 866 3426
194 382 5135
734 969 4907
1 9 1438
255 442 5703
325 928 1776
28 128 5031
141 409 4968
525 556 3877
521 721 3733
354 781 2889
463 772 3462
83 758 5768
605 630 9415
403 995 9233
0 146 1704
289 431 5616
207 795 4465
428 611 9673
58 641 8357
293 881 9149
216 923 9782
396 586 4659
349 983 5879
463 747 8256
45 503 3935
345 890 9038
356 538 2165
1 13 6054
125 196 2408
371 704 8562
275 859 7160
307 639 7748
462 566 3394
406 528 5255
516 999 112
830 998 3432
57 263 5226
786 992 9839
202 538 241
129 323 2879
518 887 1914
97 260 9786
194 253 9587
140 429 4777
503 785 3158
207 395 1678
16 27 7289
105 345 867
154 773 8893
565 811 9752
408 490 1858
222 987 2815
125 162 1758
115 127 7647
208 360 2453
531 649 1948
546 755 3192
67 562 5084
784 964 9953
321 456 5533
310 840 9143
15 112 7956
36 159 9973
15 940 7985
139 342 5253
9 988 2681
546 771 4777
717 975 531
164 644 9757
265 349 8775
7 197 5936
356 545 7346
182 366 2335
493 762 2581
587 976 5140
166 385 5148
115 296 1656
98 157 9254
641 829 3483
2 48 4437
700 798 7539
277 937 9987
541 814 82
24 184 7265
29 996 5158
778 849 9331
58 722 3373
197 982 4306
457 624 9992
497 696 4509
19 646 3419
355 662 9391
175 458 7913
609 714 54
129 591 4255
769 787 6512
682 915 9451
235 324 3467
478 651 8068
245 414 6024
260 300 686
698 780 8846
19 119 3572
620 686 4229
331 888 4611
51 577 5866
723 930 1984
553 574 4512
148 755 4321
449 626 2810
0 89 7477
382 593 8142
70 256 1819
391 487 5144
43 77 8625
25 342 5400
738 927 3748
49 147 7725
320 959 5817
453 729 2935
231 315 1850
8 11 4916
572 891 3293
59 235 10000
254 357 3244
351 586 5665
79 576 1294
78 219 2347
316 916 1947
23 204 100
29 122 9172
132 377 6810
7 370 3492
605 683 5281
32 494 5424
59 891 2272
63 97 4623
563 894 8177
641 677 3363
335 501 6315
51 772 837
136 367 5412
182 381 5448
688 830 1323
107 345 9405
204 999 4579
576 578 1922
231 363 5445
599 994 4091
265 502 1377
81 144 5371
298 381 8379
69 181 2629
397 998 5441
20 249 8569
389 999 1884
57 371 2579
36 181 8674
251 766 3839
165 377 7290
149 170 5677
439 856 2794
88 150 7680
730 771 929
636 760 627
756 820 1600
79 867 3914
99 287 2560
89 751 3297
395 555 774
540 551 9565
231 422 2389
691 868 6768
384 479 4427
814 910 4577
598 940 2902
736 932 7104
359 741 6813
201 332 3244
53 184 2187
383 560 2955
86 407 4178
274 634 3263
542 569 4895
564 691 3625
69 186 92
343 735 1903
575 824 1550
64 522 1743
32 810 3215
549 641 9036
663 721 2871
250 890 6162
596 914 1380
213 481 5925
206 214 5785
66 83 6267
204 218 6680
151 270 3288
150 453 6468
11 24 8669
175 401 7124
536 701 4783
49 649 349
346 403 6657
352 934 9199
240 528 3026
605 717 4772
130 456 4018
149 708 9149
487 795 1408
90 276 5148
63 222 3459
445 577 5343
96 388 6393
259 348 4305
779 839 5754
486 712 8219
446 559 8371
282 961 461
447 945 4445
171 580 8408
120 125 3813
615 816 5718
39 47 7291
173 531 9568
659 943 8599
93 104 9766
3 251 3052
659 860 2365
591 954 2950
166 901 2021
701 867 9012
178 638 6324
501 893 9230
864 979 1637
273 613 7801
43 68 2227
524 815 8263
376 491 1877
43 149 7268
804 960 1392
294 809 9007
62 133 6879
177 184 682
178 433 1549
307 657 1775
680 892 3425
210 885 4172
354 551 4181
28 117 5314
150 972 2241
41 783 7111
834 904 768
64 504 436
389 802 1626
281 986 3344
145 785 742
23 903 2269
293 415 2084
97 477 4955
95 308 1267
123 526 5800
102 477 3203
29 239 759
248 368 9726
87 967 7344
528 657 8824
548 603 9785
469 947 3686
154 233 6916
346 498 2319
247 829 1956
111 361 558
317 542 1058
276 894 2107
30 54 1488
588 731 5876
399 423 1356
150 329 1651
391 973 6623
146 912 602
232 859 4017
181 230 3831
701 743 2648
515 992 1132
126 621 7455
443 457 8326
3 475 2752
204 939 9546
595 826 3819
440 764 3379
284 880 7003
735 821 8938
44 412 3059
229 345 9551
155 173 6084
355 373 338
538 833 8901
162 285 2618
184 555 4519
588 900 2696
133 374 721
486 648 9391
37 960 4230
11 88 3500
34 441 458
576 941 2440
464 535 8511
28 33 1201
57 626 6715
12 30 8081
1 2 1299
42 135 2088
61 728 4355
68 369 1053
220 549 9740
182 568 1159
572 837 3847
333 871 4893
872 876 2667
249 879 6352
393 599 3451
36 64 399
231 912 150
80 84 6191
401 633 9515
534 699 3912
432 742 8630
441 642 3096
874 999 3632
135 594 4568
532 660 379
685 863 754
23 440 5925
367 437 4879
50 849 813
90 152 1891
365 537 2
81 887 2381
130 217 2701
508 621 5292
608 989 9269
22 45 6737
244 266 1221
741 857 6639
508 512 3476
643 919 9356
184 243 9597
279 968 1896
88 193 161
406 757 4393
47 120 1847
535 693 9218
1 264 7760
3 63 8708
204 633 8754
38 252 6032
625 804 8190
270 882 9882
92 156 2207
74 347 5502
129 703 4103
408 449 8290
113 182 1060
250 989 4831
202 705 1569
574 656 6816
224 405 1116
407 934 757
21 684 3705
454 916 4335
296 301 5076
353 842 7814
196 650 402
394 829 538
138 309 4886
634 836 5163
299 375 1000
784 958 1590
68 817 8621
811 954 2774
259 496 2449
851 939 6224
74 424 2962
262 595 488
40 207 896
459 641 6513
114 334 9547
33 682 1846
274 470 3493
8 59 6719
412 966 6866
258 444 5131
237 742 8475
20 42 7991
201 411 8013
6 340 3681
21 858 3451
1 40 1293
131 902 9910
109 540 3518
24 310 5362
88 556 8466
101 191 5971
228 475 6965
664 726 8795
681 999 8726
843 856 6545
3 341 7039
686 690 6248
178 797 5830
343 543 1555
24 860 1486
916 987 9263
434 929 4689
211 676 685
126 906 3760
191 466 2148
463 626 1111
490 892 7082
611 864 4630
549 710 3904
90 91 2745
137 673 3466
787 828 4501
37 41 1032
461 853 9663
510 906 5537
31 311 4395
827 956 4173
211 836 4023
703 939 4409
671 976 7298
201 953 5818
57 914 5571
443 675 7862
571 589 6856
45 121 4786
58 310 361
344 606 2413
328 504 8791
425 959 8390
348 772 5583
1 403 829
112 709 285
243 548 436
422 997 1553
420 457 5900
205 970 8360
209 688 3851
724 887 7028
744 962 2831
80 153 7889
546 913 664
150 439 9168
327 778 13
54 131 4852
321 675 1443
278 788 8959
643 844 8079
80 521 1617
174 713 591
568 745 4197
119 284 6375
132 342 3722
471 999 5250
331 677 2731
33 230 8405
271 303 9454
651 696 8219
609 977 9728
199 289 3539
34 69 895
233 302 8444
423 474 6520
79 84 3326
313 428 5049
870 876 8037
175 313 6023
147 339 5880
459 482 6082
223 783 8678
21 290 3441
159 416 2003
191 897 655
231 539 7676
525 754 1362
351 436 242
510 951 6820
243 896 3782
556 732 6010
218 293 6859
227 892 6547
540 708 8709
419 970 7655
89 209 3608
100 724 2481
457 651 3059
535 821 3558
483 631 1511
466 782 5443
320 985 1996
240 686 1229
257 619 173
88 928 8264
51 56 5470
150 906 5896
248 288 261
45 147 4713
122 306 6071
26 213 9688
19 192 4648
146 616 8880
277 637 9360
373 852 2800
274 687 7694
317 832 8510
301 431 207
193 771 7728
623 655 2804
128 333 3729
560 984 4133
451 963 86
387 768 6154
324 920 3329
205 244 3408
67 206 697
377 955 3420
707 817 7524
334 382 5071
360 694 449
331 910 782
428 465 9973
717 790 5382
198 996 1251
518 677 5828
19 85 7775
110 486 3206
141 490 4672
438 569 8693
166 286 4870
694 869 9999
480 766 815
360 485 3184
375 537 1701
276 387 2756
536 809 2006
628 724 7312
78 327 1332
19 588 3295
317 892 5813
165 800 1913
79 87 5002
12 229 8810
52 98 2175
450 667 4577
450 859 515
219 607 3707
377 580 3859
220 316 4680
129 342 746
275 669 5389
242 284 3017
681 894 4033
18 28 2762
294 973 5704
174 227 3794
78 96 6852
305 947 1658
221 744 3188
522 921 1880
77 351 1015
751 878 3948
228 528 6848
208 272 3350
563 879 2546
35 485 1982
246 735 9069
401 421 5875
335 856 3776
280 955 81
503 982 9620
493 903 1080
410 565 5368
266 543 9562
65 639 2787
119 604 9658
492 740 7433
108 169 3034
210 417 4411
157 730 4781
460 655 2592
54 338 9734
88 106 9297
24 775 4579
358 609 3699
351 778 6920
513 599 6890
480 909 2804
414 552 767
264 448 505
144 188 9914
324 410 630
713 844 6839
57 398 5080
275 703 5625
551 753 1052
382 508 981
78 177 5485
6 167 3593
178 678 3966
832 925 2970
321 797 6553
363 760 853
126 154 1096
796 832 7739
94 179 4376
78 80 86
651 839 4979
321 811 8437
262 563 4148
398 962 2082
251 376 5078
773 859 1676
132 334 3355
504 636 8712
502 586 9140
366 879 9739
7 210 6251
956 977 4450
323 921 9721
510 511 9869
39 34875
586 1000
23 1854
860 703
148 3821
835 354
632 2000
804 1513
903 14281
277 58758
194 8654
713 1959
920 14
130 7801
931 1
2 1394
311 69016
617 31207
765 22053
400 62882
624 11156
236 12350
486 74754
570 1739
918 1416
986 369
844 32
653 12324
668 1063
943 2320
358 984
995 39953
983 19270
947 990
88 36497
558 71984
279 23550
661 55426
591 38
268 330
501 11080
495 64810
87 8
73 8289
869 55148
968 584
415 45
556 1523
429 44
192 26
850 23
527 58412
469 928
385 1301
886 402
620 10346
224 38
506 61718
742 6995
923 18375
626 27
687 12
754 73290
909 14305
985 1521
369 14281
435 54611
213 95371
10 41570
731 825
353 56022
816 1825
493 41
218 41673
656 46
548 6929
521 23946
460 388
996 34
674 9062
348 22117
0 29
561 17110
601 38645
373 370
924 1714
587 19837
160 9793
669 37
479 1155
481 14562
272 3
634 41297
118 242
636 70158
8 634
132 744
153 5562
557 903
959 21
432 461
401 11
978 30
681 15
44 121
396 6825
424 9308
677 11
991 26628
628 12428
696 15
152 6022
14 42863
896 18578
729 12450
436 218
56 9290
875 16
223 622
998 1475
551 4460
870 24596
659 5547
463 12
565 25145
300 72423
343 30489
951 339
932 1001
426 32
666 23053
441 43951
357 18331
119 398
934 21722
889 2972
836 1111
798 8697
319 4278
27 99
564 64575
296 1371
670 74815
845 1406
510 1862
505 1946
547 2579
673 17
124 1983
338 42003
902 37
425 10788
186 71284
905 61213
783 23
72 1475
195 5
5 48
851 19105
238 32259
326 26394
131 8128
327 9651
368 1160
832 370
214 6
654 5387
829 51733
633 18691
176 14502
248 700
83 13
174 1373
184 20
234 44502
563 6
324 17121
576 1279
730 845
571 24368
99 6281
812 560
63 7
531 44399
157 16228
482 13
477 11275
128 1075
714 299
649 895
147 30640
792 6
907 586
971 331
438 5
70 838
963 78053
625 46
418 24357
212 13
972 39
709 24
545 86
895 540
553 22564
230 24301
282 4150
4 1604
884 1086
57 11727
699 43
925 45
846 46
34 34704
535 16534
298 43
575 1386
53 2858
408 45680
728 1233
540 3649
821 1324
893 13005
900 5460
345 21253
433 8022
94 98821
773 5010
256 8948
299 34596
467 76294
623 3
403 432
451 26
335 36807
748 1
883 30246
188 2
125 50750
185 40
789 21522
813 15212
310 25585
249 1343
882 1224
891 15050
855 894
584 6675
523 22230
756 945
676 23
848 73857
347 18484
47 49573
427 37
589 1978
806 2248
25 56819
475 37
370 36996
665 9
536 3839
857 221
675 11374
241 26614
544 1076
428 28
181 904
202 72590
382 1563
710 28953
98 67098
736 27392
887 1741
782 1720
802 1985
921 9092
950 725
639 23447
461 9
585 12113
775 37
1 601
305 1081
737 93187
187 34
458 14421
605 56462
207 562
678 77880
252 26
6 18053
657 21
110 9125
852 12
359 40
718 42109
164 40701
827 396
68 940
270 10594
638 5299
37 50
261 787
680 18893
339 10674
273 10
371 88002
320 12205
546 892
596 37
183 802
412 1662
9 55481
577 57887
897 10235
744 46911
420 510
309 1197
450 441
559 24
698 18
474 4
378 1056
929 12953
491 19182
817 77748
288 1037
489 48803
79 26978
621 10720
609 46
313 14
216 9377
90 3311
686 25978
120 13003
499 286
777 36
247 9
307 61773
966 44529
246 33170
129 12454
322 19251
936 15170
554 52424
392 853
910 18652
384 345
12 46
179 5625
913 24144
768 26701
122 51130
26 512
349 1020
399 20
17 12546
498 33
946 35848
706 1018
262 1271
977 16
583 1368
140 19939
956 164
114 1836
727 834
226 1519
15 1319
619 41
667 7921
391 37535
581 25399
203 1819
442 1322
739 15993
250 42870
352 7502
215 14024
217 8
476 1045
182 12942
253 1165
331 1241
302 1848
459 57023
722 11516
614 51296
916 218
100 1121
613 5358
732 26
520 56548
945 1082
660 15293
497 1098
280 36
341 75111
711 1762
240 33224
414 67323
32 1890
651 9122
770 27666
269 1263
764 18573
49 16541
304 13
892 27768
387 247
955 14471
598 19786
464 26958
607 15
796 50906
960 36040
31 1396
593 24340
543 888
137 11360
616 141
917 1202
988 616
794 3102
11 16
259 18287
724 6
525 26
858 1551
803 34842
810 1816
487 21894
594 614
126 59268
652 755
18 185
824 49
641 44493
573 47
645 6
979 9186
149 11458
767 9217
289 1843
837 69795
135 731
691 76092
524 399
993 1413
847 271
885 26
779 6698
167 37860
85 38
220 66362
267 373
538 67170
901 73125
161 16858
448 1788
332 28364
251 21
790 22292
503 654
165 10532
294 1958
876 90
712 19495
444 8065
854 882
121 19
141 525
233 763
244 646
323 1740
325 5164
618 33041
496 696
701 4
473 30650
16 768
839 44
265 26
853 5
276 37
106 1766
445 76629
92 49
91 33588
981 5908
838 399
597 1154
361 76147
780 54645
201 43
485 4
938 20546
406 38
