1000 999 100 461
56 242 8370
272 596 5875
50 458 3270
24 382 4536
55 103 2787
1 21 4445
385 903 9958
30 112 3422
135 354 7389
266 283 1084
186 725 8617
230 767 1784
56 132 4156
58 935 2169
181 913 4300
102 344 4699
317 633 6185
16 74 3953
188 285 1325
46 361 6164
357 662 1257
544 727 9611
201 579 6699
5 578 3541
278 628 4500
43 69 480
85 238 2936
357 654 9941
51 650 1658
128 321 8163
110 255 3139
384 765 8968
38 61 1086
821 954 6456
459 522 9808
55 215 2002
164 563 2122
182 413 1337
573 791 5888
8 336 5011
114 507 893
630 809 3335
424 777 5864
9 31 171
615 687 5711
22 67 3217
31 246 9371
178 799 4542
246 608 2547
175 519 79
52 933 6026
228 398 2382
349 456 3720
20 792 2096
145 161 6214
376 441 9154
286 678 535
806 874 6307
232 514 7085
190 256 5253
176 528 4179
145 204 6167
96 115 6378
611 703 5196
273 515 7627
231 989 28
125 311 1070
17 86 7236
265 697 6587
852 856 6680
300 313 4540
522 995 4405
82 201 5047
627 867 528
129 914 6448
115 390 9513
70 722 5410
785 827 1034
78 81 8937
293 338 9938
182 682 2307
366 386 9789
223 782 9698
322 401 7792
12 634 4697
0 76 6478
115 233 626
63 399 3494
19 64 2896
362 841 3204
418 752 2810
158 455 5024
420 501 3358
73 974 8573
78 193 4535
172 286 5921
173 927 4275
470 644 4361
48 597 3995
205 894 6523
355 432 953
4 40 6635
27 771 5465
504 911 466
130 560 8847
9 359 9758
493 658 5543
299 960 5117
14 50 9681
261 429 7857
82 743 60
709 972 6173
426 994 1857
153 155 152
2 587 937
61 397 5102
101 244 5946
5 400 9746
197 315 6641
12 261 5944
172 617 554
380 629 3096
394 518 2679
141 392 7369
604 793 2502
400 498 87
47 54 8456
43 445 422
46 533 4809
34 189 7742
557 821 2101
232 806 7191
102 393 9516
261 957 3905
250 595 3289
137 185 3758
223 632 1260
130 829 6739
289 447 8341
134 656 3042
426 486 1891
44 229 1274
460 745 7260
22 43 7909
742 976 3720
163 741 4992
215 495 9543
27 943 2966
803 882 7459
190 260 2128
192 323 8873
396 691 3753
70 199 4438
323 863 9508
584 956 8309
253 420 6455
584 701 3193
52 770 5918
20 55 1844
404 788 4361
1 451 9244
393 808 7454
671 860 4822
9 726 6878
737 835 1993
137 316 4374
366 509 1048
70 101 4056
147 346 5635
9 147 4214
353 477 7873
440 641 6055
232 319 6190
136 358 5827
297 889 7363
101 212 8655
659 690 6
435 542 9448
214 474 2240
150 164 2224
518 589 6843
86 223 8835
156 234 591
11 195 4282
859 952 1296
271 577 1098
65 337 5371
279 364 5018
166 819 1897
421 647 857
292 649 5702
109 549 7693
736 846 2869
52 592 487
270 443 1847
215 959 7538
857 947 4784
249 350 5217
281 439 5170
301 576 1524
12 19 6257
286 887 9741
4 14 8065
328 374 8990
160 308 1298
0 179 5700
443 858 5182
235 298 5495
230 941 661
31 309 2100
122 666 917
458 684 2383
476 915 2070
124 143 9891
16 186 8158
14 394 5867
528 904 3742
233 468 6175
343 481 378
393 637 8152
303 487 4435
401 831 6783
55 347 5957
13 270 9510
103 475 7876
240 893 5254
594 968 494
141 251 2026
542 555 7187
307 383 6139
48 273 3334
435 497 3568
194 787 8982
64 523 872
612 898 6393
940 949 997
767 965 4947
592 803 7515
60 118 5706
376 565 2617
239 279 5962
215 482 9310
107 142 1080
658 664 582
81 999 4606
897 919 7188
240 755 3873
104 864 7082
191 363 6184
5 97 9344
23 659 9475
113 627 955
5 18 3907
918 925 6479
52 169 593
524 774 1780
96 109 8959
136 435 594
353 387 6427
9 282 7845
818 888 9690
245 395 1219
28 85 7521
169 258 5477
264 288 9525
30 272 4547
63 369 1937
123 187 4407
112 921 1522
342 492 1341
22 203 5792
58 953 8556
283 843 3420
122 705 4807
155 194 1824
206 601 4446
194 381 6894
142 651 7612
512 973 2054
5 453 622
646 800 3678
424 775 2209
332 436 6981
44 48 7633
69 814 3899
94 719 8005
196 296 3864
1 15 1615
98 111 7766
331 510 3823
411 672 6557
701 881 5637
78 173 7979
65 278 5045
543 872 490
321 551 7300
285 910 625
53 58 6412
35 104 5399
779 945 4753
72 667 6984
147 621 8564
735 842 8699
245 280 6538
325 783 4566
95 268 6842
374 746 6209
2 422 1564
151 396 6095
61 784 4889
49 165 5555
109 837 3556
194 259 8994
283 580 8597
329 449 5812
59 95 7873
821 962 4761
112 152 6263
158 473 2937
387 471 3217
44 291 1316
239 406 9387
488 503 4227
256 476 4080
157 619 5276
55 405 9299
205 304 4523
797 964 6985
955 988 630
52 84 6399
10 732 8275
545 707 9779
80 538 817
208 329 9295
374 749 4959
60 426 5276
645 853 7239
711 897 8269
60 99 1033
136 916 8742
366 620 9296
87 96 1211
555 969 9868
20 640 5701
408 756 8833
220 636 1300
3 5 1464
61 504 9954
681 773 8298
116 320 3685
556 716 8826
902 939 487
29 116 3450
89 811 7064
422 868 2981
463 516 8178
520 844 1633
46 47 8867
142 407 2278
261 669 550
43 377 9294
508 900 665
507 709 7662
528 552 1396
157 430 336
53 301 1326
279 861 6317
5 24 887
307 920 4023
150 512 4023
148 191 2836
119 907 9242
173 365 3258
1 3 4588
361 833 7231
208 610 2673
227 243 3255
3 28 4002
282 810 9820
220 761 5703
19 128 3411
146 217 6332
566 928 8711
105 210 1242
435 950 3230
371 657 5226
593 797 8244
468 681 3850
473 607 8114
30 41 9341
461 561 8872
30 83 5486
260 419 9013
82 184 8906
90 356 7474
170 224 2557
267 360 3346
9 73 3569
36 317 9428
79 265 5993
214 556 4756
26 138 4207
238 724 4828
0 16 7691
730 762 6460
28 525 4762
342 372 4363
478 539 4783
412 635 9238
83 87 4146
1 27 836
416 508 7041
281 996 7458
28 94 3949
317 862 4889
134 609 8613
96 113 9086
248 524 3277
149 699 139
157 663 9553
80 213 9796
510 789 9908
728 751 1985
14 26 1465
171 822 412
526 805 8023
104 884 1333
57 583 8434
73 598 1487
434 769 8740
213 342 8049
28 44 6012
229 253 9958
116 303 8452
70 121 915
35 175 804
179 548 7831
37 535 2060
83 119 3796
87 708 1159
46 655 6105
94 731 7608
450 930 6172
84 730 1325
43 46 6138
11 146 1501
2 985 2437
829 838 8264
98 639 3875
170 511 6193
57 796 7218
400 415 5031
29 176 4520
721 986 1178
62 205 6267
35 826 1784
6 345 4143
329 500 1835
245 694 3669
770 780 4733
89 227 9428
641 801 509
189 470 8657
578 857 3855
149 602 8638
250 665 1503
191 502 3700
315 875 4020
13 134 5279
322 600 1422
918 993 9225
0 1 7181
152 154 8466
76 237 7830
125 645 2106
63 252 5814
494 670 2239
5 6 5152
154 557 7892
190 263 9583
4 717 3113
240 584 6935
110 114 8482
12 653 1393
376 616 2538
61 106 7938
133 454 7925
228 297 9769
221 275 6640
300 440 2837
12 183 1259
399 545 383
551 834 9174
573 688 4649
253 544 2901
9 306 7336
152 209 6420
97 527 5516
13 80 2440
735 778 3572
29 815 7050
9 661 21
211 816 2356
104 605 3834
93 353 918
636 698 8700
46 70 8615
729 859 2220
340 543 792
52 78 8236
408 452 4911
596 710 9229
105 120 1259
18 274 8756
24 25 4727
1 4 6146
16 93 5425
534 795 3973
568 955 657
384 646 7170
222 574 6711
32 566 2635
339 540 7662
289 729 9718
545 813 598
231 715 8754
202 559 5150
267 685 1939
102 417 2670
21 391 6024
55 158 4637
64 137 6149
271 418 3349
62 82 9858
38 333 3299
410 643 8346
641 642 8528
249 384 5215
725 865 2465
78 312 4418
198 547 2652
65 225 593
30 65 5223
406 850 8199
111 153 56
434 866 2844
22 139 3110
327 772 8789
399 937 4875
271 631 7529
133 764 3389
1 59 247
549 840 3363
218 573 1694
55 197 2006
141 170 8461
138 192 3973
244 674 6855
388 464 925
255 585 9992
586 917 1271
79 159 7615
7 42 9341
358 702 8120
46 604 3767
19 160 5521
28 262 2285
9 738 4339
108 979 2947
119 760 2188
40 188 3508
88 496 7844
32 327 5764
397 402 5775
13 77 756
6 12 6383
92 571 9320
8 127 9070
433 581 2833
62 130 2222
213 331 6404
98 100 6900
31 35 3144
266 818 5057
46 883 8590
134 310 1567
467 753 5698
782 871 5189
225 379 418
441 720 3025
1 13 3152
707 849 5875
70 172 1663
30 385 9975
256 409 428
557 991 1445
108 295 9407
201 241 9909
92 148 9819
620 845 8273
283 423 3789
408 588 9151
203 520 7785
228 948 1066
118 196 9419
29 305 8645
495 618 3106
361 692 5600
715 909 7340
143 389 5819
3 461 6359
188 207 9158
45 108 8561
133 150 6177
6 314 5654
103 328 5553
98 854 902
608 970 8877
393 718 7688
287 375 4468
14 72 1476
558 695 1264
421 467 8024
35 36 728
76 366 675
82 599 209
106 940 4259
323 648 9100
124 168 1323
170 357 2990
303 433 5430
81 98 7106
42 125 5699
369 570 5253
372 896 8705
489 781 6184
43 200 9509
600 961 3186
48 341 3359
88 174 9591
123 177 8809
258 343 1773
317 553 7182
263 591 9959
73 448 111
5 145 2951
26 240 2159
194 550 1723
74 122 4489
49 675 6344
574 880 5073
20 466 4367
5 848 2227
418 966 2430
169 264 204
871 936 905
781 899 7411
144 249 5706
212 459 5169
327 759 6090
415 532 2771
171 531 8975
82 135 4201
219 736 8946
180 250 9573
187 615 4926
929 938 5181
167 630 6094
32 140 9970
145 334 4862
103 564 2073
5 11 625
4 171 623
505 839 23
739 885 6492
491 513 626
403 763 9718
67 91 6910
60 75 1610
403 404 2928
184 490 4919
434 982 6798
150 786 6254
20 102 6352
216 362 1144
397 676 1874
12 29 9584
209 505 9419
99 836 8579
280 489 5790
84 414 5542
67 129 8585
102 123 9119
368 951 9555
99 284 7949
231 484 8376
188 987 4342
48 71 1329
2 22 1285
182 340 4934
714 750 4258
22 37 4133
168 271 4841
159 689 8257
120 967 9440
13 62 9114
454 804 6816
8 141 9807
84 221 3160
270 438 7168
195 236 1709
226 322 7910
237 536 6638
865 984 473
401 869 8662
62 178 6732
124 499 2234
17 828 4997
101 462 3173
104 537 4200
87 541 5226
318 902 2970
29 700 1861
19 351 1302
88 267 2267
343 679 3419
36 68 3666
738 807 266
173 483 9665
145 998 5628
24 151 4792
44 202 2423
355 673 2294
393 776 9434
266 376 7909
33 886 9967
94 517 2051
347 832 8785
28 349 4614
17 190 4393
138 785 9374
113 569 97
406 924 5684
276 380 8507
47 410 6698
589 929 3197
336 677 9704
376 491 8478
513 733 638
298 825 8967
73 742 1586
65 403 2968
8 17 5515
220 289 1654
539 721 733
266 373 1390
27 110 7397
253 335 825
69 348 107
141 163 9449
382 794 6883
176 879 4150
179 367 3132
9 292 6495
376 437 2759
170 226 9565
43 45 6686
223 593 7322
108 740 988
356 728 9161
26 754 8918
364 748 3144
418 472 647
200 612 724
418 971 2935
25 388 8168
102 704 3775
47 216 5467
1 923 4549
71 529 3839
132 614 5674
366 975 9149
329 332 6069
385 912 6963
806 817 4466
46 156 2179
29 214 6405
398 554 7880
148 460 6674
321 638 4070
227 287 7248
391 457 82
14 57 6346
118 739 3691
399 737 241
316 506 6991
403 534 4711
97 220 5714
98 167 1721
682 723 7172
414 428 6576
123 546 7533
7 20 5945
116 239 3305
107 852 8597
215 219 1538
146 300 8568
106 149 7689
179 198 3207
568 582 7440
4 181 5742
468 671 9241
143 683 41
274 992 6700
331 558 7164
93 124 29
17 38 7488
3 7 790
218 873 1408
11 53 3825
167 450 3053
663 706 6796
551 626 8654
489 696 4385
541 660 6928
69 567 1078
344 606 9211
835 876 9920
16 293 6427
668 990 7600
123 157 3457
18 208 8267
346 479 4310
164 248 2370
114 713 3330
365 624 1840
278 526 9369
269 977 6376
244 711 3287
379 623 1641
86 562 9546
154 290 7315
29 63 5570
154 232 4398
427 434 4917
679 779 4133
71 427 1839
715 824 3957
323 693 2312
1 32 8288
50 51 2055
97 318 7167
480 625 6401
160 425 7075
112 735 9338
99 218 6426
39 49 9262
110 133 7543
502 766 1702
174 206 9776
77 918 9554
12 235 4427
562 895 571
135 530 1850
239 370 3657
205 281 2786
171 231 6062
779 978 3746
116 371 6729
130 330 8405
0 2 511
551 622 2598
128 820 3339
30 52 9945
42 228 3289
201 594 6877
623 944 1825
47 56 5940
260 847 9760
472 812 224
186 222 7926
56 603 6901
202 324 7198
11 136 4576
27 107 4757
429 747 2683
76 870 5940
107 908 3546
160 247 1753
635 668 1778
199 276 3941
782 931 5240
916 963 4360
17 299 9271
273 431 1395
569 680 7017
168 712 4370
159 269 6200
229 378 2088
27 66 9416
511 798 4966
282 480 7948
678 958 7424
82 131 2922
5 254 6779
698 714 6989
6 983 5295
60 117 6181
128 446 2672
62 855 6072
418 922 6912
198 572 1306
262 307 5313
10 734 7898
158 166 1801
384 411 9154
181 892 8433
177 997 6563
178 469 9443
226 257 3593
145 211 3347
253 790 9503
408 465 9139
320 613 4757
198 493 9520
53 494 6317
98 830 5441
217 932 427
120 162 7738
288 901 1517
21 463 8244
90 180 8136
24 79 3359
443 802 2239
43 89 9881
38 877 1994
186 424 5203
719 981 3942
81 408 5337
190 744 6935
82 851 3410
20 33 4405
15 23 6016
109 352 5895
111 144 4761
1 8 8124
178 485 5587
234 355 1791
0 34 8140
86 302 5323
94 946 1456
43 294 6000
148 326 2048
321 442 9118
12 92 337
382 590 9400
65 758 4029
355 488 179
485 611 624
299 416 5568
737 757 897
365 686 1788
308 890 7418
376 878 5043
3 9 5049
16 90 6718
10 60 196
265 905 8402
39 105 3513
492 926 3848
425 980 8740
810 906 9680
177 412 9364
66 88 8456
22 30 1308
192 368 1644
150 339 4959
215 421 7017
820 823 5945
93 126 442
7 10 4553
194 942 3536
24 39 9175
434 521 7903
404 575 1943
379 568 8532
291 586 5390
430 478 3696
304 652 538
146 325 2989
172 182 5828
382 934 9947
266 891 3423
593 768 8461
322 444 6529
7 277 6759
250 266 2912
19 230 2115
28 245 7563
614 12570
986 1451
629 2886
962 7158
432 4166
549 14972
514 7439
674 6142
340 11388
380 9045
841 7166
481 4384
100 13747
723 5711
830 7718
733 3475
806 7614
958 9064
720 13186
411 9645
639 3728
874 4311
671 3442
249 13568
352 5567
773 13902
483 717
627 9787
459 10650
468 6232
513 12263
680 5780
872 11640
630 12053
942 5293
167 708
756 12405
945 5317
787 7168
488 5749
503 5120
686 7054
887 13938
111 2159
682 11874
860 12305
954 5414
955 6451
839 9975
390 8478
721 12448
381 4825
679 10529
988 3497
582 13659
259 3883
522 7316
817 340
413 13611
588 3244
991 3265
930 3085
194 12941
901 11518
995 9032
897 7111
678 13483
765 10161
452 7150
465 1705
153 14352
673 12676
821 8269
319 10989
350 2394
233 12425
550 1046
155 180
624 10892
809 12690
384 9497
800 2447
919 9999
837 4329
867 4253
840 14549
711 13823
812 3186
672 8284
450 11105
144 7924
569 12815
990 6577
779 6306
681 11759
978 1654
854 11318
646 8554
944 10598
543 7136
