1000 2000 1 298
432 748 3932
391 585 6612
109 145 3256
257 423 461
577 932 3739
262 326 4993
278 545 1744
202 380 1237
481 626 5694
64 476 2474
96 322 6323
130 465 6922
45 69 717
286 956 6536
410 421 9759
703 827 4574
908 911 3866
606 661 2131
419 524 8314
481 509 8826
657 935 9934
19 656 1384
127 164 5757
319 783 5116
331 542 8724
262 370 2506
360 397 3746
200 589 4831
1 355 8162
14 20 8409
166 807 8020
600 967 5880
413 721 281
102 425 2139
50 553 6835
27 71 9453
553 676 3891
34 161 3797
276 849 1842
313 470 685
287 964 9736
369 401 2646
177 953 1590
580 783 9009
244 712 7283
396 667 5995
116 162 7093
163 390 8877
329 571 1224
643 763 6997
61 519 5521
327 711 6965
655 781 4762
290 712 1704
92 860 7850
117 315 4008
766 788 3117
114 331 4315
778 872 2846
371 676 7514
177 538 3014
272 479 423
466 706 9119
123 789 778
63 848 1275
94 504 8174
924 992 4570
348 494 3458
463 599 6717
617 957 4869
5 263 4998
572 981 5978
902 951 8558
619 786 5671
580 650 1427
165 296 9685
176 357 6781
556 780 506
487 835 1157
748 808 394
545 900 3151
547 697 429
209 501 5990
43 93 4170
94 550 8593
177 289 5771
691 840 3463
572 948 2339
66 307 8549
146 902 8261
563 951 2670
42 65 4836
437 457 2561
537 897 2334
42 620 2097
251 441 8439
326 382 9131
167 871 5058
295 475 398
0 400 1021
794 934 5885
867 970 4506
453 988 8929
427 719 1786
248 390 5732
82 845 5405
109 360 2999
212 251 6883
27 824 5042
204 277 3564
84 349 6440
203 697 6304
28 288 2532
6 258 7803
244 557 4859
36 356 5826
134 219 5682
130 942 8322
69 487 1442
668 942 7113
60 80 400
411 645 6276
632 722 8096
387 461 2550
469 707 2558
56 686 7691
91 665 4507
16 189 8643
130 449 4136
502 695 1141
275 477 1582
59 662 3117
9 606 9260
7 144 6104
533 600 6482
107 328 9341
437 975 5700
118 786 77
452 976 433
285 430 6392
471 694 752
831 919 8371
19 405 9130
405 424 4790
9 187 5328
99 473 3712
167 432 5892
4 367 5971
192 372 7522
104 478 7179
81 673 6152
50 850 2985
270 526 3360
118 208 1256
883 978 7655
396 885 5917
216 948 6996
539 611 3293
274 318 3987
383 938 4703
322 739 2738
787 837 2516
100 720 20
265 379 8278
590 854 4159
210 435 6395
170 177 6514
149 333 9517
28 140 2928
201 494 6631
480 896 6681
380 905 8009
792 914 457
5 7 8737
674 894 8347
173 533 3096
227 518 5543
241 893 8814
249 262 2700
282 419 8979
280 499 3734
181 411 1621
101 532 1087
218 610 9171
706 936 5135
55 103 912
684 856 9339
341 745 1359
663 996 7433
122 510 3808
74 650 2780
67 330 4252
294 703 9915
782 835 7066
489 759 8038
720 731 5154
118 502 3929
318 327 9431
157 618 2462
723 791 199
164 198 2430
539 933 5957
111 342 372
195 209 7858
269 408 5215
114 289 7332
686 728 6020
19 156 4830
15 31 8272
391 464 4038
24 132 5001
162 316 2438
250 937 7738
550 650 4940
64 908 8086
221 259 9327
154 493 4992
313 324 5382
95 112 8566
3 67 1260
257 539 978
871 998 3551
303 337 2027
216 812 5970
157 714 9709
119 293 3734
300 334 6084
6 11 7846
638 722 1956
726 780 4384
243 406 4855
666 926 7345
64 818 755
142 574 9926
224 424 1564
157 255 5368
567 700 6711
520 625 7930
562 583 660
43 559 7113
160 323 8117
250 508 3340
42 890 5693
299 970 6407
47 105 5230
210 628 6348
65 658 6827
122 935 2473
543 852 2515
510 937 1033
393 765 9510
16 18 4701
97 923 4575
224 249 7172
7 114 5943
25 360 6876
80 297 6241
0 372 5900
104 368 418
473 968 2911
38 992 9758
23 170 8520
498 537 673
38 62 9288
91 542 5114
195 632 9999
40 837 8733
212 790 4283
101 716 196
886 974 519
283 590 9784
613 927 9991
648 884 6297
350 865 3486
167 739 252
174 615 3848
13 26 8467
694 752 7317
154 757 2310
603 812 5090
453 780 1491
263 583 656
317 400 7903
470 966 7698
613 734 7835
357 739 4290
137 935 4073
88 472 2333
49 559 2993
640 727 3612
754 910 9232
501 573 9841
456 748 1298
133 888 1029
9 188 875
54 290 176
25 47 6194
25 565 8473
286 332 3937
16 261 4116
293 407 1463
25 180 8597
345 627 2031
217 501 5189
67 448 4175
55 249 9297
400 536 5815
22 844 3738
265 900 9866
61 311 3073
127 128 3751
72 721 5544
388 671 1191
423 503 5882
465 896 6685
10 459 7907
131 692 1247
279 917 7207
240 588 8490
367 893 2973
214 995 6374
57 457 9004
966 989 123
160 425 2706
0 340 6809
484 873 8123
141 972 5245
319 600 432
469 729 5075
5 215 1832
304 340 2469
381 466 6946
117 695 3856
835 900 1645
145 474 8764
364 547 8801
461 584 8232
876 983 973
497 943 4299
246 825 328
255 491 1020
300 467 4890
114 642 4148
289 540 5731
835 962 1366
199 263 6988
210 265 8440
240 983 7895
936 963 5798
447 803 5568
849 977 586
843 853 8967
439 618 8722
65 469 168
498 814 8303
17 82 2284
554 796 4916
382 763 606
316 889 8576
205 350 169
561 744 7925
200 881 4834
44 73 5212
301 309 1694
167 222 7673
39 514 8526
267 649 2906
549 839 7436
734 788 5406
328 374 4241
611 732 8560
802 936 5545
25 836 3277
457 895 762
255 593 8134
296 889 2942
21 810 1826
62 890 5259
116 461 1204
128 781 4503
335 723 4409
383 467 155
648 802 7864
26 216 8549
145 173 7928
278 849 3636
538 821 4639
36 167 2355
148 380 1778
340 978 5743
556 731 9352
760 887 9866
154 280 4351
124 729 8663
364 577 9310
746 775 6131
487 973 4295
73 327 4121
784 818 6812
373 476 977
37 203 2260
641 673 8411
246 562 8704
316 480 2230
65 696 1238
113 278 5999
845 989 7003
79 190 7579
690 805 6249
593 864 2560
96 397 6659
135 899 1253
158 548 1100
203 387 4110
564 604 9950
224 632 9144
435 789 9413
77 990 7036
67 460 28
519 774 7848
297 343 5971
113 981 7896
288 304 237
255 471 9264
345 636 8652
285 845 6538
465 833 4617
237 932 2243
216 284 455
189 659 7565
23 60 8729
562 652 1229
661 934 173
52 452 5090
134 200 5505
23 227 9469
199 285 6320
177 396 651
47 97 2646
332 668 4990
745 932 330
307 669 3448
44 122 2813
748 923 8217
391 575 2724
470 720 7635
56 312 3670
27 875 1624
324 524 6515
826 949 6337
769 953 7840
120 493 3058
165 391 4601
134 298 5646
302 719 5416
203 335 8502
235 549 8369
143 241 348
251 389 550
55 179 5802
86 627 9485
114 997 3985
199 591 1106
86 724 5866
2 16 6594
879 895 5175
664 776 529
102 581 490
131 641 7157
65 93 9408
578 690 7457
252 281 4756
95 725 7962
75 441 3626
198 253 5127
441 609 2440
602 617 1940
2 6 7122
38 55 5142
300 433 9126
612 882 4965
0 2 5499
591 660 7457
89 716 2878
553 867 3446
50 79 3105
159 468 4430
219 969 9642
330 874 7723
366 554 9481
527 781 1988
84 450 3344
166 737 7865
28 29 3930
129 136 3974
54 959 1924
86 535 4616
911 953 9648
532 631 8002
108 405 7632
233 889 5231
677 933 4718
189 489 7727
747 749 600
574 586 6603
69 454 534
76 751 8850
4 971 5899
24 376 5559
215 672 161
60 803 2673
51 139 7811
689 880 6662
139 645 7923
53 129 6270
80 694 8727
613 974 2384
624 658 2544
202 803 2419
646 903 9523
322 513 9343
81 531 6881
104 707 6957
311 777 7087
462 668 3386
164 600 2308
400 435 2245
264 579 3223
44 508 9664
239 329 9568
258 694 2245
542 569 2955
673 801 197
54 246 9338
250 561 5613
484 658 7039
663 962 1593
244 307 2732
186 421 2035
235 847 2837
234 310 5861
493 553 1893
259 279 4526
254 433 1496
153 338 3449
273 274 1475
96 828 1003
197 689 7399
407 435 9057
26 92 128
444 736 2337
2 876 8020
368 714 9656
56 522 9660
135 929 854
143 483 5259
238 937 8254
727 778 8124
253 494 213
131 902 6508
218 398 2793
11 777 1751
81 871 3232
467 487 8904
290 787 3814
476 519 1283
103 553 6543
180 528 2979
716 974 2339
778 884 7985
345 744 6704
623 839 8847
71 286 5312
248 654 8640
123 324 1639
286 291 1077
388 821 1800
868 994 3040
286 782 2873
25 662 1504
46 169 7812
428 682 9897
384 485 9817
99 786 1385
438 574 2346
256 883 9533
297 393 4539
525 936 1390
7 157 8907
48 76 3288
591 809 3200
30 77 375
66 803 2730
484 948 2715
747 991 6143
22 229 7432
559 716 5136
242 246 4695
740 869 2050
56 217 7833
29 453 949
36 818 9755
572 758 7656
26 294 2935
282 429 698
82 946 9533
0 120 3604
357 835 2249
48 515 4294
302 460 4500
50 463 8157
11 163 9206
167 632 2760
235 712 2753
524 978 1811
100 125 1440
823 955 2676
24 243 7324
415 909 3726
232 267 123
11 57 1232
150 369 9387
530 655 2145
264 383 6509
581 695 7824
872 878 5041
543 919 5004
17 123 5047
275 986 4691
411 517 7686
143 179 6540
102 414 9696
771 928 3241
640 744 5356
729 845 3035
119 129 4075
113 998 6063
92 569 6926
544 638 2772
73 869 4894
97 791 1880
502 514 5976
614 625 3015
259 269 4334
540 582 3444
449 806 2350
624 740 3684
335 990 6227
143 157 5319
519 911 8214
482 859 9343
290 456 1538
136 264 4553
839 899 7629
388 474 8074
122 256 976
5 14 5036
58 876 5254
199 523 2065
255 617 5615
142 721 1539
83 92 1258
226 618 8178
45 59 9988
279 950 3964
212 359 4502
4 10 3054
19 638 6469
547 759 8107
502 827 2239
384 727 7007
0 399 2951
421 597 7205
164 536 2471
9 12 8210
437 863 632
80 827 2878
18 225 3902
16 34 615
65 928 1819
126 533 4017
16 729 2270
64 428 9393
774 998 3185
408 962 6261
71 96 3084
391 446 3685
182 218 3795
76 98 8827
300 833 7174
321 905 2753
159 295 6504
399 925 3452
199 636 2250
296 496 8755
444 560 7074
901 929 6036
72 868 785
575 722 9873
98 273 4710
84 916 4618
5 532 8628
302 435 3596
180 319 9095
505 721 5610
644 932 2432
173 303 4742
413 754 1866
433 725 996
284 510 2966
66 516 9519
360 541 2393
80 116 8153
660 946 8764
468 741 574
39 596 5418
284 493 678
25 266 6690
224 692 2635
577 995 2363
281 381 633
503 771 5203
293 960 1748
89 113 1654
137 451 899
351 801 343
167 593 7049
430 436 777
53 147 770
110 319 2678
17 823 2236
90 494 6153
138 220 4128
46 850 8203
21 492 3874
478 714 704
716 747 8646
142 520 311
376 578 146
796 940 5349
547 633 1907
69 283 3119
191 969 9743
232 413 7321
88 718 6301
255 605 2895
197 488 5749
51 291 8489
396 608 3465
555 625 8240
209 675 3117
33 616 9064
243 688 350
336 535 6689
614 722 7337
129 150 2998
209 765 3090
429 511 1644
49 101 3311
37 608 7109
369 708 189
602 888 9940
591 798 7231
589 983 4252
60 461 6024
167 497 8417
76 922 9087
648 697 1442
119 339 6711
127 702 9026
213 647 5199
553 753 2056
2 415 3110
81 447 6259
454 531 8503
143 751 1335
297 559 2316
195 672 1645
131 688 2510
115 211 7561
33 446 8748
514 978 8604
907 928 3782
554 887 2156
48 463 4618
295 738 3680
301 325 7375
134 867 876
399 923 2184
113 859 5304
144 928 3442
224 740 6956
151 168 1889
21 33 5580
443 767 9646
264 555 9158
3 231 3297
268 269 288
724 841 9043
745 917 2775
30 928 7503
183 371 6528
455 881 1871
45 153 2782
461 700 909
67 358 3514
182 420 2730
727 908 6651
31 841 4328
952 979 5243
395 431 3179
31 861 4639
401 612 8820
358 837 5789
214 490 2373
93 983 8430
636 671 1709
562 836 14
472 985 2869
221 667 8837
15 325 6390
255 385 3975
563 871 4056
804 918 2720
407 780 1605
64 148 824
34 757 8128
187 513 5028
581 701 6375
297 422 5533
235 248 9485
504 852 3472
922 977 6363
313 345 2857
57 820 6487
208 799 2893
117 443 7135
141 205 422
358 955 8578
212 645 8010
601 797 1259
5 8 679
23 45 2055
458 614 1527
205 294 7608
14 21 7174
55 231 2435
62 95 5756
9 650 6116
0 1 2677
54 507 5696
287 318 5663
612 851 4241
198 888 8131
171 465 4859
153 550 7307
519 776 7741
772 965 6520
2 569 5761
753 887 1235
301 544 9990
656 685 1921
5 437 8157
418 447 3970
553 640 1700
7 9 6616
14 158 77
126 683 5158
651 667 8705
598 764 1348
4 141 5643
432 566 3735
84 94 9016
14 306 8152
616 648 5664
402 809 2329
787 814 1560
743 753 8901
599 893 772
139 416 1318
143 363 8777
284 560 5570
559 728 2499
416 736 5394
176 526 3196
379 776 4415
388 969 9534
520 996 9127
273 403 1888
192 349 3038
22 224 1002
130 495 7843
490 530 4147
168 684 497
26 546 4315
538 730 2485
78 223 363
595 719 3357
8 72 5350
953 995 946
323 945 7593
523 858 4072
0 19 5109
438 634 8896
67 252 2493
59 253 4555
176 615 3927
462 842 4507
12 269 8619
410 418 7841
687 857 6072
310 551 8686
454 458 7316
40 426 6101
300 395 1890
47 434 9576
702 979 4389
38 127 9043
60 396 2940
500 772 1101
160 576 1905
550 664 8614
236 936 343
743 948 8662
518 992 6559
209 907 2904
577 962 6138
418 526 6980
256 765 442
87 377 7192
134 486 950
550 756 7482
241 773 5321
636 863 1952
225 821 5567
145 818 137
485 694 5224
465 835 41
582 696 1601
208 639 1396
100 625 942
709 816 2782
25 790 1190
399 772 8536
109 221 5300
426 647 1441
242 669 3745
456 931 8592
570 630 2444
355 534 9558
110 312 6232
101 819 5440
247 562 9194
87 301 2430
653 955 8019
71 531 2702
619 687 5044
152 366 9902
302 761 409
417 782 4780
1 222 2174
691 965 5714
94 781 2784
136 236 7091
30 820 664
116 920 3183
670 739 6658
39 54 5933
331 833 3319
135 145 6549
41 331 5039
552 911 6507
88 144 734
615 896 9738
120 154 3134
463 708 8418
47 760 9181
442 609 9525
815 994 5574
92 781 7766
620 914 745
904 991 6553
641 827 9451
621 921 8379
646 714 8328
467 926 5247
214 520 7584
236 470 2489
608 663 2016
62 766 8378
183 218 1088
274 705 9826
576 813 8099
259 452 4020
207 214 6242
56 115 5470
39 50 1851
14 437 5443
10 36 9577
75 703 2575
56 135 7961
22 375 2206
10 28 725
269 291 1921
52 365 4031
215 445 2505
121 397 7060
83 449 5832
490 533 3627
7 129 7812
235 560 5446
734 804 4097
930 952 6773
353 365 7238
30 378 9975
116 525 6164
46 878 6414
561 678 5988
132 714 9539
101 299 7421
74 99 103
112 189 332
720 946 2245
471 597 3123
605 767 7030
730 843 1071
204 532 3552
899 981 9520
22 326 6170
264 375 8160
154 370 285
714 865 5167
198 241 2703
21 768 9000
482 686 7718
504 576 1946
285 605 2041
143 419 4079
250 550 6301
139 819 5857
178 898 196
563 643 3861
449 974 7560
105 529 8905
291 464 4873
515 610 9568
92 206 8119
6 885 2294
68 315 8201
352 913 7923
188 739 9924
573 858 6491
65 993 2344
633 937 9601
473 635 2057
286 287 908
231 341 9322
9 53 7886
240 873 756
234 529 9937
35 995 1451
200 783 8666
368 618 9767
103 167 2060
345 889 1397
240 275 7051
656 916 5813
39 282 8609
355 785 2324
160 556 1975
166 821 77
207 394 7888
657 844 4694
625 931 9844
204 252 452
563 705 5921
192 896 8462
141 313 4901
361 737 2962
613 901 1612
94 907 6446
1 987 1868
46 201 3305
150 837 9405
303 732 9493
51 102 1438
587 816 2327
360 933 52
185 892 7692
100 713 5985
201 333 8058
391 721 4793
324 407 5732
364 887 54
2 5 8610
19 56 1974
70 815 6822
318 859 2974
123 726 141
539 834 9358
39 392 6633
51 182 3775
565 960 8938
14 25 308
562 963 6776
421 897 3839
467 897 2953
99 879 4062
151 164 6498
65 526 4041
502 959 7160
36 42 1996
766 925 4937
343 499 5005
2 260 8282
69 110 5712
133 212 4939
104 320 8111
25 743 9917
713 835 1539
0 477 5531
276 717 2933
52 791 9300
79 462 9503
10 13 9012
114 271 5696
645 903 4310
340 440 5912
526 966 1836
280 356 4619
174 261 6924
113 280 5952
211 440 189
435 784 6046
717 858 2377
545 861 6960
31 860 3213
458 993 9317
185 325 8549
535 798 5196
619 903 3368
428 949 8224
451 463 1533
324 791 1006
242 516 8948
334 963 2370
44 321 6232
463 892 2211
382 949 8141
574 702 2512
64 155 4122
17 49 2498
599 907 5534
197 542 5033
425 806 8567
286 745 705
242 258 172
693 812 7237
318 524 9016
584 934 6265
99 602 6791
247 820 9740
831 925 9420
779 945 9337
62 305 6736
84 226 5436
853 869 6474
384 481 4240
529 788 495
135 344 5736
140 823 7824
213 706 9209
534 810 9855
185 398 4377
288 642 7062
271 272 3812
126 214 155
436 693 5816
13 274 1513
449 521 155
41 207 2956
230 508 7444
428 990 1751
554 623 6228
239 747 6054
59 777 6624
526 811 1784
48 397 3467
342 897 7347
316 841 1161
578 937 1042
655 951 5807
519 618 7717
56 792 3928
31 104 2126
170 208 8306
1 4 2762
6 808 7837
130 133 402
171 473 596
103 528 9444
415 586 3316
149 794 9661
148 417 613
25 296 9537
442 447 5505
312 409 7825
245 535 3512
146 181 4198
283 558 4784
843 940 3355
88 498 8466
402 999 3683
594 735 4902
579 681 9963
624 785 1878
16 154 9866
904 936 3544
235 336 1923
866 885 9044
537 714 6085
580 735 9796
490 684 2353
44 118 1681
2 213 9076
718 920 2221
772 951 2704
256 634 9076
150 273 2252
569 869 7430
692 697 7619
137 343 4694
410 545 5569
326 436 8390
199 858 1005
545 633 5856
740 984 7667
26 44 9016
283 906 6266
453 909 9437
177 196 7341
195 500 7403
553 773 6529
142 689 6530
411 685 4263
56 832 7574
208 487 5764
626 763 3081
789 860 7954
146 364 4218
650 755 3986
447 582 2598
413 439 5375
95 644 8858
172 924 8406
236 429 9375
43 894 1768
332 939 4169
506 881 1867
340 715 936
23 288 8666
453 874 6706
714 964 3023
39 338 2155
29 990 7944
266 518 7382
98 896 2068
433 886 6739
679 911 1250
74 123 1522
42 347 3173
244 406 7889
45 76 1171
33 178 4178
37 977 1158
205 622 5115
74 844 8315
521 564 3035
43 130 8189
641 788 2081
773 959 8976
68 594 6039
214 373 8500
45 930 28
149 472 2618
216 337 6545
288 296 4012
20 64 2462
10 217 907
690 961 5522
334 424 4925
37 228 6442
50 388 1667
277 852 621
172 781 5384
9 512 9435
419 945 8482
514 997 2985
360 699 2484
705 822 5325
89 581 6125
391 835 8008
80 286 8525
50 87 4237
73 691 8762
373 681 6249
203 981 494
333 588 4951
234 314 6896
5 533 1526
35 690 5102
769 846 5206
116 836 1980
795 912 9948
18 181 6461
220 780 5229
278 572 6839
165 822 9255
323 494 5405
879 962 772
768 860 874
523 725 5641
546 637 6547
582 893 7918
141 455 319
223 346 3829
287 647 181
104 192 2830
35 414 3774
221 245 1459
5 234 1263
17 957 2560
73 109 6405
101 768 4129
259 629 4174
135 237 9216
5 22 2747
46 63 8666
12 32 6328
496 750 974
102 213 8637
323 422 9296
8 46 8207
147 409 5857
28 86 9254
298 442 4135
200 424 4801
355 948 4029
429 710 1055
270 995 242
384 387 8531
196 783 6785
314 412 4482
941 973 1795
591 628 7873
862 865 8600
324 824 7021
127 563 5553
161 317 5327
302 410 8235
718 827 7678
552 904 3482
40 595 2166
281 928 8643
658 985 6978
405 612 6396
235 967 1384
93 635 7162
5 284 3841
128 352 5016
727 755 5985
205 790 9869
778 954 2978
60 81 8993
157 189 3107
13 134 89
388 966 5005
811 892 6876
245 962 7602
112 525 3661
39 48 1850
412 467 227
182 298 5084
157 483 7961
94 670 5351
145 765 7613
49 151 9707
267 384 6108
97 341 8263
259 347 5471
158 600 1377
684 887 6606
21 869 2439
50 174 1028
273 361 8272
259 825 9630
586 831 9234
332 916 8502
435 896 4884
62 326 7019
521 623 9383
138 646 1783
902 904 2878
210 939 9928
143 282 2260
142 148 4566
344 916 9798
530 762 8722
494 866 6905
556 898 3001
383 872 1777
157 232 9498
683 936 5411
75 855 2326
805 944 6966
545 978 9083
45 89 3959
209 804 3903
8 404 5989
259 260 9631
148 252 9028
323 937 9150
104 788 6342
39 78 8926
217 350 961
512 816 2810
82 633 1766
487 704 9990
774 986 5808
49 327 9971
346 613 8303
655 913 1965
125 204 7999
128 140 4725
498 707 2117
430 701 9253
177 812 6140
761 947 5261
82 396 8387
159 318 6078
23 37 9095
242 958 1318
64 847 6910
185 196 2414
386 795 9775
272 894 260
82 126 4588
266 619 5225
246 468 6733
540 587 5389
110 264 9638
15 996 7691
9 871 691
47 84 2147
107 764 2202
168 478 6652
632 677 1528
27 152 5716
504 689 5141
102 142 1806
184 194 6902
44 58 6754
290 353 612
167 175 2831
88 884 3266
699 845 1576
355 814 8677
449 502 3881
394 739 2188
225 388 8187
556 995 3049
620 646 6400
6 875 6186
625 880 5635
623 880 2718
482 687 2254
420 647 7679
794 891 9305
278 444 7267
288 631 2996
386 993 9269
542 968 7378
34 93 6848
378 484 7840
115 848 7609
20 242 930
464 659 6045
45 310 3514
1 3 214
755 825 6093
410 657 2968
134 250 805
285 351 9749
309 508 8498
381 849 7574
598 724 8086
362 443 5998
534 713 4192
373 832 9434
412 894 379
157 765 2302
324 611 6991
5 498 7214
224 621 1467
36 788 9961
137 406 3114
386 503 48
88 394 4329
195 743 9586
240 995 648
568 800 6680
633 936 9766
457 770 5644
88 121 2277
208 696 367
166 762 6847
488 809 3556
703 982 5123
24 66 9056
585 865 8839
134 259 5705
419 653 8572
31 805 5022
255 604 3909
851 881 839
78 106 6487
38 39 6831
31 679 3957
482 531 4337
305 408 8111
548 598 4959
106 716 5925
434 999 3932
154 186 1652
162 202 7318
42 493 6683
407 432 1648
128 348 6514
42 230 7109
398 634 1304
208 247 2381
681 801 5908
291 784 1269
415 977 7622
244 478 3908
7 137 7876
299 936 1480
64 614 9508
631 926 928
53 362 1082
405 580 2949
396 869 1519
5 41 2047
43 131 1489
161 537 5386
505 908 9862
760 951 7527
360 545 5840
604 952 1935
201 413 2468
130 498 6897
7 110 5642
27 909 1134
46 281 6225
110 238 6806
119 309 4091
363 482 6913
626 715 6338
22 100 9539
484 878 9835
289 761 5973
369 887 8682
25 111 4739
169 462 7717
827 982 8130
61 160 1748
449 831 5979
436 632 3526
654 864 6489
515 732 5419
283 725 4891
43 865 6945
400 853 2781
328 991 1392
113 779 8035
353 842 107
309 553 4466
170 909 4739
466 696 3855
389 830 5475
185 753 4614
120 937 5006
569 779 7587
642 908 3797
117 543 6793
245 300 9011
43 88 782
72 166 7675
293 964 1161
253 257 581
8 237 8875
245 322 7123
633 777 7514
393 810 7665
461 788 4626
189 829 9892
253 553 2579
266 446 5375
579 646 5626
592 650 8979
268 760 2675
376 774 4108
9 627 2849
702 959 7221
305 330 8233
160 270 8291
0 568 5131
321 942 1516
258 345 9952
22 119 4954
682 883 228
102 752 941
640 919 9319
968 999 1864
420 570 8866
5 373 169
253 936 4073
123 188 5429
20 184 4495
609 870 9394
171 602 8306
18 43 1376
56 183 4300
944 995 6953
422 793 1984
160 407 964
13 24 9797
908 931 7247
29 37 7927
60 318 593
692 800 1302
26 949 5566
4 896 7846
389 567 671
69 261 1280
223 576 5637
383 715 7926
406 438 5740
574 595 3291
576 939 5513
174 275 6791
52 103 1687
589 651 2755
7 742 7188
8 23 9317
628 998 6224
102 210 4860
559 744 9285
83 615 2078
680 941 9694
46 667 3928
116 630 7894
43 735 6994
711 947 8631
434 838 6950
119 311 1841
55 746 9453
558 839 3930
473 838 3958
91 93 8344
29 91 1283
252 268 8999
249 619 8687
350 693 259
40 90 8735
148 254 9922
83 942 3575
404 603 9838
157 703 2214
272 621 1299
883 941 9969
452 825 556
215 633 6514
134 937 7379
54 717 6895
277 624 6908
563 832 6176
210 829 785
468 925 9855
299 773 4705
14 662 9741
381 666 1812
368 992 3534
30 356 5433
425 874 3139
264 685 7091
576 762 4295
380 615 2463
73 316 4342
67 149 2327
692 699 6389
239 294 2912
814 872 5605
680 937 4547
130 325 2399
363 627 8648
123 982 3238
378 590 3361
57 233 6074
156 725 8887
193 244 4384
480 866 7831
381 656 9193
154 384 2422
225 527 4588
582 959 7575
91 551 7263
41 124 8922
426 535 2574
531 680 5027
29 75 9085
312 456 8862
85 159 5475
383 814 5235
198 509 6424
333 910 2603
208 376 9363
3 15 7072
107 195 4222
67 116 8182
154 392 7235
31 286 8230
189 191 6919
382 836 6464
171 206 4461
216 240 7605
33 642 3750
208 698 6008
31 663 3580
155 366 4829
444 502 872
54 366 7837
263 709 8233
294 638 7549
237 428 3433
135 179 7430
409 448 8060
236 918 9782
0 508 3577
7 854 2903
453 529 8433
699 843 3041
227 597 6324
65 988 4449
600 834 4550
487 993 9894
456 674 7458
198 573 7103
6 958 1566
237 493 7836
151 359 3149
337 567 8418
456 546 649
770 969 7439
473 805 5627
766 769 7359
55 276 3741
621 874 1090
608 629 3721
90 886 6119
575 802 427
828 879 9284
552 591 6759
18 524 9260
18 68 2405
282 490 366
383 956 3228
56 968 233
513 749 9591
395 726 477
399 405 1755
283 302 336
189 628 3706
11 108 5600
392 843 2231
596 628 9488
429 592 6864
531 672 6106
296 504 7808
483 821 7659
3 172 6377
722 822 3399
57 219 1457
155 575 162
386 627 4384
360 586 6753
123 226 1271
40 401 2503
171 930 2912
122 575 1894
588 936 3112
274 479 5794
323 327 9741
379 637 8507
346 832 1066
112 817 767
704 939 7713
153 506 6923
270 494 1085
103 199 7081
193 538 6918
165 542 3639
322 507 3245
386 787 7093
171 607 8485
67 229 7170
111 687 6023
379 418 4706
225 877 4980
443 976 7341
418 616 5421
150 626 8625
259 308 3232
416 876 4473
108 446 7240
260 524 4366
259 879 8836
275 626 4357
166 768 8541
327 497 8237
686 778 7567
92 228 953
101 691 2320
49 52 1318
278 521 90
518 803 9261
259 304 2510
359 386 2907
498 622 5949
246 516 7096
286 552 2045
425 427 5425
31 163 6872
153 235 5821
161 239 800
142 396 9157
171 233 7448
107 165 626
312 691 5828
627 903 3919
59 241 16
67 171 8429
390 402 5091
66 375 4330
492 826 1622
6 506 6580
702 862 1873
480 503 4130
224 397 5232
34 143 1029
659 841 6680
230 483 7514
199 253 8064
926 990 9363
120 588 1748
490 673 5559
0 17 6657
73 404 4868
293 469 4785
70 83 391
291 956 2288
709 947 176
524 545 1855
295 328 2192
137 176 609
249 468 2181
168 230 1090
133 193 4497
27 38 976
94 482 8968
528 837 9308
878 906 472
29 30 6837
110 565 5374
6 40 3654
632 733 4788
143 675 7598
98 171 6590
16 227 1607
161 274 6606
610 663 6132
210 298 6073
37 51 5443
115 411 8565
65 129 7729
172 485 929
254 266 6181
245 555 3494
1 247 4270
23 676 1616
321 334 2109
490 688 2400
199 700 3955
522 800 4486
370 987 3598
280 667 1586
0 27 7929
156 667 2834
193 638 9678
590 794 8479
204 778 4691
562 843 7535
22 35 9638
632 944 8135
563 710 6715
193 855 7749
80 639 365
683 707 4034
926 983 9335
45 980 8057
384 476 9925
218 292 4935
100 107 7265
39 85 4541
804 915 8418
105 117 2227
81 786 201
531 772 4202
2 61 8978
628 656 482
578 871 217
166 601 1917
990 992 1612
48 786 1829
344 621 6109
367 737 116
174 912 3669
180 472 5724
671 719 8756
44 197 3448
648 678 9257
373 607 407
112 662 2281
116 442 327
184 630 5513
31 70 4691
167 575 6837
422 755 4883
32 314 918
295 354 6886
234 929 8414
311 351 6518
823 832 4806
18 570 310
307 817 7124
906 943 7051
423 563 8439
534 820 8430
60 138 8568
336 545 9813
363 794 5438
551 792 6820
180 680 7758
696 961 3422
146 554 7123
496 974 3204
549 817 4517
430 505 7458
593 877 4892
152 304 5752
62 875 516
199 984 2654
78 164 5877
433 442 4723
18 133 6742
2 545 2922
42 146 3750
524 765 5095
169 209 3524
167 767 2318
748 864 7912
254 663 7172
594 596 8413
349 822 4546
311 331 2138
49 383 8591
185 269 4229
164 325 8849
115 741 2637
521 710 867
274 746 5994
36 955 7600
134 415 8576
191 853 2902
11 185 4793
841 898 4883
324 396 4235
675 802 6116
387 426 4383
33 74 2872
374 4441
