1000 999 800 0
67 68 10000
838 839 10000
99 100 10000
0 643 10000
687 688 10000
719 720 10000
536 537 10000
898 899 10000
159 160 10000
8 9 10000
0 661 10000
779 780 10000
40 41 10000
628 629 10000
251 252 10000
0 908 10000
477 478 10000
100 101 10000
871 872 10000
0 917 10000
343 344 10000
0 499 10000
569 570 10000
0 926 10000
0 935 10000
41 42 10000
812 813 10000
73 74 10000
0 517 10000
661 662 10000
284 285 10000
872 873 10000
133 134 10000
0 535 10000
753 754 10000
376 377 10000
14 15 10000
225 226 10000
74 75 10000
845 846 10000
106 107 10000
694 695 10000
317 318 10000
0 373 10000
166 167 10000
15 16 10000
0 391 10000
47 48 10000
226 227 10000
409 410 10000
107 108 10000
878 879 10000
350 351 10000
0 229 10000
199 200 10000
442 443 10000
80 81 10000
259 260 10000
0 247 10000
291 292 10000
879 880 10000
0 903 10000
0 912 10000
140 141 10000
0 921 10000
351 352 10000
0 265 10000
383 384 10000
232 233 10000
820 821 10000
443 444 10000
81 82 10000
475 476 10000
292 293 10000
0 103 10000
535 536 10000
173 174 10000
22 23 10000
416 417 10000
233 234 10000
0 121 10000
627 628 10000
265 266 10000
853 854 10000
476 477 10000
325 326 10000
357 358 10000
568 569 10000
206 207 10000
417 418 10000
55 56 10000
449 450 10000
266 267 10000
298 299 10000
886 887 10000
509 510 10000
147 148 10000
358 359 10000
0 889 10000
207 208 10000
601 602 10000
239 240 10000
0 907 10000
299 300 10000
693 694 10000
331 332 10000
0 916 10000
542 543 10000
391 392 10000
423 424 10000
602 603 10000
634 635 10000
0 745 10000
483 484 10000
332 333 10000
0 763 10000
364 365 10000
181 182 10000
575 576 10000
424 425 10000
0 781 10000
635 636 10000
273 274 10000
667 668 10000
727 728 10000
365 366 10000
214 215 10000
0 619 10000
608 609 10000
819 820 10000
457 458 10000
668 669 10000
0 637 10000
549 550 10000
760 761 10000
398 399 10000
21 22 10000
609 610 10000
641 642 10000
0 475 10000
0 902 10000
490 491 10000
113 114 10000
701 702 10000
339 340 10000
0 493 10000
205 206 10000
793 794 10000
431 432 10000
752 753 10000
0 511 10000
674 675 10000
885 886 10000
523 524 10000
146 147 10000
734 735 10000
0 996 10000
583 584 10000
615 616 10000
0 349 10000
826 827 10000
87 88 10000
675 676 10000
0 367 10000
179 180 10000
767 768 10000
28 29 10000
616 617 10000
88 89 10000
0 205 10000
859 860 10000
557 558 10000
0 223 10000
29 30 10000
800 801 10000
61 62 10000
649 650 10000
272 273 10000
0 241 10000
121 122 10000
892 893 10000
153 154 10000
741 742 10000
2 3 10000
590 591 10000
700 701 10000
213 214 10000
62 63 10000
0 79 10000
833 834 10000
94 95 10000
682 683 10000
0 982 10000
305 306 10000
0 991 10000
0 97 10000
154 155 10000
3 4 10000
397 398 10000
35 36 10000
623 624 10000
733 734 10000
95 96 10000
866 867 10000
127 128 10000
715 716 10000
338 339 10000
187 188 10000
0 847 10000
807 808 10000
430 431 10000
68 69 10000
279 280 10000
0 865 10000
128 129 10000
899 900 10000
160 161 10000
371 372 10000
707 708 10000
0 883 10000
220 221 10000
69 70 10000
101 102 10000
161 162 10000
0 721 10000
10 11 10000
404 405 10000
0 968 10000
253 254 10000
0 739 10000
464 465 10000
0 977 10000
313 314 10000
0 986 10000
345 346 10000
556 557 10000
194 195 10000
0 995 10000
405 406 10000
43 44 10000
0 577 10000
286 287 10000
497 498 10000
135 136 10000
0 595 10000
346 347 10000
589 590 10000
227 228 10000
0 613 10000
76 77 10000
287 288 10000
319 320 10000
530 531 10000
379 380 10000
0 451 10000
489 490 10000
622 623 10000
260 261 10000
0 469 10000
471 472 10000
320 321 10000
352 353 10000
563 564 10000
412 413 10000
0 963 10000
0 307 10000
261 262 10000
0 972 10000
293 294 10000
0 981 10000
0 325 10000
353 354 10000
463 464 10000
0 990 10000
385 386 10000
596 597 10000
0 999 10000
0 343 10000
445 446 10000
537 538 10000
748 749 10000
386 387 10000
9 10 10000
0 181 10000
629 630 10000
478 479 10000
0 199 10000
689 690 10000
327 328 10000
437 438 10000
781 782 10000
419 420 10000
268 269 10000
0 37 10000
873 874 10000
511 512 10000
134 135 10000
722 723 10000
0 949 10000
0 55 10000
681 682 10000
0 958 10000
603 604 10000
814 815 10000
452 453 10000
0 73 10000
75 76 10000
663 664 10000
411 412 10000
773 774 10000
0 967 10000
0 976 10000
544 545 10000
0 985 10000
755 756 10000
865 866 10000
16 17 10000
847 848 10000
806 807 10000
0 823 10000
655 656 10000
577 578 10000
788 789 10000
0 841 10000
49 50 10000
637 638 10000
747 748 10000
109 110 10000
729 730 10000
839 840 10000
0 679 10000
688 689 10000
201 202 10000
50 51 10000
821 822 10000
82 83 10000
670 671 10000
0 697 10000
142 143 10000
0 944 10000
0 715 10000
0 953 10000
23 24 10000
721 722 10000
0 962 10000
83 84 10000
854 855 10000
0 971 10000
115 116 10000
703 704 10000
813 814 10000
326 327 10000
0 553 10000
662 663 10000
0 980 10000
175 176 10000
795 796 10000
0 571 10000
56 57 10000
644 645 10000
754 755 10000
267 268 10000
116 117 10000
736 737 10000
359 360 10000
695 696 10000
0 409 10000
208 209 10000
57 58 10000
167 168 10000
89 90 10000
787 788 10000
0 427 10000
149 150 10000
0 445 10000
728 729 10000
241 242 10000
200 201 10000
0 930 10000
0 939 10000
333 334 10000
0 283 10000
669 670 10000
182 183 10000
880 881 10000
0 948 10000
31 32 10000
141 142 10000
0 957 10000
0 301 10000
761 762 10000
274 275 10000
0 966 10000
485 486 10000
123 124 10000
215 216 10000
0 139 10000
64 65 10000
307 308 10000
0 157 10000
518 519 10000
5 6 10000
0 175 10000
610 611 10000
248 249 10000
459 460 10000
97 98 10000
418 419 10000
340 341 10000
551 552 10000
0 13 10000
189 190 10000
887 888 10000
400 401 10000
148 149 10000
0 925 10000
0 31 10000
281 282 10000
0 934 10000
451 452 10000
0 943 10000
584 585 10000
0 952 10000
433 434 10000
543 544 10000
0 961 10000
392 393 10000
314 315 10000
525 526 10000
861 862 10000
374 375 10000
122 123 10000
484 485 10000
0 799 10000
466 467 10000
425 426 10000
0 817 10000
407 408 10000
517 518 10000
0 655 10000
499 500 10000
458 459 10000
0 673 10000
0 911 10000
802 803 10000
440 441 10000
550 551 10000
63 64 10000
0 920 10000
399 400 10000
0 691 10000
0 929 10000
532 533 10000
0 938 10000
381 382 10000
491 492 10000
4 5 10000
0 947 10000
0 529 10000
473 474 10000
794 795 10000
0 547 10000
643 644 10000
565 566 10000
776 777 10000
524 525 10000
37 38 10000
735 736 10000
373 374 10000
0 385 10000
506 507 10000
827 828 10000
465 466 10000
676 677 10000
0 403 10000
809 810 10000
70 71 10000
406 407 10000
0 421 10000
617 618 10000
130 131 10000
860 861 10000
0 906 10000
11 12 10000
709 710 10000
0 915 10000
0 259 10000
0 924 10000
801 802 10000
0 933 10000
650 651 10000
163 164 10000
0 277 10000
0 942 10000
783 784 10000
893 894 10000
44 45 10000
742 743 10000
255 256 10000
591 592 10000
0 115 10000
724 725 10000
683 684 10000
196 197 10000
0 133 10000
155 156 10000
775 776 10000
0 151 10000
137 138 10000
247 248 10000
835 836 10000
757 758 10000
867 868 10000
716 717 10000
229 230 10000
188 189 10000
808 809 10000
657 658 10000
170 171 10000
280 281 10000
0 7 10000
868 869 10000
129 130 10000
0 901 10000
0 910 10000
749 750 10000
262 263 10000
0 919 10000
598 599 10000
111 112 10000
221 222 10000
0 928 10000
841 842 10000
203 204 10000
0 757 10000
782 783 10000
295 296 10000
254 255 10000
0 775 10000
842 843 10000
103 104 10000
874 875 10000
236 237 10000
0 793 10000
85 86 10000
195 196 10000
815 816 10000
539 540 10000
177 178 10000
875 876 10000
0 631 10000
136 137 10000
347 348 10000
269 270 10000
0 649 10000
118 119 10000
439 440 10000
77 78 10000
0 905 10000
531 532 10000
169 170 10000
0 487 10000
380 381 10000
0 914 10000
513 514 10000
151 152 10000
849 850 10000
0 505 10000
472 473 10000
110 111 10000
321 322 10000
243 244 10000
0 523 10000
202 203 10000
790 791 10000
413 414 10000
51 52 10000
656 657 10000
505 506 10000
143 144 10000
0 361 10000
487 488 10000
235 236 10000
0 379 10000
597 598 10000
446 447 10000
538 539 10000
387 388 10000
0 217 10000
520 521 10000
479 480 10000
0 235 10000
328 329 10000
0 909 10000
461 462 10000
0 253 10000
571 572 10000
631 632 10000
512 513 10000
25 26 10000
723 724 10000
0 91 10000
361 362 10000
572 573 10000
0 994 10000
494 495 10000
604 605 10000
0 109 10000
453 454 10000
664 665 10000
302 303 10000
435 436 10000
545 546 10000
394 395 10000
17 18 10000
605 606 10000
848 849 10000
0 859 10000
697 698 10000
335 336 10000
578 579 10000
0 877 10000
789 790 10000
427 428 10000
638 639 10000
0 895 10000
881 882 10000
519 520 10000
730 731 10000
579 580 10000
611 612 10000
0 733 10000
671 672 10000
0 751 10000
763 764 10000
0 989 10000
0 998 10000
823 824 10000
855 856 10000
704 705 10000
0 589 10000
217 218 10000
553 554 10000
176 177 10000
796 797 10000
0 607 10000
645 646 10000
856 857 10000
117 118 10000
0 625 10000
737 738 10000
250 251 10000
586 587 10000
209 210 10000
797 798 10000
58 59 10000
829 830 10000
0 463 10000
191 192 10000
301 302 10000
527 528 10000
889 890 10000
0 481 10000
770 771 10000
393 394 10000
619 620 10000
242 243 10000
830 831 10000
91 92 10000
862 863 10000
711 712 10000
0 975 10000
224 225 10000
0 319 10000
334 335 10000
0 984 10000
183 184 10000
771 772 10000
32 33 10000
803 804 10000
0 993 10000
0 337 10000
165 166 10000
275 276 10000
863 864 10000
124 125 10000
895 896 10000
0 355 10000
367 368 10000
65 66 10000
836 837 10000
0 193 10000
308 309 10000
896 897 10000
157 158 10000
745 746 10000
368 369 10000
0 211 10000
139 140 10000
249 250 10000
837 838 10000
460 461 10000
98 99 10000
309 310 10000
341 342 10000
0 49 10000
190 191 10000
778 779 10000
401 402 10000
39 40 10000
0 67 10000
172 173 10000
493 494 10000
131 132 10000
0 970 10000
0 979 10000
0 85 10000
585 586 10000
223 224 10000
811 812 10000
0 988 10000
434 435 10000
0 997 10000
283 284 10000
677 678 10000
315 316 10000
526 527 10000
164 165 10000
375 376 10000
769 770 10000
0 835 10000
256 257 10000
467 468 10000
316 317 10000
0 853 10000
710 711 10000
559 560 10000
197 198 10000
0 871 10000
257 258 10000
651 652 10000
289 290 10000
500 501 10000
349 350 10000
743 744 10000
560 561 10000
0 709 10000
592 593 10000
441 442 10000
0 956 10000
652 653 10000
290 291 10000
0 727 10000
0 965 10000
501 502 10000
533 534 10000
0 974 10000
382 383 10000
0 983 10000
593 594 10000
231 232 10000
0 565 10000
625 626 10000
0 992 10000
685 686 10000
323 324 10000
0 583 10000
717 718 10000
566 567 10000
777 778 10000
415 416 10000
38 39 10000
0 601 10000
626 627 10000
658 659 10000
869 870 10000
507 508 10000
718 719 10000
356 357 10000
567 568 10000
0 439 10000
599 600 10000
448 449 10000
71 72 10000
659 660 10000
0 457 10000
691 692 10000
508 509 10000
751 752 10000
0 951 10000
632 633 10000
0 295 10000
843 844 10000
481 482 10000
0 960 10000
104 105 10000
692 693 10000
0 969 10000
541 542 10000
0 313 10000
573 574 10000
0 978 10000
13 14 10000
784 785 10000
0 987 10000
45 46 10000
633 634 10000
0 331 10000
665 666 10000
482 483 10000
844 845 10000
105 106 10000
725 726 10000
574 575 10000
785 786 10000
0 169 10000
46 47 10000
817 818 10000
877 878 10000
0 187 10000
515 516 10000
758 759 10000
19 20 10000
607 608 10000
230 231 10000
818 819 10000
79 80 10000
0 25 10000
850 851 10000
699 700 10000
322 323 10000
548 549 10000
171 172 10000
0 43 10000
759 760 10000
0 937 10000
20 21 10000
791 792 10000
0 946 10000
52 53 10000
640 641 10000
263 264 10000
0 61 10000
851 852 10000
0 955 10000
112 113 10000
883 884 10000
0 964 10000
355 356 10000
0 973 10000
53 54 10000
824 825 10000
447 448 10000
673 674 10000
296 297 10000
884 885 10000
0 811 10000
145 146 10000
765 766 10000
388 389 10000
26 27 10000
0 829 10000
237 238 10000
825 826 10000
86 87 10000
857 858 10000
297 298 10000
329 330 10000
178 179 10000
766 767 10000
0 667 10000
389 390 10000
27 28 10000
421 422 10000
238 239 10000
0 685 10000
119 120 10000
0 923 10000
0 932 10000
362 363 10000
0 703 10000
211 212 10000
799 800 10000
0 941 10000
422 423 10000
0 950 10000
454 455 10000
271 272 10000
303 304 10000
891 892 10000
0 959 10000
514 515 10000
152 153 10000
0 541 10000
740 741 10000
363 364 10000
1 2 10000
395 396 10000
212 213 10000
244 245 10000
0 559 10000
832 833 10000
455 456 10000
93 94 10000
304 305 10000
698 699 10000
547 548 10000
185 186 10000
0 397 10000
428 429 10000
245 246 10000
639 640 10000
277 278 10000
488 489 10000
0 415 10000
337 338 10000
731 732 10000
369 370 10000
580 581 10000
218 219 10000
0 433 10000
429 430 10000
278 279 10000
0 918 10000
310 311 10000
521 522 10000
0 927 10000
0 271 10000
370 371 10000
764 765 10000
581 582 10000
219 220 10000
0 936 10000
613 614 10000
0 945 10000
0 289 10000
0 954 10000
311 312 10000
705 706 10000
554 555 10000
403 404 10000
0 127 10000
614 615 10000
646 647 10000
495 496 10000
0 145 10000
344 345 10000
706 707 10000
555 556 10000
193 194 10000
587 588 10000
0 163 10000
436 437 10000
59 60 10000
647 648 10000
285 286 10000
679 680 10000
496 497 10000
890 891 10000
739 740 10000
377 378 10000
0 1 10000
620 621 10000
0 904 10000
831 832 10000
469 470 10000
0 913 10000
0 19 10000
92 93 10000
680 681 10000
712 713 10000
529 530 10000
0 922 10000
561 562 10000
0 931 10000
184 185 10000
772 773 10000
410 411 10000
33 34 10000
621 622 10000
0 940 10000
653 654 10000
470 471 10000
502 503 10000
125 126 10000
713 714 10000
0 769 10000
562 563 10000
34 35 10000
0 787 10000
805 806 10000
686 687 10000
503 504 10000
897 898 10000
0 805 10000
158 159 10000
746 747 10000
7 8 10000
595 596 10000
593 13640
271 11548
137 1521
340 7691
628 8322
603 4232
20 3955
570 9288
198 7020
415 7098
321 3525
797 5700
741 11291
923 2529
568 5701
279 11848
528 4199
820 14170
736 1836
726 9462
96 5265
275 6201
360 2901
423 10397
98 5202
527 11166
592 14755
868 14462
576 5654
322 7730
768 6228
123 8359
184 14221
520 6737
604 7540
209 14886
107 9496
468 31
86 4770
600 6696
477 4642
658 14720
104 324
717 12135
441 4770
582 13700
196 2298
273 2701
818 9680
642 12441
116 9870
383 3282
512 11376
773 10414
850 3384
772 9793
245 5568
81 9713
357 1087
262 14812
388 13161
802 4611
333 13004
426 13338
854 10822
489 6407
203 10132
149 11143
233 13857
666 4363
141 7459
526 833
858 13366
317 10864
542 12157
659 5456
586 8238
611 8789
620 10113
437 8996
461 414
809 5954
694 9811
896 1055
159 12746
862 448
922 6750
335 3644
833 6034
615 3479
756 3357
381 2375
839 12339
183 6197
470 8875
671 11057
718 4458
456 365
714 8138
803 1276
498 4539
112 1433
303 5575
418 1998
515 9519
798 10263
825 5760
524 2044
543 1229
869 14811
887 8813
15 7833
702 7347
913 2312
291 5548
462 14800
599 103
170 3735
826 13930
334 12539
851 6596
47 5427
789 8971
57 6909
491 11396
724 7351
578 13188
448 9405
483 14907
140 97
61 4395
564 3229
429 11797
401 11546
898 13612
557 7164
338 6286
250 13996
881 13191
60 10273
51 7723
100 5321
447 10850
5 13319
987 12340
232 10166
699 8489
106 6407
132 14359
251 5284
640 5628
453 7334
436 5546
202 13822
305 1786
433 8864
692 533
315 7722
248 5448
64 7859
450 1956
144 12632
204 990
663 930
506 3214
550 8309
111 6423
720 11893
474 8845
683 12756
150 14595
84 7277
17 5275
641 12612
33 12961
313 714
300 14263
269 9723
838 1912
39 8049
56 947
844 4807
296 10915
163 8753
890 12866
779 11605
356 414
310 4029
672 3431
3 2598
438 14506
449 11602
54 13183
635 11468
816 8925
677 1655
711 9054
376 2617
710 6277
587 14151
185 4802
888 10803
392 6301
731 14433
341 14871
62 11017
522 3262
544 10435
569 12921
502 6211
446 9357
50 14417
110 11956
602 3216
946 12494
168 6201
734 11822
618 9695
126 6814
215 6548
397 12218
892 10386
959 7263
748 10861
173 4600
345 4180
742 919
837 14870
900 8262
124 5016
178 3074
52 12744
171 10017
165 8106
200 9453
580 11537
687 2265
375 1978
467 8406
179 6003
616 14249
626 12950
712 6055
927 12035
389 4080
732 6994
806 7315
134 713
670 1359
882 8595
875 10677
459 1803
639 2520
629 10766
41 4851
18 14454
507 3675
80 13934
537 6828
442 533
566 5346
496 11262
113 12247
25 3148
794 11852
503 5369
443 1763
743 5188
89 13346
258 1811
118 3827
766 10461
240 12226
354 11136
676 2033
329 737
581 11894
575 10749
654 14240
791 3244
662 2288
693 10010
784 431
369 6995
2 2220
832 2672
829 5011
638 14746
950 2394
546 245
207 9316
725 11477
746 8881
729 9499
386 8083
293 5155
584 6223
804 9591
668 7236
417 13855
749 12855
404 971
652 4137
562 7350
478 8451
476 6218
398 2459
444 447
237 562
408 14744
195 3060
657 12140
482 8058
72 2304
42 10110
941 8097
530 5802
955 12744
828 4217
810 5322
514 5596
765 1738
234 10280
845 8522
614 9311
536 2691
790 12388
703 9250
464 2655
219 12857
899 1140
539 13944
560 762
213 7256
770 2683
485 7029
480 3901
187 12208
344 470
650 1576
778 415
434 249
800 12684
147 6606
155 11751
513 1455
754 8785
758 14387
735 13193
737 14112
545 7001
318 2555
873 3085
497 3184
563 11039
311 11512
623 1185
878 982
120 11039
226 5292
808 13098
280 881
824 640
390 11615
660 6911
931 1276
378 10102
255 9160
656 3640
370 4625
182 14035
45 5207
830 11627
744 13594
945 7476
675 10842
14 3132
667 1270
347 11643
750 11190
384 4190
682 5522
167 9491
332 8238
827 9494
176 1340
339 13828
43 13868
70 14279
75 9491
680 11880
863 1424
884 3479
880 11245
473 4183
541 10209
552 9729
236 11556
214 512
831 8495
685 1585
63 8755
518 3073
58 10963
83 10751
886 6434
243 12094
95 3975
411 14998
954 6502
10 1829
135 848
698 14640
272 6910
787 14622
701 12595
597 3972
399 4161
609 12941
27 11107
431 12446
494 13259
634 2488
872 4713
169 5607
612 1216
452 3831
227 13002
77 3389
26 4940
495 5130
610 13867
306 5561
186 13056
774 2137
559 4048
174 7619
93 2693
292 4450
664 13005
973 8025
490 12150
795 9100
500 1170
460 12672
472 13092
596 1563
228 5008
867 2567
231 1224
555 3382
194 1279
632 7961
579 12666
605 8394
479 8977
189 9087
780 9806
759 5057
249 12207
256 1538
964 9646
819 6435
266 3179
396 7288
387 14762
190 7285
371 7605
294 11214
412 349
738 3125
286 1996
633 7526
866 12038
686 7950
696 10164
465 3495
807 7397
128 185
706 14796
66 6986
154 3496
192 10185
805 10206
769 6282
591 13765
644 13805
425 4950
842 846
36 1122
424 6443
330 68
206 14142
940 13021
852 12896
413 1563
336 379
531 202
728 13947
822 10413
278 9505
501 2964
127 7257
312 4994
48 10810
180 11797
220 3918
6 6372
849 8698
532 4500
936 1949
342 14235
432 7700
684 10438
707 14870
594 4045
212 3995
287 6270
257 11821
289 2543
792 12396
130 650
466 5429
117 912
486 46
191 8984
366 5017
716 8955
88 14138
87 6951
326 4166
372 851
156 8500
549 10423
573 5891
669 11462
143 7187
811 4378
897 11709
870 748
160 9698
297 5668
630 11313
146 12527
521 11147
34 1444
197 11565
261 6756
152 9576
298 13031
158 4845
783 12105
678 11098
617 10996
148 5695
225 282
69 13660
428 10339
567 5183
776 14376
105 1369
410 12820
30 10211
270 5224
1 9375
645 1145
484 13506
708 534
572 1824
840 13061
368 3528
35 14041
246 394
458 6509
761 12358
700 298
860 8742
551 6379
937 5793
674 11483
19 10322
786 5177
836 6327
690 317
561 2466
210 10886
814 2238
362 7375
264 13511
145 3013
801 7038
598 2
509 1145
304 1609
44 5524
136 13862
268 14352
624 1046
488 12918
400 4330
904 2619
558 4489
125 4321
932 14849
351 7474
82 21
8 8252
59 1010
353 13500
879 14817
68 14152
394 7643
131 2431
119 9154
508 1865
782 12370
320 58
646 3633
21 12277
244 11631
534 92
874 11136
284 710
22 12946
455 2163
752 12736
891 6221
254 6220
713 10620
402 1104
681 7419
689 13545
38 11940
380 3575
608 9301
162 12615
621 10685
78 11629
813 5196
365 2782
406 7786
848 5097
525 265
263 12513
740 8542
281 7705
153 4015
588 9101
99 12957
302 7709
188 8077
723 14010
166 6617
92 2562
405 14526
142 3981
23 10496
419 3950
28 4242
876 3447
53 1306
504 5074
46 3316
299 1095
285 14002
224 9173
208 3417
788 666
796 5822
651 11523
606 8076
363 5340
893 831
11 8863
574 9687
218 9174
767 9972
328 6227
556 12082
395 6784
510 5847
414 2723
695 2319
346 4095
9 6211
221 2486
323 10971
74 2534
374 2457
108 8256
316 1844
102 613
377 1836
24 1383
364 10376
812 7142
358 14165
40 2011
704 8026
327 318
730 14999
747 1870
665 12325
538 10142
627 11722
407 11158
4 1074
785 10992
29 13910
753 1833
762 4215
216 9330
978 4694
492 8299
471 12292
846 13893
239 7646
172 8356
777 13504
164 5652
430 2667
516 12028
648 11337
416 7121
533 8014
821 10834
864 14473
177 3326
688 13502
969 9724
242 4269
771 1325
359 2158
230 14758
590 9338
94 2032
129 14974
324 2066
540 3575
138 13202
260 6486
76 2800
393 5525
705 5529
348 919
161 3273
440 4209
90 4075
290 6047
454 14454
201 11355
65 7096
252 1447
71 5932
267 3920
420 11386
719 354
114 4608
885 3857
382 189
861 12325
755 2701
435 13091
894 4064
288 14540
834 6939
653 2669
855 9808
16 7752
760 9672
856 7280
548 50
843 3789
32 11292
308 10741
554 12747
101 10346
122 7795
282 4724
276 8582
274 13863
519 12376
647 12864
622 2268
585 8268
222 6988
636 9452
764 824
857 6509
350 3717
309 1683
815 6182
238 6990
722 13698
314 11329
352 6263
12 10000
918 4002
422 14538
331 1060
