800 1500 800 537
339 781 1948
239 353 5132
90 722 3459
130 278 3679
235 578 2421
272 443 6473
274 436 2697
476 535 7982
428 587 3676
127 415 4696
88 350 139
111 384 3743
58 415 9251
177 571 2331
454 501 8149
281 570 6890
334 734 4670
168 239 6683
28 154 1482
64 508 7688
322 741 4979
44 466 9059
466 542 4798
590 678 3735
143 288 3647
142 219 366
71 741 1558
100 796 2678
103 462 509
166 679 9254
10 147 8534
62 759 420
298 561 4633
373 505 1545
156 671 2236
288 559 7180
301 373 6426
268 460 6276
70 577 8482
59 630 9345
674 766 6469
212 334 3512
29 448 1512
16 608 9930
173 512 459
102 228 2537
413 494 9351
139 477 8560
45 325 3578
15 103 8185
41 276 8960
64 750 2563
298 517 8402
233 635 8434
240 285 1371
719 785 3212
85 557 2111
157 372 208
316 345 3604
151 517 4775
331 658 3974
335 370 8771
29 319 3283
173 728 7505
342 588 2276
63 153 1701
458 660 4553
272 547 406
295 364 1010
247 375 209
96 461 8817
92 492 1814
30 749 4538
316 474 368
1 20 225
261 386 2289
416 774 367
425 617 7771
174 675 834
113 741 5951
37 569 4668
451 653 296
252 327 4652
582 739 2102
87 185 8964
102 283 781
46 489 4781
22 566 763
10 35 7992
449 588 8500
220 275 1403
200 603 2914
11 675 1844
79 523 7583
122 320 2767
189 194 5870
430 694 6263
529 618 4096
22 354 1721
239 600 1813
144 421 5848
24 471 4023
91 708 623
19 347 1489
599 731 2028
208 294 5271
437 767 7814
646 769 7314
126 163 8645
215 334 3007
153 362 8844
348 551 5090
424 774 7422
3 60 3300
216 695 291
335 715 5665
447 515 304
456 652 4915
702 710 7143
66 358 2538
30 588 4202
237 598 9242
23 174 686
88 782 8397
39 40 8505
78 635 1206
311 336 892
308 795 2513
1 661 6894
95 109 8184
1 3 6469
98 524 9106
150 418 6741
69 222 8628
153 500 2285
19 44 9098
155 200 7005
28 359 1860
53 331 9319
412 694 7531
42 177 9754
41 647 6203
609 799 4261
28 428 7764
182 211 2389
152 192 4878
19 752 760
580 789 2126
160 203 5191
52 393 1714
364 737 4839
98 196 400
65 312 5077
31 592 1713
349 659 8532
5 798 9018
34 394 3483
167 424 4146
447 656 4405
83 151 4421
75 508 3015
463 510 3873
469 750 4847
213 637 488
9 205 8137
208 300 2611
418 617 5454
50 363 6852
165 776 9764
140 222 4916
506 554 2892
190 326 2911
242 342 2254
228 736 6340
215 493 823
592 785 8813
108 190 9888
395 405 2206
610 762 1525
114 227 7350
217 387 2457
31 414 6564
264 501 9352
554 675 620
130 678 7182
181 661 9164
123 573 6210
499 577 8294
159 614 3927
103 206 4887
389 696 1345
227 548 4673
84 170 6654
238 361 1680
188 753 9860
244 697 5928
121 344 451
9 478 3336
609 755 3109
74 474 5413
488 574 9547
216 284 9652
124 662 1060
32 36 505
415 754 1759
767 780 4783
296 378 2626
431 702 5595
16 136 174
45 309 8217
400 454 9027
351 681 6489
740 765 8251
303 365 8641
266 291 4467
181 786 8581
319 774 8419
105 207 3142
559 631 7721
71 396 7723
11 475 9026
209 775 9785
98 351 7154
141 255 5983
107 459 1783
429 638 3518
426 717 2948
112 642 8691
25 551 6694
67 108 9546
568 605 8916
156 162 2923
111 220 6139
679 753 8827
196 355 2243
286 736 2653
316 375 5688
139 584 1884
118 484 4904
446 655 6416
287 774 6590
184 254 30
38 164 9801
155 390 5346
690 748 419
59 65 1895
169 263 6566
2 129 1983
59 70 5928
425 733 8867
337 596 250
37 555 4644
325 638 8297
537 583 6882
641 757 3849
48 405 9206
123 260 7643
66 218 3432
451 623 2532
581 745 3650
46 261 1139
109 314 5532
269 762 6609
27 98 6521
513 783 4441
130 331 4368
366 542 5883
471 724 5986
447 527 2906
220 313 3804
30 106 8465
336 337 7593
215 237 9368
203 225 888
357 361 2573
4 32 9670
186 306 7053
570 667 1874
201 467 7801
288 704 213
189 368 2810
5 161 3768
293 413 7115
195 456 6628
350 396 7680
392 439 1355
529 603 8063
39 118 2369
152 188 3218
300 317 6171
267 521 6448
385 455 9264
461 767 9482
89 298 7424
285 544 5445
165 272 38
329 789 1059
60 244 1045
275 530 9757
26 565 4440
389 422 7511
266 555 8889
116 751 398
115 299 2849
251 684 8683
615 783 9241
7 9 2212
562 640 2915
5 773 1737
1 88 516
269 484 2595
61 185 2170
169 378 830
211 744 4200
228 236 3177
317 318 6168
238 660 5854
4 479 8293
14 193 2351
310 775 4335
253 265 2721
159 776 9263
19 55 9594
46 145 7051
7 579 5293
93 400 2723
728 789 6666
41 90 2356
5 57 4793
530 562 4719
102 573 9875
319 562 8863
468 556 517
366 428 2629
28 75 169
36 69 6648
59 398 1891
8 96 7175
221 529 2991
204 757 7506
227 355 1982
140 204 4205
50 121 7259
247 422 3527
646 746 8441
125 256 2336
323 574 6461
578 654 7749
0 2 3913
81 262 6354
219 762 8990
123 335 4815
36 344 5699
99 125 6119
505 563 7602
107 137 1708
429 786 1310
328 487 2787
99 303 2365
393 400 8686
391 670 260
725 785 9383
164 250 3543
174 403 7105
232 542 2440
292 516 4175
281 734 7393
10 19 2541
95 245 511
308 626 2695
195 789 4032
123 691 639
417 797 8392
262 296 6485
249 309 9969
137 486 4250
465 488 4173
426 552 791
119 402 3865
425 762 2635
167 667 4746
176 639 6945
313 569 9040
285 648 8598
81 386 3962
2 10 2587
9 442 231
88 766 266
295 576 5644
33 784 3096
223 254 3715
305 671 9358
118 613 7176
251 666 6256
214 507 7267
248 395 1040
82 152 5843
341 401 5956
25 89 4366
13 17 3900
213 378 8997
116 313 4476
250 779 6133
60 252 9170
75 180 1731
72 76 9059
128 724 7620
360 418 941
455 500 3272
121 417 886
0 374 5219
119 399 9310
107 368 4422
65 378 1345
369 517 1844
27 301 1521
527 558 3650
250 302 7859
469 539 4597
588 701 4987
63 438 3368
244 333 3102
98 627 2880
530 539 6597
404 479 624
235 453 6869
48 605 5020
379 587 9006
90 520 9839
711 753 9049
45 221 4209
277 740 1829
98 304 8102
169 659 4025
381 697 144
412 651 8881
401 552 6000
71 146 5178
415 631 2205
99 254 5158
284 444 4650
597 751 429
264 559 7675
497 657 1210
291 356 1136
89 597 4041
27 31 1457
0 213 308
61 73 848
262 580 6169
76 269 3948
27 777 5120
737 776 6657
96 317 6816
312 540 4074
70 182 2045
14 774 3591
73 120 2557
299 389 1797
99 485 9006
210 274 1355
72 648 3866
474 757 1525
557 674 7439
57 233 3244
429 586 3471
340 422 7861
65 388 7175
25 337 5341
152 175 3721
333 357 4406
130 444 8531
25 621 9724
467 497 106
394 636 3251
111 740 5863
233 609 338
616 750 6639
232 259 5147
148 291 2106
36 370 6882
462 730 197
557 790 5891
140 397 6896
117 191 2820
509 598 9856
471 712 333
455 690 1542
265 324 3401
69 454 8712
8 12 5095
630 676 5953
364 440 8517
117 355 4641
200 390 9408
44 169 6683
134 346 2495
294 746 3265
547 606 9080
54 584 3448
32 369 6246
313 323 748
728 793 9206
372 769 1163
485 576 9048
21 48 4055
615 646 671
265 469 1829
41 332 41
81 111 9343
341 638 6130
20 493 337
406 446 6769
143 249 5144
162 198 894
296 636 426
129 463 2153
342 762 1447
197 782 7670
204 486 7220
152 382 3715
99 142 7297
105 242 726
465 519 7928
147 711 6724
32 220 9148
94 195 8169
67 167 8759
158 574 9727
127 161 6170
0 13 366
644 749 908
63 622 9188
250 301 7630
214 669 6042
200 397 928
324 368 6620
554 716 5445
439 715 306
70 109 5757
27 29 2811
112 113 4920
327 330 7601
13 421 6869
567 613 9912
261 575 545
186 659 9942
356 464 6257
124 731 1728
58 116 4735
416 445 9592
224 578 3346
70 271 5898
87 204 1347
233 775 2112
26 316 5139
240 520 333
337 715 5824
367 468 5626
63 470 8608
357 728 5278
67 80 6737
70 264 696
98 105 8128
201 611 7416
33 42 942
27 133 6370
179 641 2808
4 62 6307
31 764 7335
199 576 580
154 704 108
198 469 3294
49 154 6743
46 573 6628
35 150 4099
330 549 7965
710 761 6681
3 30 9458
301 310 696
452 663 8258
92 278 25
89 700 8864
156 580 3514
56 131 8163
290 419 8219
361 406 9026
51 268 949
367 636 4663
387 442 547
367 795 1999
20 414 9210
242 387 2341
93 168 2725
2 8 4301
461 465 7673
37 50 3818
300 328 2719
391 578 2274
123 531 7272
4 6 5314
48 551 2202
49 78 3778
32 59 9993
422 771 2763
54 698 1163
457 677 5070
273 778 7968
166 711 4361
27 107 5196
98 216 1551
93 140 8360
171 727 3641
369 637 7190
44 436 8203
254 549 6481
162 217 137
400 623 9387
50 136 4303
185 655 5072
55 85 3556
130 323 2983
323 527 2636
121 286 4592
239 673 9585
39 499 5109
348 550 1615
249 777 237
210 270 4143
228 502 2206
264 783 4266
334 490 7757
248 533 9241
311 509 1449
35 729 4919
469 784 7304
17 584 1576
210 474 1397
87 600 6940
1 510 3539
340 537 1193
107 525 8241
97 246 9355
457 683 6017
318 477 8389
171 209 9489
58 420 958
489 585 4436
263 424 5721
11 16 2019
87 509 3567
97 104 1009
101 321 4548
23 58 3761
376 692 7509
147 726 6230
85 708 4125
243 457 2988
11 256 7897
419 650 4721
23 86 4850
50 565 577
46 112 2194
89 607 3840
172 616 2590
351 751 6897
616 727 1206
442 604 4639
86 383 3
591 673 7068
4 5 5151
50 479 793
275 783 2491
639 793 7562
36 368 1387
396 610 7736
378 796 7222
266 330 6925
232 442 6498
650 761 3118
559 772 3633
23 420 2849
325 746 9184
587 595 5218
214 590 9627
120 727 3503
16 98 131
2 150 5401
153 269 9743
125 140 757
435 557 9775
146 522 7208
431 730 5088
200 238 9066
140 786 9955
43 158 8455
228 320 5487
317 766 4581
212 683 8588
105 769 1586
6 643 592
518 539 7699
171 676 5248
89 122 9792
115 588 5404
31 473 8504
68 420 2701
85 143 8023
187 392 674
168 223 2938
16 248 8873
366 640 5528
172 649 6243
433 491 9187
88 211 7737
505 529 6383
57 306 5731
338 780 4
154 276 2833
494 709 8951
130 449 65
238 451 7083
149 412 1421
13 33 2654
244 758 5995
433 478 5706
198 410 1993
135 599 3421
551 723 446
89 702 4361
46 510 4918
24 181 5882
1 645 4992
4 47 3784
601 658 554
206 366 6736
199 437 5791
265 749 1887
189 242 9277
261 438 3715
57 220 4051
88 293 4075
39 115 5656
73 79 5995
119 184 157
464 604 9726
401 428 6075
69 648 6526
43 63 2375
468 600 5432
323 558 3209
50 63 9440
235 761 1122
323 578 2164
378 382 3307
8 339 6811
261 682 4773
13 110 4209
29 61 6822
3 37 7988
36 716 1628
21 39 7740
57 481 5710
378 536 9230
272 684 6209
628 732 3213
387 456 6407
345 381 6867
166 251 9515
4 7 228
20 22 4267
483 534 7162
163 346 6348
255 759 7618
359 391 2982
413 531 3924
182 755 1742
250 583 8236
18 334 789
775 780 5206
276 467 1859
96 531 6171
702 743 8034
50 123 2295
245 771 6962
338 393 5070
31 102 2400
120 502 8002
167 622 760
52 86 9973
594 710 7889
219 742 5410
172 538 5141
309 634 3121
462 524 9420
672 777 8565
376 543 8632
320 745 6134
209 221 4192
396 489 6886
25 315 3055
151 199 5288
364 720 7847
407 668 9400
40 638 3380
204 365 2147
209 212 2414
273 527 2964
414 456 4444
183 601 3260
32 207 6264
351 780 4
215 385 4585
228 448 8119
3 157 9777
9 97 752
488 721 5753
107 172 1557
646 658 5675
598 709 4201
473 501 3546
383 570 1812
89 710 4115
104 470 9183
367 625 7553
249 374 6356
59 68 8771
63 111 9188
232 252 1545
139 484 135
77 720 3021
220 222 9089
530 698 412
756 798 4283
450 553 8572
24 66 4503
422 679 8930
127 603 4675
44 157 5457
471 620 9958
31 294 7644
581 656 8660
314 770 8205
23 94 632
141 607 4038
82 661 5713
308 531 1911
81 722 8958
402 511 339
353 788 2349
420 763 6897
462 485 5280
443 495 2533
108 346 2810
276 402 5714
428 772 2188
163 215 1316
66 364 8500
209 297 4046
530 772 2652
67 159 9629
462 478 4276
186 614 4912
33 346 3094
149 460 6999
236 421 7672
293 363 4587
198 496 3840
129 201 1378
125 477 7657
14 114 3263
331 775 1824
311 673 643
107 714 9202
34 45 9761
17 735 8294
416 672 4116
9 21 7098
17 499 2481
396 581 8643
314 538 7128
220 793 8693
619 674 3064
23 253 4676
175 691 3928
402 587 7603
257 720 9413
7 178 5974
271 699 3242
345 561 5847
247 738 6385
486 534 7577
9 93 5479
92 150 5838
227 245 8317
190 257 8985
438 478 2628
198 399 8769
102 433 1201
132 307 868
62 198 4034
307 458 3814
422 739 938
47 176 3146
0 4 4185
6 14 4215
562 611 9551
196 470 1110
368 471 6363
449 560 7178
449 776 6821
304 675 7553
510 626 9669
206 466 822
157 211 5311
619 726 3434
538 547 9618
281 350 4142
301 482 7795
43 691 4150
44 775 6155
446 672 6878
277 589 7633
330 704 1514
154 727 7600
99 602 5245
70 163 9179
284 759 5684
0 1 4850
312 559 9429
665 671 5637
183 798 979
307 752 7833
221 271 3740
230 292 8037
14 186 8454
28 112 3637
709 741 1891
132 158 8935
206 535 117
16 441 7624
414 616 9663
237 349 6377
295 581 3979
13 581 316
576 751 8412
137 798 245
258 288 9631
459 720 5709
369 742 7494
457 682 9270
118 192 3552
147 286 2099
354 622 3910
266 725 5324
438 666 8516
57 172 8917
52 159 1470
26 53 5377
367 685 7959
63 714 6633
285 348 1623
584 621 4586
203 764 4901
311 701 9579
153 213 5140
386 498 2008
324 499 789
54 95 932
278 724 2050
31 56 6158
345 382 7062
512 696 5613
83 87 2507
224 461 4555
180 184 5386
55 713 9946
409 634 7752
146 251 1602
501 586 8083
107 591 9288
37 261 4315
225 756 2477
366 770 2602
299 407 4742
440 665 1221
604 679 7289
80 724 5030
215 619 3756
473 787 2505
722 741 7601
200 266 3133
87 258 1884
169 462 2467
104 380 680
57 138 7663
27 526 3100
277 718 6645
279 287 3369
17 191 9667
132 631 4793
569 747 827
30 148 1993
558 623 3177
184 189 7064
135 614 7840
176 555 4334
38 127 147
480 743 2914
303 582 6190
31 174 1837
300 444 980
377 407 3811
415 440 9101
171 264 2834
48 307 8270
25 362 8951
70 724 9456
617 767 6133
317 480 2126
502 760 1218
23 234 7906
38 43 7969
51 483 4722
306 360 6437
697 700 1945
31 684 1409
132 239 6095
311 684 9298
255 554 8
139 284 666
321 687 7858
323 583 8038
81 443 7922
299 431 6453
403 678 3677
235 459 3248
229 571 9907
62 67 4854
221 517 8353
113 374 3872
6 672 5348
406 600 3754
91 435 3421
100 230 3709
85 476 1955
436 550 1852
95 365 7610
280 525 2600
232 586 9421
395 504 1624
315 766 8611
27 46 4635
11 26 4932
192 280 3757
5 18 334
89 721 6496
100 154 2102
27 28 2634
115 156 5204
428 432 281
355 396 2695
286 691 2202
208 629 7154
1 744 2360
300 485 4137
171 643 9690
99 590 1299
298 490 8616
188 555 1705
178 388 1116
636 736 4642
96 141 843
402 437 2450
308 555 8321
9 303 620
350 505 5046
299 534 9293
248 431 435
15 306 4497
766 778 5392
340 659 7513
276 638 1210
284 305 6912
133 232 223
348 526 9645
338 425 5457
213 259 5719
732 796 9526
712 732 424
37 427 1960
67 124 8962
367 764 3076
56 287 2771
79 794 8560
141 643 3644
176 528 7698
482 755 599
93 624 4536
150 693 5026
89 345 5235
168 365 2464
67 788 8509
112 144 8877
406 576 1160
32 64 562
46 387 9228
138 554 9712
275 726 9729
129 311 5183
125 165 1946
19 132 3525
68 292 3393
151 644 19
497 506 6277
83 235 7123
151 240 9875
102 272 2695
429 733 9953
394 411 3274
98 100 9224
251 260 3099
497 507 4447
411 600 4112
511 702 6969
437 721 3839
89 376 3265
289 748 5954
56 120 1493
564 637 8662
55 340 4462
226 229 8027
284 644 4676
441 617 7692
600 692 5921
439 478 2978
39 753 6488
94 308 4931
10 187 5823
495 593 8600
50 425 701
95 326 654
111 456 8279
80 600 8070
112 493 6204
266 414 3939
182 713 6529
49 687 2563
224 764 5735
506 604 6492
253 695 8125
86 139 3124
245 285 2071
499 548 7348
12 49 6548
219 616 3997
178 398 7443
2 11 6705
440 472 9151
384 429 7613
262 713 5833
45 174 6206
90 221 2994
29 418 1147
402 767 9925
212 448 4431
253 685 9842
447 685 4461
184 419 9447
213 377 9860
6 598 9428
321 561 6159
547 588 6202
50 266 9178
38 52 2015
252 610 8261
242 790 3016
170 311 6200
111 279 2256
174 208 9397
35 74 4936
34 329 9516
148 713 4699
50 101 2649
144 465 269
560 663 542
52 81 1168
31 310 7829
21 563 9305
34 54 865
169 255 1537
228 669 1964
538 799 9985
19 514 5957
104 265 6236
655 713 6860
718 792 2033
266 341 9609
35 41 3956
261 718 9388
262 541 6296
380 787 1134
332 335 1708
86 141 825
567 792 2981
453 597 2784
583 705 3653
115 410 3763
117 197 4605
92 273 2794
442 559 7825
240 247 748
113 281 1657
139 173 6758
242 552 2185
171 367 2415
479 698 5888
2 159 2
354 371 7721
109 490 8949
179 434 2846
134 415 9955
216 245 2424
278 601 8481
104 171 4135
746 778 4819
119 153 2313
493 494 1875
604 723 4891
240 323 1432
321 541 3159
154 483 355
26 149 5131
20 342 9927
137 213 970
469 706 6331
578 688 5374
125 282 504
45 523 6749
314 481 9387
163 560 5598
526 604 954
533 763 9713
62 351 2810
25 77 4930
141 582 7187
195 379 4848
306 466 391
339 409 7386
115 214 7470
189 572 868
317 646 7593
0 108 7954
110 187 6070
271 383 2565
214 229 9971
214 707 5386
381 567 3561
232 530 1807
59 753 9084
589 776 7113
105 433 1260
239 619 8957
212 344 7102
302 707 3734
120 219 8061
190 556 4523
384 736 2443
255 286 9356
377 479 1594
82 91 8010
41 483 6827
5 612 3375
498 629 6714
24 352 6635
6 224 4957
53 110 8066
22 504 7101
133 473 2763
262 328 685
168 425 2789
113 340 3607
155 689 78
34 580 327
402 500 8399
15 303 6933
52 637 7913
7 155 2125
293 769 7835
145 536 234
284 313 1361
76 664 6894
19 248 6333
317 630 5909
68 419 6426
47 92 4670
264 763 6211
156 698 9528
643 708 7907
525 698 6214
465 616 9100
95 523 5785
276 321 4827
183 647 6369
189 720 6385
19 51 2487
190 232 4745
197 718 1818
12 27 2586
302 570 7463
31 226 1655
203 532 1247
149 450 962
72 376 9803
417 710 1206
441 695 2908
6 656 3637
104 231 771
17 38 1818
207 409 9601
250 345 8803
368 695 4996
397 625 4417
72 425 4374
587 709 4535
29 772 5019
49 135 3459
14 346 4888
202 404 4854
284 423 4025
28 431 597
204 241 9005
157 343 8893
330 541 8904
303 703 6114
496 503 5394
242 276 8528
73 565 7291
56 117 1711
122 342 5906
270 518 4910
592 690 7157
100 295 7456
79 82 1221
275 314 479
20 128 4846
273 513 3654
7 34 7907
59 83 4039
374 433 9517
170 429 8327
377 426 6119
43 71 3814
51 75 813
237 452 3914
132 592 6839
321 717 6099
46 179 6679
239 314 4559
102 569 8845
344 393 9835
296 416 7329
347 684 8537
157 179 6138
36 183 9637
107 572 3360
320 322 8072
74 505 3835
339 631 3218
459 734 7590
77 84 7969
432 694 2546
12 15 962
58 290 4878
110 478 2743
21 270 2055
13 508 5655
68 794 5888
267 741 354
440 466 6384
338 690 8479
580 619 7578
112 132 6868
407 408 1494
56 545 8205
43 130 2680
86 316 1387
7 53 9345
14 298 7134
113 267 3451
308 681 3016
20 145 5752
774 793 8083
326 545 4851
254 678 7651
171 680 3779
44 289 7296
240 293 9280
20 107 8946
117 703 8203
432 552 6013
185 215 5789
104 119 7042
322 667 8857
91 753 1210
393 493 6123
475 560 9941
96 545 5264
125 416 3053
329 654 4815
46 349 7784
225 277 32
251 735 6455
651 765 5535
124 618 5474
475 691 1514
183 639 231
4 202 4075
600 628 1486
454 476 3716
123 144 4118
333 768 8404
224 597 5399
297 642 9222
253 418 2892
549 641 1137
69 134 1852
438 562 5708
144 660 1926
113 362 4956
53 140 2564
24 104 5241
16 99 7870
163 751 3172
416 577 2331
424 632 4582
174 259 406
3 42 6091
547 641 4909
370 686 5680
239 415 7916
2 608 7687
29 594 1201
24 707 1773
217 583 8553
32 719 8331
192 472 7842
415 584 8534
272 338 3805
261 325 693
174 447 5735
204 453 7830
14 23 7651
12 622 9933
25 415 3735
107 546 5297
127 317 6356
629 731 8436
351 419 5837
13 72 4245
56 373 3347
3 25 1244
111 166 4457
18 24 2212
285 791 214
123 432 6338
77 564 8328
141 474 1129
17 294 6593
126 537 2876
313 615 1986
190 762 7671
131 463 533
83 430 296
17 568 3494
262 704 5303
60 201 434
100 243 1326
205 529 2517
66 409 2966
385 665 1487
587 633 2017
117 251 705
732 757 9375
264 740 2794
235 612 7575
305 717 9723
45 417 3495
416 668 1978
267 435 6974
35 637 3019
173 210 1248
23 403 1688
107 788 3500
52 607 5548
23 126 69
419 755 2892
182 700 5403
50 160 3413
203 282 9168
733 49
120 8087
700 4
166 246
420 8
543 16264
499 387
630 1062
425 3229
318 3
45 613
552 1302
131 74040
164 36982
588 93732
345 38866
565 57351
394 1329
310 1820
132 1647
773 8216
683 22
673 1102
339 6445
597 48990
585 1516
521 1563
488 1413
109 40373
192 3
772 851
245 14469
670 25
346 1935
749 47
386 1108
619 27
525 52585
270 30
369 2
768 40742
501 31869
589 921
74 21
707 77167
194 45557
527 1155
690 18806
356 30
230 1629
757 7
557 15645
380 34070
133 58034
642 48201
559 1240
695 27
739 33367
474 1369
18 13717
487 1419
760 40072
161 30
248 1990
176 25852
714 312
563 5
180 12
379 43
249 74034
509 24602
610 35
12 29
243 1896
662 22
56 684
343 770
365 21
579 49
472 4680
546 16439
3 1655
429 4
626 92765
16 1430
482 27
711 18094
86 1248
771 4
307 23
766 14275
693 1025
789 409
450 678
396 1300
506 5
505 97
427 8853
50 23307
741 68678
682 2
125 401
221 191
111 26040
516 12731
5 30055
492 30212
653 38940
168 23956
780 44248
80 36358
237 35777
382 33146
663 348
774 20
639 12388
250 293
81 30841
736 948
26 22368
220 25
555 8030
260 14845
716 37
44 634
698 34083
575 24
648 1051
529 47285
570 15787
136 47232
676 1
329 42
726 10991
236 1686
33 51640
52 33256
517 1935
384 34
510 28994
524 4452
604 15180
134 1298
440 28
62 18762
11 22954
171 44
146 1471
738 9944
580 50
600 70801
743 31022
64 30156
184 7187
88 43
398 73993
219 476
46 14406
792 45
661 7295
143 21365
130 49293
115 501
89 12
606 921
469 36
83 3765
389 404
165 921
232 1580
437 18072
568 50058
665 26268
759 1595
104 8010
315 49
368 23
347 667
526 1744
531 527
595 1827
434 509
57 542
2 1808
49 39642
761 22
483 820
256 30
609 3607
93 34649
455 29818
48 474
637 51533
320 16245
43 17
572 42625
363 91019
652 3671
373 19707
178 1174
99 16339
502 1124
571 31
770 429
294 734
727 7920
335 1424
199 1947
246 259
51 1359
784 165
489 19
316 420
79 79509
617 61262
569 42
190 49718
644 993
534 753
75 41926
67 9924
672 21682
706 725
262 33
226 54105
350 11227
205 73120
787 30905
170 2513
32 23
175 79483
432 17621
623 33
36 2020
607 1153
646 953
84 50
76 1199
186 48
441 1231
324 1
551 17670
242 3085
35 16046
293 6160
17 1660
0 49165
344 58506
675 37947
358 5512
357 32
191 36500
740 4319
397 1653
24 25
717 16
666 58086
59 8
554 18597
21 15
304 5631
359 24302
72 1868
669 29
387 3
621 34142
660 23849
231 21477
138 1774
795 1661
108 47814
203 14
271 41
596 49
265 9251
150 16
540 50
157 13183
66 1521
765 82
641 98578
195 41717
19 12
137 11039
141 956
520 226
55 186
302 9657
158 915
145 1889
401 1262
354 269
458 37440
566 964
783 38327
535 5101
643 18
689 44343
156 732
123 157
53 30
699 21915
612 92
135 4304
225 1271
309 7370
522 18335
735 3
113 1055
177 38
402 10526
103 1987
486 13431
272 66280
715 16585
68 21
762 18423
214 13
181 11
631 23563
97 422
494 361
173 33
753 18239
573 14
418 33417
508 30392
370 26
790 693
299 53343
279 4413
276 45
313 16786
406 14
564 51903
208 14166
258 17827
94 79996
459 95255
140 22950
513 67493
561 70473
518 1896
605 37
515 6810
620 1867
615 4872
616 4
479 15650
476 1398
348 4520
282 4666
392 62767
496 47008
261 6
709 27030
288 50
54 23
60 379
511 6679
229 415
481 361
493 1309
677 29466
295 4588
457 869
283 144
477 1993
746 8
153 15836
705 1063
183 1430
608 1112
649 426
678 12938
308 896
719 27
224 25022
553 285
752 714
222 9284
447 54
340 21
668 1041
106 24534
167 20
627 33493
312 1339
734 64837
601 947
182 14
611 2401
58 1060
7 1442
116 12878
602 203
460 33804
280 41865
78 14638
430 83
544 10938
155 55047
532 1306
159 28459
351 14805
782 41676
305 12882
300 11
491 38111
326 909
442 51903
633 129
28 23
330 1483
590 18688
756 3
284 28
275 29
587 16643
393 30166
696 15
647 1645
744 61232
655 37540
628 538
408 40
298 43
147 232
234 33299
71 37000
193 54767
577 48764
286 32582
728 628
82 31819
13 78503
667 1074
144 1659
85 24
114 19
778 24
451 1020
290 66360
110 518
268 16678
341 32
323 1842
446 4401
593 140
436 46355
622 4878
122 1884
680 1166
776 14593
319 1220
435 47746
241 14523
730 43
90 27640
443 1795
560 22
433 48
160 16
485 17704
162 369
722 19044
791 1803
686 3177
490 76731
419 21
334 21118
691 72387
377 46
781 24
407 606
292 4657
204 1147
92 471
405 79175
217 8
464 48
23 37
584 76843
362 4731
751 5755
718 49621
674 12287
467 19650
29 6493
545 594
594 22289
287 1424
449 787
169 86769
468 160
303 37879
658 1311
439 25629
758 30
197 301
484 11906
731 948
27 20707
453 6
37 16515
456 76012
614 565
289 411
244 1481
333 632
25 6751
149 48
514 96257
96 30556
659 17309
327 14540
452 9463
6 1748
390 217
775 1346
202 31
634 36178
412 3293
15 4632
671 3
576 16515
786 35421
448 64537
395 5377
118 7
519 1030
142 733
69 10591
797 967
65 17199
745 13159
372 11
428 1738
98 22590
95 69944
713 10
238 336
725 12614
233 5011
107 15
263 1065
704 38063
14 1902
1 61611
562 16
31 827
102 7
550 31
500 84535
558 127
154 1093
657 54532
536 39107
179 20344
227 20
799 18140
105 369
679 181
796 48
253 22
322 4
471 3717
624 22414
504 35
497 1090
548 46847
342 848
732 49
267 8327
767 34933
126 2732
196 1669
34 7195
8 1544
463 418
311 39209
61 9334
512 43421
692 914
416 11048
266 1189
461 1028
129 2588
712 93113
754 10064
139 96341
332 22237
473 68058
528 1920
598 1536
399 23
645 22
654 8659
794 48
376 48
352 35
702 35
381 25
185 66318
148 7147
127 10
211 16685
769 14282
259 40428
547 1069
636 1239
278 14
218 1648
480 38233
403 8365
710 427
87 1350
128 1656
701 11529
200 38
523 28
664 16964
353 29
42 11
209 54344
40 8
252 1181
495 813
269 535
438 506
301 29
788 17266
213 1189
328 6640
366 25987
91 33086
385 12449
187 1685
264 12522
417 72936
685 75851
124 36506
640 1686
212 21813
793 47
539 412
9 1017
723 43720
785 51875
239 50545
20 36
10 1091
70 34537
549 516
687 564
291 1307
297 16208
247 3051
747 9628
591 37119
578 18664
101 1336
367 30852
638 9
618 3
188 60087
257 1242
228 30
586 953
708 1231
592 1098
729 1256
703 28917
681 43
73 13957
581 242
533 32584
656 28
210 14
541 68879
206 194
470 4905
625 661
599 89
306 39662
172 23
413 1876
635 710
414 43
798 7998
454 11690
764 3759
748 1169
507 1271
22 9
423 33945
724 4078
201 122
277 34019
694 1
371 3153
30 62477
273 26
475 61070
720 23206
424 1668
503 1329
317 1447
632 1647
750 47155
47 3637
629 15
426 10485
223 5899
100 241
697 765
163 41
779 10938
38 126
388 1749
688 5
444 39174
63 494
567 451
349 24180
684 3055
240 1845
281 6244
325 142
39 38492
431 1870
360 44465
151 20449
556 35560
421 1024
777 70765
321 1468
285 49967
77 1814
445 44195
498 3876
650 92434
530 210
538 627
119 876
336 7
251 14731
462 38894
174 41816
355 28
314 26
117 46702
296 41
603 34787
651 75957
331 80936
364 25484
41 1919
613 32
582 6140
4 14
207 41366
121 30557
542 1116
338 1636
574 862
400 23203
737 15173
410 1683
422 33026
391 26
215 654
409 20728
374 767
465 282
216 1309
152 12057
415 24684
763 8744
583 21
375 4188
721 5
478 1210
235 1073
742 14465
274 65138
337 1499
411 98666
404 23641
378 37637
466 18446
254 2
189 1207
255 37137
755 8107
383 15336
198 19167
112 28120
537 27877
361 493
