1000 1900 500 253
265 289 4067
271 318 6946
526 696 9132
9 156 4269
360 607 2976
307 358 37
3 18 7028
430 599 2054
666 861 1479
396 461 4531
87 305 8643
214 700 2158
302 406 3290
54 251 1421
123 399 9542
3 165 468
128 446 8881
265 357 2953
238 752 7627
309 393 1000
597 617 1603
684 972 4435
312 345 124
413 763 2083
92 926 696
141 527 1019
39 678 9973
418 639 8582
81 168 7795
250 749 6801
9 777 6810
0 16 1377
444 536 6071
116 820 30
625 785 9318
839 931 7667
421 743 7563
77 165 9390
101 939 5927
675 861 7808
174 255 6070
217 682 2253
308 854 3652
392 677 2222
100 386 7249
57 63 915
306 560 562
5 8 1854
138 374 9519
2 731 4030
362 751 1543
433 659 5815
242 868 7285
76 951 6393
190 232 4657
165 282 2859
291 738 6291
182 544 1531
227 726 1773
272 333 9835
538 796 8173
513 530 6356
555 928 4359
695 726 6769
183 603 9405
202 635 8293
226 739 3988
578 987 9348
266 601 6915
276 533 9919
108 201 8639
522 781 9608
183 577 7645
167 387 7830
28 734 9722
739 958 7798
468 998 2643
345 430 8219
163 172 9927
289 624 5376
37 64 9308
291 530 8601
271 837 5428
108 146 3015
752 840 9336
18 728 1280
347 451 526
22 25 9826
22 243 5731
521 612 5000
136 593 9966
723 922 1267
35 135 8603
58 565 9200
515 579 9424
467 963 4722
226 971 2048
329 384 6420
43 218 7788
238 277 7468
238 803 3453
84 373 7631
256 981 2735
323 479 3399
267 448 10
104 816 3740
120 129 2519
0 554 1672
118 300 6961
734 957 4835
426 772 8675
144 530 3678
96 419 1129
126 507 5804
100 344 4809
1 2 2989
48 658 5179
27 854 7287
599 936 442
2 13 3376
400 835 1838
237 863 9111
81 157 2060
621 799 5231
105 196 7547
428 841 1048
171 696 8032
499 818 1613
698 843 3797
69 79 5547
20 194 6935
493 875 1235
381 594 6371
25 751 8261
490 663 296
31 780 1800
544 621 3217
578 919 9759
207 606 3409
202 793 696
311 593 7966
552 965 8572
182 561 3065
825 866 8301
334 441 2305
44 293 2417
596 722 5210
458 482 4822
85 181 5521
517 680 5435
92 805 1111
485 515 1220
157 400 7951
509 837 2472
54 713 5113
148 891 9385
46 70 5288
562 910 5359
227 805 7904
530 818 9299
205 753 9505
43 87 9943
208 553 2211
390 664 4114
91 143 5535
0 19 1455
31 46 6155
102 547 5375
715 965 1905
19 96 4740
339 400 3303
402 630 5871
326 633 3634
27 35 3369
206 284 1023
12 23 7473
220 965 3910
31 88 1479
70 770 1169
496 534 5614
201 591 9519
76 440 1693
405 427 1669
265 398 5574
59 214 2324
152 388 8586
643 881 9334
171 408 1228
105 837 9469
229 384 524
382 491 3657
9 20 5776
457 923 1280
136 804 4319
121 500 6551
826 894 4975
792 966 1062
173 462 6346
75 408 653
384 455 4683
14 328 4294
122 613 1627
151 304 2446
113 228 9688
90 997 6329
26 492 3154
313 652 5039
927 962 2492
575 622 3743
183 515 9045
131 413 7986
79 970 461
217 438 6882
66 153 88
479 532 3277
687 791 9621
511 538 3492
24 269 4419
0 3 5989
559 706 9329
567 756 5523
251 975 4933
67 783 3020
12 155 7867
868 982 8749
428 798 8616
564 783 8331
249 295 3445
139 905 6324
174 504 3632
306 410 8741
142 986 2029
645 819 695
181 250 725
265 369 177
27 811 4799
373 993 8203
129 904 3556
678 768 8124
369 912 956
533 702 2068
490 636 4908
59 757 1924
427 776 43
111 119 183
88 124 7733
168 901 3281
232 240 5381
212 576 7723
496 636 6
136 849 1786
477 755 9833
375 682 7237
684 983 2500
415 912 7168
848 907 160
46 392 4700
9 14 9695
315 386 3694
412 903 2927
58 154 9854
226 258 5371
518 849 754
618 815 2170
437 596 8252
301 802 7438
700 914 8069
742 818 4847
490 895 1868
148 515 6757
555 875 7452
14 58 8559
396 787 5459
77 763 6203
453 679 7012
589 776 5823
64 255 71
73 832 4963
484 903 3012
70 962 8026
333 622 6100
231 994 5732
49 177 1813
110 131 9658
332 490 5812
250 302 5448
228 254 4665
605 869 6740
483 765 9871
593 814 5746
0 67 6626
354 729 5810
224 321 9179
677 908 2636
747 776 5866
724 806 6461
182 835 2690
122 286 895
38 60 3086
193 485 7042
281 808 3163
509 564 2263
749 779 8692
214 283 7014
23 116 9335
607 923 2381
85 272 5208
209 985 4388
841 885 1115
73 608 9254
302 454 9084
572 916 2995
198 537 8677
29 40 6839
90 245 9707
350 466 3568
155 858 138
160 395 3600
65 491 5609
501 565 401
643 935 2224
145 959 8145
159 677 2507
726 970 9923
35 121 5873
146 367 98
392 970 1190
161 800 8607
20 566 8698
733 748 4754
29 170 1685
187 231 2095
207 355 4397
143 849 2732
117 380 5616
216 405 2558
45 196 5257
594 936 2972
371 618 7494
47 169 9465
21 230 3030
369 645 2749
198 329 9684
421 976 9389
29 734 429
210 476 1309
220 736 8521
434 955 6434
442 656 6253
61 948 245
132 183 2679
307 922 3754
273 569 8659
564 825 6289
723 879 8516
792 913 6720
341 405 5595
203 810 329
7 28 3132
14 17 4041
222 310 6090
4 110 9731
185 809 5832
267 834 4528
227 919 2197
231 993 5259
13 658 8836
440 478 8268
501 864 5783
697 803 5297
254 631 3855
192 951 6628
486 531 6518
244 388 5581
253 634 1674
23 336 3244
196 274 223
439 625 9551
629 716 4688
812 933 6439
127 477 7786
319 995 8684
160 234 9191
454 954 3447
82 164 7804
268 450 9763
135 217 990
601 641 7171
294 439 60
512 599 2171
205 969 7971
73 341 1367
87 100 1139
427 669 8007
22 446 79
296 433 6232
632 917 2576
123 506 9344
374 934 348
131 202 4674
68 147 947
9 150 4009
516 657 3709
402 944 93
30 935 6833
742 786 6360
272 983 1948
367 583 3898
436 581 262
383 493 9576
104 423 8122
120 135 5770
95 416 3119
69 570 6566
471 585 6521
397 890 3708
260 822 1861
162 681 12
159 589 5788
753 969 6784
284 314 9927
193 474 8144
846 850 7859
116 195 9200
116 173 821
499 851 7837
139 507 2317
889 994 6685
128 166 4191
383 561 1965
391 856 4907
104 849 3197
643 928 1000
16 393 6558
4 13 7197
18 116 2553
300 977 8604
93 356 1416
7 607 9957
23 158 6491
849 904 4528
526 635 1315
97 939 1602
258 534 9077
49 510 288
466 801 5997
326 365 5126
8 347 4748
124 929 1945
110 273 3663
452 454 7418
680 946 5016
143 281 6335
413 562 1103
694 931 3472
20 52 3415
224 605 6861
44 139 7874
50 140 9601
88 594 6155
195 977 5654
55 112 8220
281 756 5221
230 398 9334
470 858 9100
711 942 9524
490 965 5571
625 940 44
14 574 4079
107 271 271
115 132 65
83 963 4210
111 356 1927
11 847 3090
735 900 7565
93 379 3769
180 361 6671
50 223 8859
465 736 3254
47 814 7121
933 977 4982
27 185 1449
481 956 4581
66 236 1942
164 317 9167
200 879 3149
93 102 5346
276 332 3153
381 649 9017
115 893 7186
238 280 4737
770 778 9291
90 267 941
188 309 6604
408 683 4430
459 822 6305
688 690 6994
468 477 4946
114 182 8239
783 898 2933
388 770 9306
183 274 5735
2 26 891
148 768 913
40 119 2197
157 697 8539
352 747 3014
404 640 2734
662 850 6898
131 266 6881
97 643 2160
101 259 8058
136 381 7205
414 588 1635
165 407 3189
100 235 6142
199 603 6040
581 982 2442
83 138 5254
128 709 9952
31 528 6406
20 847 4858
204 568 8225
84 421 5838
290 642 3265
134 405 2377
483 719 9038
317 726 7879
156 399 2669
343 774 5432
661 957 3258
125 825 5636
715 974 5759
67 540 8333
129 219 5455
132 928 8501
9 495 8704
731 897 5841
36 703 4725
38 81 481
230 844 8161
86 154 882
582 805 9356
210 864 1521
164 311 1199
755 786 738
45 220 4449
1 5 150
371 587 6931
80 460 7553
142 862 1706
26 521 7803
63 954 5267
2 7 5996
35 841 9710
27 98 9068
105 675 6894
371 895 3711
482 918 8949
239 358 2236
5 90 2203
718 892 6217
416 438 7771
291 691 4494
135 712 178
554 760 2786
77 688 94
130 526 701
626 876 2200
658 795 8979
503 739 9834
574 939 4892
156 220 8543
372 983 6630
231 633 7548
700 967 20
628 690 651
21 187 2803
86 670 9151
303 666 1079
0 671 6123
486 848 7761
218 265 3673
348 769 5139
35 803 207
410 675 6840
14 29 7825
109 235 4346
114 241 6789
82 136 4710
301 313 3107
295 966 7103
357 693 9391
464 771 1205
182 693 6528
812 962 6824
139 167 5311
44 115 3285
40 552 4449
674 806 652
100 262 2280
56 281 9355
39 222 5411
587 610 4445
616 677 1076
646 823 5485
131 935 2486
2 12 4715
333 865 615
386 939 6574
121 152 7153
0 1 8664
318 978 7282
277 730 1153
515 978 7092
286 929 6268
276 544 1770
346 493 1189
138 903 4012
370 880 9574
111 377 992
9 343 9619
291 571 7044
119 796 2349
837 989 6346
813 975 785
239 352 1432
78 829 356
47 54 9717
40 159 3631
478 868 9068
39 301 1132
62 233 9039
81 728 5695
210 477 9124
4 27 1263
327 761 8088
62 930 508
268 891 360
69 73 8008
339 375 9209
320 824 1716
24 823 600
357 403 5605
586 870 3347
656 661 6415
582 782 7780
45 140 9874
260 917 9294
219 729 9109
80 816 7683
226 623 3436
269 665 1784
520 934 5940
381 547 2265
512 858 8113
76 855 7459
358 587 7515
88 287 3617
529 916 2253
138 567 6926
757 877 8196
876 974 187
163 550 1710
348 917 495
65 942 1318
52 733 6636
408 741 9188
75 133 2218
543 890 8189
494 519 3143
183 602 7848
66 631 9508
458 979 8702
380 998 1216
177 310 8667
64 449 3329
243 718 8445
109 784 1069
156 982 5113
350 393 2539
713 725 5730
130 549 1388
61 517 826
750 797 1278
274 906 5916
200 963 6933
80 403 7277
846 863 4690
630 838 1974
394 701 1695
15 59 2588
223 971 2998
62 958 3049
181 908 7731
293 669 3501
416 954 2626
547 625 3418
144 977 4060
9 876 7693
27 261 1961
528 715 70
67 322 9476
254 835 8315
226 293 7534
691 947 8920
138 531 3679
377 970 2028
489 833 3194
139 543 944
123 820 8345
370 429 1305
534 803 1869
284 733 2102
430 882 6408
29 468 1640
86 990 6267
44 477 757
219 733 1727
85 362 4126
208 575 9165
9 877 4834
365 895 1416
119 850 1730
236 595 5180
212 927 5704
387 892 8645
368 693 5293
779 844 4849
98 270 2294
349 534 4721
378 836 6780
326 908 2745
588 927 1535
43 350 8665
26 85 2133
567 684 1207
119 168 8166
10 668 5289
8 149 466
58 300 8759
341 660 975
47 197 6501
423 725 7744
85 558 2225
550 747 7338
588 893 9519
799 941 1278
763 901 2714
69 315 413
490 520 2693
646 772 1847
576 591 1541
9 61 82
66 283 4770
227 648 6641
0 242 2487
217 289 918
3 36 3462
500 860 709
36 856 2673
293 761 4493
75 134 285
743 810 8628
729 975 4829
632 863 9841
514 947 1219
8 270 3952
337 915 8614
330 597 2047
32 793 6018
551 590 1601
138 668 2590
323 720 928
822 932 1316
578 771 3091
481 973 9211
106 371 7070
205 253 5801
367 677 8480
164 358 2443
46 442 3847
708 790 1415
26 609 6048
179 239 972
148 285 823
321 805 5107
326 628 4093
518 527 764
873 939 5457
65 171 272
41 91 2027
25 125 672
422 826 5058
351 615 8578
575 608 9057
679 866 1806
208 311 3221
337 759 6389
112 334 2360
476 665 4080
622 707 4526
106 425 1519
468 713 2945
124 775 3500
433 745 434
36 539 4225
618 901 6672
260 489 3836
669 988 1499
809 984 5694
16 247 4146
608 886 5217
749 804 7583
462 712 1913
219 852 4527
293 475 2572
570 782 3749
163 486 2353
413 793 5828
147 621 1261
306 791 5813
347 950 3930
32 56 3093
956 980 8898
535 926 9143
681 891 4766
797 932 4486
53 117 8375
13 484 6917
333 797 6945
369 418 9118
467 614 8252
126 207 5079
233 596 2578
112 342 2443
15 693 4039
343 659 3966
181 218 2480
862 986 531
745 850 4041
109 817 3893
279 896 2665
330 722 1822
245 973 8931
1 42 2791
640 669 1227
989 992 8811
673 692 932
69 246 1289
68 77 7340
375 491 2844
32 707 1136
28 126 1681
98 984 387
674 945 7304
21 141 6111
64 227 146
399 623 7181
237 834 9190
132 302 8594
48 420 7775
266 556 6469
132 138 547
208 269 5255
591 958 9312
48 909 8487
159 896 3633
588 809 6678
474 911 542
1 75 7009
779 804 201
24 65 8840
577 732 2426
455 509 5071
24 248 4674
58 225 6833
132 495 3046
444 757 3675
27 727 326
237 951 8636
635 991 9553
21 420 1117
884 886 9637
369 742 6623
106 618 9021
816 899 7795
389 651 6253
91 186 2485
4 183 5570
721 931 4348
542 545 3698
735 918 3214
323 888 8146
497 528 1030
365 943 5320
280 805 7046
134 488 5176
388 808 7746
26 874 2378
247 320 9498
199 250 3698
162 252 3843
221 256 262
825 894 4522
601 894 9528
41 404 659
431 925 2046
458 834 6448
434 512 1181
195 438 1190
180 865 5941
209 494 2359
412 591 5007
394 614 2029
314 665 9390
65 843 113
568 667 4409
47 698 2976
2 692 1770
351 759 7678
48 974 3718
102 288 4056
74 760 9530
27 31 4967
339 458 8435
13 296 5426
602 737 5942
46 468 9083
163 426 6825
141 844 886
619 777 7535
3 645 7260
256 296 2612
386 840 1432
427 451 3233
22 361 6876
35 69 1801
73 157 191
254 970 9654
48 937 620
26 72 485
76 206 5885
298 839 9746
307 331 1730
358 394 8949
366 897 9551
48 542 7711
387 604 9411
32 296 2062
85 796 7449
141 887 1617
59 174 3008
468 680 4904
242 244 439
42 86 2850
254 508 1518
437 523 6184
155 215 9910
322 537 7786
139 307 7486
33 817 5268
71 175 8559
130 487 3743
355 431 3758
31 464 734
204 879 4269
724 874 6825
5 39 1699
665 952 2917
13 603 8603
457 825 9008
659 794 6572
400 842 1491
412 714 949
139 341 7305
47 82 4425
220 962 149
27 30 4663
300 301 2527
332 850 2545
88 210 2824
140 711 550
624 755 4305
436 735 7060
297 525 1023
630 817 6705
570 738 1621
260 580 3230
132 735 413
641 758 9591
180 823 7243
125 310 2753
619 721 7931
53 588 3474
563 666 9652
25 384 2166
60 690 5712
115 118 1826
490 523 7989
261 452 3613
706 882 4992
114 594 1812
153 505 5875
197 326 2559
518 944 3236
428 469 9667
167 624 6574
73 78 2208
7 524 2770
314 620 5300
814 898 4375
323 754 7375
292 692 1929
512 902 3292
300 364 9958
286 575 1016
345 373 6346
534 674 7227
837 858 8379
2 95 836
184 780 787
267 402 7351
2 53 4003
140 324 6735
461 476 925
201 843 4752
549 686 9597
243 690 8784
97 882 7705
76 120 3610
431 778 6380
638 955 5856
240 335 7339
148 360 6917
162 321 7040
1 4 1533
558 965 8196
23 215 2267
4 193 1086
8 263 7185
22 24 424
939 948 438
87 319 1620
12 15 6296
297 957 953
49 540 4067
92 448 7199
196 861 4704
177 640 2220
355 366 6059
60 699 2251
268 562 859
10 68 9642
303 976 654
417 470 3607
168 189 3425
109 748 8221
334 437 8403
49 326 3283
104 369 5236
96 391 2113
695 961 8962
102 164 1312
719 950 8255
108 859 5520
584 908 5012
163 203 993
811 874 8187
521 836 853
407 985 4058
228 611 8507
67 293 7862
149 695 6369
246 677 4218
207 472 5292
592 840 1130
158 163 7780
26 737 4931
240 717 7630
511 777 1885
20 264 4595
468 614 2992
10 806 5509
257 365 8763
180 276 2950
248 517 8097
226 923 7074
347 362 2944
26 58 6357
24 329 3811
141 208 996
55 616 1958
344 393 9194
134 620 2910
116 751 2393
187 661 6060
627 827 6570
86 610 2069
44 167 7088
39 524 1049
107 421 8569
346 998 931
312 699 8180
523 639 2645
298 887 4619
505 563 8571
530 924 5838
383 828 3816
66 949 8560
253 260 7525
272 868 2483
664 866 5681
536 837 1514
592 655 1675
15 208 9378
476 548 891
131 383 894
233 878 1986
16 89 7204
37 108 6374
455 467 6927
232 485 2358
65 223 3117
47 648 8986
369 879 2041
441 921 970
183 213 9333
276 820 658
819 984 7764
354 608 2599
211 448 148
843 886 4993
397 428 6861
59 463 6548
916 940 4520
296 522 1330
725 809 5257
68 84 4457
516 705 5794
49 859 953
11 92 546
46 806 4535
115 424 4893
476 821 1055
246 262 257
13 389 1125
158 473 4984
18 226 2985
838 915 2575
101 282 8742
29 827 2898
162 642 4458
0 11 16
206 689 4724
139 284 3525
251 345 9097
157 207 2024
228 640 9534
308 503 8610
516 779 1262
173 402 7306
54 695 1433
498 602 1959
222 944 8818
141 147 4852
821 942 8344
252 711 2084
151 800 2861
298 662 2327
41 417 2055
508 991 781
359 816 5355
141 332 8645
442 628 8975
351 389 1438
339 478 5058
42 206 7273
211 298 1375
455 649 7375
21 564 6875
819 961 3234
70 542 1008
44 632 5964
63 237 6010
440 598 9406
92 458 153
260 625 361
549 740 3928
368 369 4189
337 665 1821
226 776 8897
231 704 8062
533 676 1560
152 274 151
204 726 4704
226 778 5592
211 424 8475
510 938 3556
19 445 9923
728 943 4478
506 776 8485
109 920 1451
685 860 729
422 766 5432
420 424 355
103 534 8992
187 688 5585
513 641 4559
314 884 3152
43 972 3404
96 492 3897
53 805 7558
148 268 5830
376 978 5801
438 517 5054
547 914 2515
503 626 3873
342 856 5340
382 463 4584
596 914 2073
250 514 7794
49 587 5267
160 229 5879
140 318 1424
262 542 1987
81 575 3058
368 772 2061
445 670 9784
13 37 3183
287 967 8746
404 434 9586
509 838 3324
86 178 187
62 346 5986
331 607 5954
877 985 8109
96 104 8337
501 529 2001
477 871 1701
61 523 4815
272 294 3380
34 986 5153
26 939 518
830 846 7678
449 943 7710
582 813 5093
582 664 9606
330 764 9916
421 936 3056
640 792 9635
542 743 4389
225 680 8371
683 861 8040
116 301 3080
312 381 9467
316 815 3719
48 198 4219
84 382 7495
58 654 4941
453 578 4670
246 364 780
415 853 8630
7 32 6894
895 983 4011
767 845 3087
352 920 6144
348 843 1175
429 718 3856
25 43 4424
545 712 2217
414 651 1310
163 686 1985
2 21 5716
109 294 8860
223 249 5200
221 826 3821
147 857 8992
188 202 7014
199 741 3961
256 351 8866
57 371 3850
702 880 8629
7 247 1010
129 750 5237
97 840 8822
55 108 949
274 368 7093
52 414 94
8 757 5725
265 453 810
598 725 3354
747 867 3973
10 747 8331
716 935 4190
71 803 8360
108 545 2179
326 792 4563
64 278 7081
445 561 631
3 184 9120
70 111 627
345 409 6398
153 354 9836
293 400 9209
52 155 2057
224 501 4710
509 638 7143
266 344 2530
568 956 1925
251 912 7274
300 663 1896
497 831 2756
402 605 5139
693 889 5679
540 996 1804
340 651 2733
172 744 2076
394 526 4289
116 303 2841
84 503 2399
285 513 722
483 925 6098
219 484 8472
332 616 4100
410 714 7082
162 410 9020
68 409 5366
191 762 2103
153 221 5046
406 867 8004
136 933 412
219 935 3816
95 360 6959
118 372 9990
403 507 8507
381 815 6672
42 888 3038
0 49 4215
328 956 793
36 103 9943
340 535 1803
88 211 4757
378 385 8895
508 592 2248
575 678 4111
111 650 2403
370 420 1574
20 497 8354
174 197 3756
546 787 9877
252 963 7394
308 559 6103
26 299 325
767 812 7927
370 975 392
196 621 6134
39 658 5506
91 275 7706
116 291 4352
125 898 8337
546 756 6548
6 264 2418
30 74 6502
582 953 285
89 123 2189
477 514 5080
601 885 9419
98 818 3492
391 881 4582
129 435 4062
84 230 3966
143 179 3011
140 178 3399
166 976 7668
185 353 6329
464 933 8288
183 312 3418
161 781 2364
230 347 8199
33 604 7547
354 613 2916
28 769 7393
84 339 685
562 767 5210
723 748 2130
196 470 92
15 968 7577
331 764 8562
244 306 9324
307 870 1967
186 373 1079
86 148 1670
284 511 2996
656 729 345
137 835 8860
216 437 9348
494 497 6191
125 386 7911
192 378 9085
303 390 9305
327 533 8394
273 811 1534
883 921 2352
2 176 8209
20 853 1822
673 691 7269
347 638 1449
909 984 2296
19 551 9150
471 602 369
207 724 6544
526 745 8770
197 928 5180
289 441 2624
10 33 187
196 288 3039
98 821 217
451 964 6710
334 355 4062
299 585 3586
88 164 1681
136 320 4605
146 363 3625
139 989 2271
466 605 1947
811 904 4440
331 899 5498
38 667 9547
554 794 7855
234 257 6144
127 298 4949
491 879 5821
403 837 8995
16 686 3001
280 308 4908
307 627 9672
118 839 9406
32 674 2600
350 512 7546
102 118 6739
332 646 3403
189 560 9718
11 41 3205
40 75 2980
17 546 4446
45 641 6014
458 684 8953
100 220 8315
126 599 2624
341 488 8280
762 879 9004
27 400 1595
240 427 2946
364 818 5936
492 954 5744
627 791 3609
17 50 9034
204 784 3648
237 587 5763
203 274 4103
149 620 2149
322 487 2790
531 711 771
45 57 150
150 161 7202
490 938 4927
217 249 9732
280 422 954
110 212 9764
226 728 5379
201 325 2148
171 337 4389
64 626 494
437 929 6064
251 351 6036
316 649 3039
71 216 5802
4 830 3659
311 571 4892
781 974 1725
59 490 2340
495 898 2236
107 691 2925
404 428 9327
473 561 7719
201 842 876
455 676 2038
43 48 9565
167 412 7936
0 38 1015
137 338 5781
605 675 243
133 162 1478
208 367 7833
397 907 7113
542 911 8990
501 702 7726
27 51 2868
640 984 7491
64 629 3045
506 617 930
84 661 9571
170 508 8893
9 55 4446
286 687 3596
285 292 2765
769 830 6595
614 960 2185
808 845 8111
455 852 8163
462 628 4296
342 977 4488
98 194 4062
569 677 92
181 574 8059
141 726 5770
118 926 7249
195 280 1607
146 678 3548
21 580 1465
333 443 8201
184 773 848
193 923 5423
660 998 6820
88 344 1832
66 190 4670
663 706 6494
434 502 8708
527 667 4661
132 498 1574
423 828 2870
79 159 2793
563 620 9916
144 475 2162
820 938 6234
174 465 6478
103 739 4412
198 787 1333
84 766 441
455 459 2855
469 518 478
689 796 8135
149 519 5984
67 71 7716
586 999 5555
228 708 5223
138 647 7826
721 778 4257
376 711 4239
20 430 9865
169 374 1781
244 981 4656
11 80 9638
239 715 7776
47 995 4136
223 698 7240
207 462 5491
363 456 1280
321 641 1930
124 554 2088
159 607 9708
184 496 5399
450 584 7614
247 656 7221
556 558 6835
423 953 8575
189 934 2970
562 836 5594
271 327 7404
263 648 6352
56 502 6773
238 614 3550
62 547 8034
367 836 9251
545 900 5990
370 788 5595
59 97 3601
16 34 1176
364 660 6760
276 669 5531
941 985 4734
68 99 845
30 76 7358
242 554 7883
488 707 954
535 710 7896
831 928 540
15 106 16
66 122 8656
642 785 3815
141 199 6105
2 9 1115
333 422 1923
768 901 4502
447 796 6735
35 359 3658
47 424 7521
115 137 8105
531 868 3308
281 673 901
646 917 4267
893 933 380
255 488 1990
877 906 7573
497 942 5540
201 382 6163
424 535 6825
721 734 5744
416 879 7552
255 334 5353
385 457 5027
72 160 5834
444 895 3402
228 408 8638
415 826 8891
498 827 9075
341 549 4087
809 922 2995
180 239 6088
210 520 2422
319 714 7344
643 920 459
100 652 229
10 586 8132
633 758 9592
574 637 7587
189 802 9798
76 856 8
86 166 7210
583 824 1432
4 447 3115
142 961 4940
33 104 1589
11 979 192
844 913 7043
572 919 7348
461 829 1588
445 463 5710
96 609 5090
24 932 7677
228 618 5459
158 171 6441
98 263 6520
137 980 1495
261 653 2381
593 827 2080
499 772 6206
280 534 9921
34 267 7874
0 6 4927
924 981 1694
37 871 3249
143 523 7379
322 766 8540
861 926 4667
624 862 5760
198 297 8950
6 192 1737
849 933 1883
92 105 8552
661 968 3900
107 832 671
511 522 2131
302 897 8930
48 290 3793
576 645 6620
18 593 7443
334 611 8434
377 829 4766
21 113 7445
47 573 6114
37 765 8442
546 687 2479
5 94 6393
524 850 6102
187 976 8855
65 191 469
727 927 9933
72 101 2410
450 541 753
38 609 8592
226 788 2434
26 83 9187
125 128 3409
686 920 5721
115 376 8805
62 330 3638
152 340 5291
366 396 196
183 193 4360
233 690 2983
6 109 2553
331 473 6790
390 780 9219
9 10 3245
272 789 613
629 984 180
267 362 7919
171 323 7552
100 200 2285
256 817 307
161 755 6995
51 682 7470
86 822 1474
223 541 8749
618 685 9897
79 114 4093
205 585 2039
272 773 1261
309 797 3523
199 214 5932
542 766 7070
613 651 5509
463 694 1180
461 933 5045
869 953 9642
319 679 3394
1 50 8118
483 873 503
390 749 7095
333 535 4299
335 584 1432
142 447 3013
122 142 2043
287 346 5921
120 205 4806
159 348 8878
75 335 6847
281 383 5167
620 888 7303
275 913 4354
848 894 8665
102 409 8466
47 93 383
456 725 8650
466 512 1355
164 209 7179
372 934 4513
556 705 3123
59 180 8819
74 671 9442
105 977 7645
357 397 607
191 572 1465
113 715 699
171 387 6797
75 815 2178
326 876 5954
52 204 1998
655 972 5249
462 686 9353
383 796 626
103 169 3445
323 415 8723
238 370 4051
208 973 7442
202 547 4148
586 624 1804
105 894 3582
458 516 7053
107 989 3273
310 319 1111
226 789 5501
776 857 6817
217 308 1585
229 790 423
290 571 6323
104 447 7204
13 22 7561
748 883 5516
715 730 5208
318 755 65
607 683 6632
283 448 2821
82 662 9629
194 453 4944
591 999 8961
264 411 945
65 66 1538
178 521 1047
393 436 8675
66 151 8098
71 261 4120
146 325 9440
436 480 5781
459 557 6517
60 149 8988
540 712 2794
278 573 3554
38 189 5695
69 600 4899
375 582 6989
429 753 2369
108 317 1913
378 483 9818
15 97 1911
118 532 7095
380 481 9635
34 103 6394
668 946 4905
703 708 455
330 631 246
285 316 528
501 539 2564
262 329 6585
186 555 2991
140 888 7151
694 854 5788
30 778 977
294 618 5541
243 427 8904
60 145 4433
545 987 9780
610 870 1178
108 394 4498
90 188 6195
5 127 6138
143 750 7352
47 92 9561
183 604 3356
45 611 6963
127 766 1516
60 672 69
143 144 3501
57 799 8700
243 639 3700
0 750 3923
209 807 147
1 62 1541
65 676 589
460 917 8659
234 564 948
739 912 1607
452 653 3502
387 803 8609
246 617 7661
82 432 3876
1 557 2365
3 47 3094
168 511 7400
253 471 1412
117 130 7226
16 992 8069
140 878 4813
38 45 9716
274 998 3267
26 349 8452
166 929 9
70 152 3746
431 658 3752
63 268 9707
156 475 9930
127 379 4690
666 882 8648
238 385 6169
87 498 4073
352 372 2102
494 583 7361
140 444 4967
438 904 7824
317 902 4255
930 973 4830
100 107 6777
221 435 7436
687 773 1432
584 809 4161
484 715 4814
318 903 8378
139 440 4866
666 705 5592
653 993 899
68 238 4275
119 340 5453
690 822 7719
70 279 586
320 401 510
28 44 3375
396 686 2320
166 938 7063
121 303 1039
587 787 3688
120 634 5864
49 530 5556
610 723 506
294 539 451
323 746 8313
38 654 1116
346 852 5693
383 695 1609
947 961 8846
214 224 6952
462 998 6311
826 872 5273
303 499 1397
277 428 6307
821 898 8590
416 724 228
171 619 3683
391 644 3909
134 7359
89 3984
525 4511
641 6213
402 3625
220 7460
664 7761
90 7699
952 4417
105 4228
404 1874
866 11526
133 7298
658 14753
506 3280
380 7952
456 4315
488 52
501 5508
56 8269
653 3438
591 7179
742 14604
668 9348
430 9482
551 13865
645 12298
966 4716
781 14914
415 8993
912 6539
584 12810
271 760
94 10998
802 2070
666 4943
311 13470
337 7402
508 1621
454 14699
898 13153
514 10861
457 1598
17 9779
279 10458
705 6887
227 3673
766 1818
650 14713
496 13105
218 3494
890 6356
245 12132
317 9229
418 2944
877 14346
296 7623
755 9680
550 4822
157 2532
343 9042
762 12772
119 12317
660 726
657 552
704 1734
782 9685
943 9094
352 14052
980 10536
875 5625
57 1058
992 7090
864 10537
805 3139
405 3488
571 8158
23 14745
902 1345
328 7729
263 2713
719 1930
773 12825
344 1715
291 3183
621 13491
761 9604
37 11607
925 10508
986 12379
258 13840
706 8051
322 9910
687 4328
931 10733
563 2311
325 12991
764 12936
997 3163
884 8282
818 7955
808 3327
798 5943
469 13950
747 4446
947 5740
482 877
722 13326
364 1284
453 10937
298 4459
693 5080
111 13777
216 2984
899 12517
117 12044
615 5771
493 8291
568 3287
739 13639
222 11481
209 1114
713 12947
592 13212
869 9786
679 12794
605 14471
483 11455
32 4557
685 9683
241 2566
795 13225
946 13462
640 9067
254 7963
953 9508
34 7663
950 9746
780 11597
304 11657
971 11295
999 2387
994 14160
448 5923
480 5868
259 14697
758 8870
190 8283
82 14167
436 10966
414 10489
544 11885
857 6082
828 7057
396 9093
962 4957
392 740
470 3681
486 8505
981 6393
369 6257
575 7532
862 4029
824 4198
860 4990
155 2629
552 5270
955 8716
556 9346
581 10452
957 6675
394 8992
211 11645
995 5196
150 5616
182 4478
636 11030
376 7462
936 8117
710 9658
967 2079
526 13277
524 5452
270 11937
106 9350
532 13273
872 9252
127 5000
351 12475
464 14393
434 14431
169 14781
848 2195
373 11319
926 14887
266 7114
927 7162
907 14277
835 9612
662 2312
897 1817
481 14596
993 4429
983 1525
410 3970
937 9771
588 14854
204 14622
466 14115
70 4583
355 14469
794 2810
777 3942
566 7078
15 1737
287 12570
479 1043
282 1487
10 5787
871 3414
859 8975
979 14222
78 4577
812 12134
765 1977
590 1741
512 4031
883 13943
390 9132
502 8483
774 5149
821 12463
472 644
47 1601
468 1132
401 10394
531 5062
549 4249
786 8680
915 12541
804 10960
174 2576
655 3437
776 6220
965 3703
775 9721
708 1691
397 2668
41 14266
161 11121
807 1768
578 13042
730 7335
301 4463
395 5700
576 1618
573 6166
853 331
801 9555
651 7392
840 5522
809 7835
408 8737
619 12967
175 7229
631 2673
611 12470
458 9904
601 4966
306 8384
411 8097
200 13198
530 5396
367 2309
867 2161
675 4111
974 10952
363 4969
623 13908
151 13131
244 12597
399 11082
817 9021
790 11317
388 9204
583 9626
626 3636
353 12533
814 5621
476 2641
417 3169
767 5908
449 6586
861 7249
236 1376
683 10194
629 14664
520 14193
696 4017
158 4058
924 564
366 3987
194 2677
546 13533
740 2223
374 14722
745 9511
744 9317
372 8560
137 13226
749 5049
320 9574
142 2674
214 8839
944 6140
964 2428
163 6778
613 6275
831 9385
832 5712
235 12860
973 4258
569 6576
184 7743
275 1831
461 14877
313 7888
126 6611
340 13675
669 13046
728 633
829 1801
972 5109
847 7346
475 1781
988 8611
383 9073
985 14865
684 8294
991 14785
419 8440
336 13377
734 1779
736 6777
714 9368
528 13175
432 9770
779 1018
356 464
691 10398
799 4223
537 10572
743 8643
413 11172
172 3331
707 14180
334 1331
599 5043
637 14572
789 10647
224 2088
757 14679
407 1280
283 13954
934 273
674 8242
123 1646
720 14864
116 4909
819 5325
327 8890
913 10232
59 7701
257 6943
487 12571
918 14769
791 5727
232 11653
504 11981
560 3877
215 7836
412 13303
433 11113
910 8668
597 7365
54 4372
771 10884
494 7370
338 13184
895 10452
252 13156
473 7192
212 1183
92 1985
99 8753
497 1034
567 6953
920 4669
278 14924
297 6211
630 6014
250 14783
107 3920
536 14589
842 10880
264 5428
648 12469
382 6274
717 2890
39 629
168 5613
984 9549
652 14579
851 13978
606 6110
617 12776
451 5072
146 2095
982 14398
64 4571
350 11135
694 3484
247 10629
538 8405
177 11136
738 9168
949 12218
911 6820
806 9300
553 2638
114 11680
784 888
756 2778
555 2380
406 14314
239 5005
465 8662
267 5023
541 7944
921 1646
210 1733
61 9096
945 43
156 11314
960 2364
751 14841
608 14233
961 4337
331 12106
680 5932
516 10873
701 6952
810 2686
122 8181
377 12661
754 10125
335 3566
894 709
389 9878
741 6581
240 4224
321 7655
858 933
55 9548
800 49
186 6098
505 1568
18 5586
452 1092
255 1381
379 9649
357 10304
647 10370
20 13840
956 475
310 11174
893 14906
522 2324
968 1794
746 9094
839 312
909 12742
423 12156
882 11328
970 9545
845 868
941 9845
582 12041
919 13876
130 2610
425 11195
889 6822
548 9638
170 6266
759 3538
673 12363
659 5955
595 1989
88 1097
663 1829
