500 1000 100 300
171 276 6812
55 292 6276
46 211 348
86 489 3533
60 62 4226
148 261 8065
63 106 5217
34 165 2771
3 426 9741
47 80 6440
111 250 7105
44 327 284
9 22 9736
149 201 8085
71 77 1896
61 327 8970
27 363 307
62 210 9241
39 490 8128
322 423 2160
247 316 1522
265 387 2686
298 442 2006
232 257 9968
75 102 4480
17 267 3904
108 213 6331
132 222 4502
387 437 4451
71 348 6408
221 361 7351
1 272 5834
463 477 4357
119 193 1689
22 414 3645
258 398 8127
32 246 7017
113 215 7171
242 309 3852
134 173 7115
145 169 9011
25 196 2390
43 61 3042
137 350 6042
254 484 3753
154 190 1098
33 96 9858
364 455 624
136 161 6957
240 259 6147
67 144 8394
200 254 2962
180 202 7418
349 497 8010
179 497 4068
129 347 8542
436 454 9158
380 447 673
127 425 36
124 184 597
210 218 3936
457 469 3090
159 266 2258
59 318 7472
47 125 2816
191 247 1302
82 370 1600
107 111 5459
98 369 3476
152 451 9722
291 361 3566
176 368 4834
323 473 7084
158 278 495
8 290 9402
27 306 2915
45 65 7866
235 462 1601
284 440 3694
2 16 9238
105 422 8413
95 219 9244
279 373 6242
27 157 6975
112 333 2757
88 388 4418
51 389 2579
67 149 9836
126 229 5173
85 375 3877
35 294 1305
79 179 4493
111 114 9911
130 134 6192
46 263 3634
61 380 4094
162 397 7737
356 461 4229
155 326 7727
30 35 6920
24 253 8861
216 368 2391
153 295 2658
76 460 6222
47 121 1961
128 310 8000
46 214 4594
167 421 7021
46 394 6192
1 85 7971
140 191 4276
154 251 7904
437 443 9618
41 82 8450
182 199 5105
115 223 6174
298 361 322
358 374 6576
17 459 9992
409 496 1423
238 430 4548
167 281 6705
197 275 7362
209 440 3305
169 217 5611
48 419 5219
181 372 3793
35 142 5341
173 203 996
244 316 5540
61 163 3317
202 403 3030
29 489 3781
107 408 5593
184 349 6701
209 227 5178
64 464 4836
33 128 3976
69 448 8812
10 104 3652
172 397 3505
55 332 5096
347 390 1669
196 477 1596
136 360 5053
112 244 2192
5 18 775
491 499 2990
160 478 5195
6 247 4230
10 79 7307
365 460 4765
287 299 7156
189 335 5284
111 488 2455
0 7 1822
268 472 2373
73 91 6852
345 466 5648
144 379 6667
186 458 2786
16 54 7520
121 416 6862
274 439 5535
431 459 5687
292 488 9298
47 237 3498
58 143 9908
360 412 3509
29 97 765
75 419 9442
19 132 4522
49 197 5519
160 488 8900
7 246 5234
61 304 4152
109 138 9385
9 95 8892
45 169 4362
74 99 8342
401 498 6246
307 354 5676
124 433 4500
346 443 9272
95 463 4569
139 306 4443
200 448 7913
72 474 4952
189 231 4024
123 232 8669
461 479 5593
9 149 936
156 192 4924
23 42 6759
292 397 5360
86 102 8916
100 206 6383
80 338 9709
432 480 276
431 488 1802
156 490 2889
103 420 4820
42 64 3517
86 149 970
260 262 8066
36 86 6948
99 153 2199
18 498 3454
125 276 3571
176 492 9186
264 369 9345
346 422 2272
345 438 8410
21 29 7959
50 416 8695
411 457 8878
277 457 7700
91 111 846
139 343 9495
38 61 7357
134 207 6334
181 450 3507
25 410 7893
376 415 4663
190 324 3688
101 407 8381
180 478 9794
200 423 1359
230 338 4260
235 470 1767
112 177 8291
102 481 9155
28 51 1586
100 485 6701
41 284 9840
375 499 5412
155 414 6223
148 222 8403
299 456 5037
144 269 9499
335 429 9717
147 240 5218
104 272 8920
8 42 4813
57 73 5611
66 248 801
129 144 9439
344 457 9746
285 341 133
13 428 2252
92 307 939
60 140 8052
55 390 8816
8 36 7081
362 445 2444
1 112 4305
401 442 14
38 436 4730
187 267 7294
224 454 4402
271 322 2413
353 453 3225
78 184 227
331 439 9269
96 470 6490
13 358 8328
28 337 7026
59 192 1380
12 274 2161
181 321 5443
279 412 8100
382 451 8603
362 444 4404
97 391 3488
27 271 5517
217 418 3697
5 68 6311
199 380 7610
215 294 6000
344 360 5259
67 101 4112
69 221 6876
399 469 1856
78 248 3236
57 166 1756
369 459 5110
25 81 6109
164 340 9121
87 116 2158
4 10 1796
79 471 7808
12 455 3088
43 367 9246
100 233 5820
396 432 5403
49 234 7461
103 125 7756
406 453 3524
15 136 5960
281 425 5392
44 108 6577
200 451 3387
496 497 7
305 392 8170
111 346 8695
168 451 4100
347 362 7984
72 264 9847
152 378 9442
136 216 3774
74 434 5884
192 436 5553
186 402 3325
145 236 175
250 298 6011
141 202 9036
106 314 8406
478 490 4507
298 418 7025
184 255 1277
361 450 5470
25 89 6477
46 58 5714
70 390 531
249 311 5679
21 144 271
183 283 2494
247 479 5323
159 427 7898
40 68 4211
74 277 9700
288 340 188
113 471 8688
261 477 1107
145 355 4743
5 293 7060
83 312 9431
69 383 104
264 349 1872
410 484 7019
22 60 1275
199 352 8469
55 56 1505
98 390 9788
241 363 7458
292 486 2795
52 296 239
92 151 5810
74 187 2322
21 271 174
14 467 694
406 478 530
175 468 8097
85 255 9229
456 495 6851
15 64 1645
111 153 7593
6 321 8470
55 415 1966
107 175 3199
24 460 4293
244 400 9926
22 270 3059
150 463 3873
145 409 9490
26 40 7232
106 467 5425
283 462 6239
81 177 6014
119 289 8377
32 297 7941
26 359 57
46 384 8160
18 159 9961
315 318 2819
93 451 1469
262 294 1705
80 152 8818
25 114 5102
90 197 3740
39 491 9860
90 172 3215
297 482 2535
73 119 374
213 415 4434
27 113 6035
101 120 5887
208 430 6213
52 69 4469
303 428 5324
37 308 5041
1 2 5212
358 429 69
199 490 7767
96 275 9920
82 379 966
64 200 4353
230 248 2820
100 246 9158
15 448 6818
242 250 4961
5 25 9885
1 405 6090
176 198 5695
103 160 382
11 144 4017
87 487 9754
106 282 8877
337 469 3937
394 441 1309
368 494 5786
72 209 191
354 404 9652
80 250 5377
201 443 887
166 400 4966
13 41 1645
285 381 403
42 115 9519
208 242 3788
165 494 1473
28 46 7104
234 250 3031
102 447 3742
87 470 6940
384 448 1094
296 456 6921
107 120 7002
315 465 7491
266 382 8887
255 401 2830
108 331 7181
278 423 8345
285 413 7254
7 11 2055
64 380 6918
162 334 6896
383 417 3756
10 297 1185
12 23 5745
43 471 5585
221 307 1632
83 254 9310
330 427 9886
321 349 7433
113 223 4419
107 146 5463
10 455 4484
114 279 1338
350 427 4822
433 468 4387
64 337 667
24 323 4503
70 241 5212
127 351 6735
136 278 8523
30 260 188
304 480 5305
58 257 9830
12 27 3136
60 258 9913
136 327 9510
10 14 2704
105 417 6763
7 442 3542
14 61 4489
8 28 7474
382 457 9496
433 446 2843
240 436 5252
375 424 7572
21 53 1092
126 155 1512
53 135 5005
123 279 5576
43 57 3351
85 106 1902
160 449 5278
133 468 9406
110 252 8987
18 44 5253
15 34 1507
116 380 5288
162 281 1305
1 118 1448
65 264 2832
24 149 4101
389 445 2450
151 290 5864
233 318 4117
10 54 3624
423 481 8386
318 473 6305
154 411 7918
317 446 7012
69 455 9916
17 79 6003
221 491 1647
281 288 5514
151 305 4556
250 408 6647
96 365 3067
219 289 7964
57 78 7557
187 429 337
72 353 4569
59 395 5207
114 357 591
88 165 1709
101 367 2655
190 204 1717
92 451 274
144 365 999
200 335 4705
11 21 6631
23 87 5369
20 164 9609
46 74 4356
7 185 7542
86 270 5343
122 260 1051
90 337 4101
72 493 3603
448 483 6595
25 95 3171
61 406 5130
42 100 5100
20 48 524
133 273 1662
43 152 1913
133 186 5329
227 429 5712
166 314 7321
66 93 4854
34 349 1023
10 102 8638
13 19 2149
310 435 2760
289 426 6487
257 272 3806
1 326 7718
70 249 9690
17 268 5043
248 389 4936
111 369 7093
99 313 5748
37 483 7802
35 265 7722
268 375 845
161 286 8539
87 369 736
205 398 3536
243 492 3958
379 385 1268
187 206 8088
118 170 9810
164 419 8642
65 481 6976
64 416 6689
96 415 8706
409 443 6241
18 240 1644
47 107 5473
106 147 2395
5 194 8805
208 261 5512
28 83 1554
1 31 6154
198 271 1335
64 282 5074
167 231 5548
279 282 1862
110 117 8711
34 70 6782
265 391 5098
56 139 9561
92 361 4429
58 343 5887
45 292 6615
10 308 6236
264 368 2995
351 393 2727
254 434 1902
366 424 4206
198 370 7815
62 401 4943
322 456 4798
189 301 9907
4 6 3602
163 222 9846
137 420 8105
375 479 3372
76 159 7015
243 357 4879
74 315 8520
28 376 322
149 327 1200
235 413 575
86 383 6654
195 480 4583
103 120 6027
5 69 6743
51 374 297
82 299 2014
221 387 1475
2 8 762
170 340 6559
404 438 891
297 467 6623
48 84 1285
170 256 343
10 212 282
0 4 3908
9 492 8159
212 229 5251
24 232 9047
146 390 6969
67 311 4862
8 384 5808
134 171 1033
41 410 7616
293 433 1924
12 88 4003
22 313 6767
184 342 1171
83 227 1815
89 347 3633
108 126 8586
43 302 2453
75 110 6983
226 456 1376
260 362 7827
86 92 235
68 72 118
167 439 9039
240 499 7772
20 86 6535
172 451 3180
302 412 8091
0 281 3991
24 82 5787
124 127 7317
11 17 5899
33 467 5886
74 224 7418
204 250 1859
50 306 2482
159 306 2480
194 325 2271
24 124 8778
142 145 8102
58 396 9074
67 349 4038
40 182 8111
223 423 5351
161 249 4721
418 421 6430
48 270 1677
16 262 8436
143 149 7984
114 123 8903
188 344 1534
352 381 3124
227 306 1553
49 334 4056
279 345 380
20 249 6802
128 235 3416
120 244 4803
351 445 86
117 140 3705
266 331 1176
194 398 7181
337 376 835
72 309 9402
63 130 7305
178 394 9910
337 470 4369
51 205 9348
439 442 2105
207 402 3384
270 320 8207
33 129 3941
25 307 9810
165 292 8409
26 52 7212
160 419 1228
29 32 1740
299 452 3900
34 472 5079
65 265 3666
439 466 7875
216 493 3418
170 453 9164
12 39 4044
42 452 1903
73 143 4357
226 229 7583
158 205 7129
33 78 7188
301 417 256
141 292 3885
18 155 8920
197 239 2019
478 492 6620
403 431 9543
15 189 297
371 399 2732
119 158 8462
232 440 5456
63 276 7081
158 281 1309
145 243 640
155 235 3740
28 176 3209
19 337 1310
226 349 4014
385 499 9385
250 358 2938
130 181 2295
189 328 9138
2 12 9527
75 234 6144
387 432 9062
171 497 8031
138 218 4847
85 273 6707
102 408 9656
158 317 8129
17 68 2785
216 298 6853
391 440 7009
123 304 7200
104 344 3096
1 51 7469
74 101 133
55 133 3817
395 409 1622
61 134 1296
149 463 7648
110 363 9094
178 373 7480
40 59 652
352 399 6396
15 26 7610
206 473 6129
85 482 1697
254 312 460
10 76 3754
396 466 1885
17 218 2569
183 304 7935
355 466 6814
75 388 859
232 339 4893
169 203 6307
42 47 9046
136 446 8428
440 480 1072
117 154 5489
7 162 117
186 417 6406
262 359 183
68 103 4018
80 168 5242
205 405 4297
95 190 2924
103 255 6765
86 435 1219
104 433 6297
84 148 5722
28 174 4096
26 292 5714
166 411 2587
367 476 873
0 1 251
194 379 6832
85 490 1859
68 345 2795
191 493 6870
94 106 9601
53 183 4622
33 206 3627
200 207 2052
107 406 2826
17 375 9975
145 443 3949
62 181 5761
211 481 3210
10 39 5140
45 220 6912
168 322 3558
46 180 6441
71 447 6537
256 372 2871
291 328 2919
70 486 5167
5 98 8086
61 125 9418
78 242 5619
251 253 1201
35 71 1388
459 460 5977
259 419 1604
44 262 1819
97 232 9456
93 108 5026
50 170 9158
93 229 5480
123 129 5821
22 75 224
5 15 6940
27 390 5496
220 264 3929
285 407 1323
108 141 7325
6 130 585
63 67 8876
204 323 8097
71 319 9049
18 294 3
6 146 9143
262 278 737
66 332 2144
27 231 8619
128 381 5165
6 15 9980
273 493 7224
74 329 2892
307 389 6550
46 312 8793
122 335 6899
312 481 9585
189 386 1179
184 473 8245
121 136 9849
260 263 3149
206 230 3374
60 291 3667
177 336 1939
35 150 1252
54 59 2456
138 314 7044
34 45 7061
216 453 5244
16 131 2582
83 188 8066
233 335 2338
326 451 8104
44 49 1181
135 269 1420
256 280 139
64 96 6186
21 422 936
193 195 239
259 310 2818
90 413 6020
29 242 8223
176 413 3623
12 66 2491
407 442 6185
60 82 7915
113 310 9934
63 416 3801
7 10 981
53 141 276
357 432 8558
57 185 4345
392 494 3991
199 305 7369
322 329 705
179 475 8111
7 78 7917
54 341 3680
193 252 3574
31 330 7116
86 378 3535
25 90 5906
32 166 9721
283 364 5208
234 285 9494
141 178 4132
140 436 8898
39 376 1690
90 340 9972
15 37 348
0 3 229
209 402 3605
25 85 3364
360 456 5858
39 208 4153
56 109 2940
183 466 8288
4 5 2419
268 330 809
241 245 3969
103 348 7067
53 406 7111
33 38 1764
68 105 5222
36 421 3894
190 219 1700
215 286 423
33 43 8209
38 106 9823
121 226 4932
146 167 2171
31 396 2658
80 143 7761
21 242 5530
18 230 7306
223 299 6159
140 408 7784
146 440 9306
2 14 1714
52 97 8261
102 173 8998
217 277 9679
145 238 1441
130 225 8196
75 78 3182
265 409 6648
259 463 7765
78 222 1441
0 9 4726
212 364 4336
15 20 3762
218 451 1091
130 288 5169
33 494 8705
14 150 7384
146 207 8826
1 13 6087
37 355 1364
208 229 4812
152 228 7935
168 274 3269
46 381 9151
375 483 6579
390 397 7926
59 137 7349
27 62 3812
236 285 7736
85 473 6077
367 377 7263
92 371 1229
22 30 7112
155 163 8619
223 424 6207
115 371 8931
172 308 7324
26 275 2178
57 103 9724
206 220 8024
6 226 1725
337 397 2360
193 287 5421
27 156 1090
9 356 7914
174 363 5654
4 180 3598
313 404 6263
53 122 9375
150 300 6469
116 366 9311
107 356 1879
49 105 5697
206 469 2255
52 55 6362
28 33 4720
22 442 7478
49 207 210
177 479 2598
69 86 6277
24 63 7074
48 314 7637
342 480 1700
320 480 31
62 159 6563
22 304 3824
81 398 8428
44 303 3499
13 24 8697
26 171 9832
196 208 2292
363 408 6605
154 341 581
199 417 8289
327 466 8550
155 324 5198
67 182 6319
175 267 5750
44 446 9809
158 365 1591
64 407 6371
87 477 9406
9 491 5757
195 263 8500
0 50 4120
8 94 5257
186 9748
288 6740
175 4424
458 10332
254 2122
237 13431
342 9803
493 8175
277 126
386 436
434 8395
328 8689
244 10978
55 10628
485 9529
271 1446
181 12783
191 6424
115 3359
139 7859
479 3391
210 11884
135 9227
393 5432
301 2615
472 2408
330 13045
373 5600
189 12721
296 5628
333 7085
133 5201
178 2968
431 6004
390 5746
465 12286
331 12752
239 13154
241 1068
394 10417
153 3284
351 10366
332 5725
462 14247
322 11846
245 5406
495 3797
399 4231
403 8306
225 10528
450 3069
214 13293
295 9264
205 617
441 5424
105 12764
382 12884
372 14684
132 6382
170 12137
474 14542
438 5364
325 1009
400 2461
224 2557
231 11305
315 405
141 9708
167 750
350 9135
213 1457
429 9415
198 2621
336 997
252 1350
309 8086
456 7826
200 13655
233 3214
56 3270
402 151
425 13944
280 757
353 13576
418 12291
422 13308
486 7176
374 4631
424 8799
316 10274
109 8337
157 9130
287 13702
256 9127
70 4896
227 8345
193 14305
329 7254
452 11102
317 2724
