1000 999 800 0
67 68 10000
838 839 10000
99 100 10000
0 643 10000
687 688 10000
719 720 10000
536 537 10000
898 899 10000
159 160 10000
8 9 10000
0 661 10000
779 780 10000
40 41 10000
628 629 10000
251 252 10000
0 908 10000
477 478 10000
100 101 10000
871 872 10000
0 917 10000
343 344 10000
0 499 10000
569 570 10000
0 926 10000
0 935 10000
41 42 10000
812 813 10000
73 74 10000
0 517 10000
661 662 10000
284 285 10000
872 873 10000
133 134 10000
0 535 10000
753 754 10000
376 377 10000
14 15 10000
225 226 10000
74 75 10000
845 846 10000
106 107 10000
694 695 10000
317 318 10000
0 373 10000
166 167 10000
15 16 10000
0 391 10000
47 48 10000
226 227 10000
409 410 10000
107 108 10000
878 879 10000
350 351 10000
0 229 10000
199 200 10000
442 443 10000
80 81 10000
259 260 10000
0 247 10000
291 292 10000
879 880 10000
0 903 10000
0 912 10000
140 141 10000
0 921 10000
351 352 10000
0 265 10000
383 384 10000
232 233 10000
820 821 10000
443 444 10000
81 82 10000
475 476 10000
292 293 10000
0 103 10000
535 536 10000
173 174 10000
22 23 10000
416 417 10000
233 234 10000
0 121 10000
627 628 10000
265 266 10000
853 854 10000
476 477 10000
325 326 10000
357 358 10000
568 569 10000
206 207 10000
417 418 10000
55 56 10000
449 450 10000
266 267 10000
298 299 10000
886 887 10000
509 510 10000
147 148 10000
358 359 10000
0 889 10000
207 208 10000
601 602 10000
239 240 10000
0 907 10000
299 300 10000
693 694 10000
331 332 10000
0 916 10000
542 543 10000
391 392 10000
423 424 10000
602 603 10000
634 635 10000
0 745 10000
483 484 10000
332 333 10000
0 763 10000
364 365 10000
181 182 10000
575 576 10000
424 425 10000
0 781 10000
635 636 10000
273 274 10000
667 668 10000
727 728 10000
365 366 10000
214 215 10000
0 619 10000
608 609 10000
819 820 10000
457 458 10000
668 669 10000
0 637 10000
549 550 10000
760 761 10000
398 399 10000
21 22 10000
609 610 10000
641 642 10000
0 475 10000
0 902 10000
490 491 10000
113 114 10000
701 702 10000
339 340 10000
0 493 10000
205 206 10000
793 794 10000
431 432 10000
752 753 10000
0 511 10000
674 675 10000
885 886 10000
523 524 10000
146 147 10000
734 735 10000
0 996 10000
583 584 10000
615 616 10000
0 349 10000
826 827 10000
87 88 10000
675 676 10000
0 367 10000
179 180 10000
767 768 10000
28 29 10000
616 617 10000
88 89 10000
0 205 10000
859 860 10000
557 558 10000
0 223 10000
29 30 10000
800 801 10000
61 62 10000
649 650 10000
272 273 10000
0 241 10000
121 122 10000
892 893 10000
153 154 10000
741 742 10000
2 3 10000
590 591 10000
700 701 10000
213 214 10000
62 63 10000
0 79 10000
833 834 10000
94 95 10000
682 683 10000
0 982 10000
305 306 10000
0 991 10000
0 97 10000
154 155 10000
3 4 10000
397 398 10000
35 36 10000
623 624 10000
733 734 10000
95 96 10000
866 867 10000
127 128 10000
715 716 10000
338 339 10000
187 188 10000
0 847 10000
807 808 10000
430 431 10000
68 69 10000
279 280 10000
0 865 10000
128 129 10000
899 900 10000
160 161 10000
371 372 10000
707 708 10000
0 883 10000
220 221 10000
69 70 10000
101 102 10000
161 162 10000
0 721 10000
10 11 10000
404 405 10000
0 968 10000
253 254 10000
0 739 10000
464 465 10000
0 977 10000
313 314 10000
0 986 10000
345 346 10000
556 557 10000
194 195 10000
0 995 10000
405 406 10000
43 44 10000
0 577 10000
286 287 10000
497 498 10000
135 136 10000
0 595 10000
346 347 10000
589 590 10000
227 228 10000
0 613 10000
76 77 10000
287 288 10000
319 320 10000
530 531 10000
379 380 10000
0 451 10000
489 490 10000
622 623 10000
260 261 10000
0 469 10000
471 472 10000
320 321 10000
352 353 10000
563 564 10000
412 413 10000
0 963 10000
0 307 10000
261 262 10000
0 972 10000
293 294 10000
0 981 10000
0 325 10000
353 354 10000
463 464 10000
0 990 10000
385 386 10000
596 597 10000
0 999 10000
0 343 10000
445 446 10000
537 538 10000
748 749 10000
386 387 10000
9 10 10000
0 181 10000
629 630 10000
478 479 10000
0 199 10000
689 690 10000
327 328 10000
437 438 10000
781 782 10000
419 420 10000
268 269 10000
0 37 10000
873 874 10000
511 512 10000
134 135 10000
722 723 10000
0 949 10000
0 55 10000
681 682 10000
0 958 10000
603 604 10000
814 815 10000
452 453 10000
0 73 10000
75 76 10000
663 664 10000
411 412 10000
773 774 10000
0 967 10000
0 976 10000
544 545 10000
0 985 10000
755 756 10000
865 866 10000
16 17 10000
847 848 10000
806 807 10000
0 823 10000
655 656 10000
577 578 10000
788 789 10000
0 841 10000
49 50 10000
637 638 10000
747 748 10000
109 110 10000
729 730 10000
839 840 10000
0 679 10000
688 689 10000
201 202 10000
50 51 10000
821 822 10000
82 83 10000
670 671 10000
0 697 10000
142 143 10000
0 944 10000
0 715 10000
0 953 10000
23 24 10000
721 722 10000
0 962 10000
83 84 10000
854 855 10000
0 971 10000
115 116 10000
703 704 10000
813 814 10000
326 327 10000
0 553 10000
662 663 10000
0 980 10000
175 176 10000
795 796 10000
0 571 10000
56 57 10000
644 645 10000
754 755 10000
267 268 10000
116 117 10000
736 737 10000
359 360 10000
695 696 10000
0 409 10000
208 209 10000
57 58 10000
167 168 10000
89 90 10000
787 788 10000
0 427 10000
149 150 10000
0 445 10000
728 729 10000
241 242 10000
200 201 10000
0 930 10000
0 939 10000
333 334 10000
0 283 10000
669 670 10000
182 183 10000
880 881 10000
0 948 10000
31 32 10000
141 142 10000
0 957 10000
0 301 10000
761 762 10000
274 275 10000
0 966 10000
485 486 10000
123 124 10000
215 216 10000
0 139 10000
64 65 10000
307 308 10000
0 157 10000
518 519 10000
5 6 10000
0 175 10000
610 611 10000
248 249 10000
459 460 10000
97 98 10000
418 419 10000
340 341 10000
551 552 10000
0 13 10000
189 190 10000
887 888 10000
400 401 10000
148 149 10000
0 925 10000
0 31 10000
281 282 10000
0 934 10000
451 452 10000
0 943 10000
584 585 10000
0 952 10000
433 434 10000
543 544 10000
0 961 10000
392 393 10000
314 315 10000
525 526 10000
861 862 10000
374 375 10000
122 123 10000
484 485 10000
0 799 10000
466 467 10000
425 426 10000
0 817 10000
407 408 10000
517 518 10000
0 655 10000
499 500 10000
458 459 10000
0 673 10000
0 911 10000
802 803 10000
440 441 10000
550 551 10000
63 64 10000
0 920 10000
399 400 10000
0 691 10000
0 929 10000
532 533 10000
0 938 10000
381 382 10000
491 492 10000
4 5 10000
0 947 10000
0 529 10000
473 474 10000
794 795 10000
0 547 10000
643 644 10000
565 566 10000
776 777 10000
524 525 10000
37 38 10000
735 736 10000
373 374 10000
0 385 10000
506 507 10000
827 828 10000
465 466 10000
676 677 10000
0 403 10000
809 810 10000
70 71 10000
406 407 10000
0 421 10000
617 618 10000
130 131 10000
860 861 10000
0 906 10000
11 12 10000
709 710 10000
0 915 10000
0 259 10000
0 924 10000
801 802 10000
0 933 10000
650 651 10000
163 164 10000
0 277 10000
0 942 10000
783 784 10000
893 894 10000
44 45 10000
742 743 10000
255 256 10000
591 592 10000
0 115 10000
724 725 10000
683 684 10000
196 197 10000
0 133 10000
155 156 10000
775 776 10000
0 151 10000
137 138 10000
247 248 10000
835 836 10000
757 758 10000
867 868 10000
716 717 10000
229 230 10000
188 189 10000
808 809 10000
657 658 10000
170 171 10000
280 281 10000
0 7 10000
868 869 10000
129 130 10000
0 901 10000
0 910 10000
749 750 10000
262 263 10000
0 919 10000
598 599 10000
111 112 10000
221 222 10000
0 928 10000
841 842 10000
203 204 10000
0 757 10000
782 783 10000
295 296 10000
254 255 10000
0 775 10000
842 843 10000
103 104 10000
874 875 10000
236 237 10000
0 793 10000
85 86 10000
195 196 10000
815 816 10000
539 540 10000
177 178 10000
875 876 10000
0 631 10000
136 137 10000
347 348 10000
269 270 10000
0 649 10000
118 119 10000
439 440 10000
77 78 10000
0 905 10000
531 532 10000
169 170 10000
0 487 10000
380 381 10000
0 914 10000
513 514 10000
151 152 10000
849 850 10000
0 505 10000
472 473 10000
110 111 10000
321 322 10000
243 244 10000
0 523 10000
202 203 10000
790 791 10000
413 414 10000
51 52 10000
656 657 10000
505 506 10000
143 144 10000
0 361 10000
487 488 10000
235 236 10000
0 379 10000
597 598 10000
446 447 10000
538 539 10000
387 388 10000
0 217 10000
520 521 10000
479 480 10000
0 235 10000
328 329 10000
0 909 10000
461 462 10000
0 253 10000
571 572 10000
631 632 10000
512 513 10000
25 26 10000
723 724 10000
0 91 10000
361 362 10000
572 573 10000
0 994 10000
494 495 10000
604 605 10000
0 109 10000
453 454 10000
664 665 10000
302 303 10000
435 436 10000
545 546 10000
394 395 10000
17 18 10000
605 606 10000
848 849 10000
0 859 10000
697 698 10000
335 336 10000
578 579 10000
0 877 10000
789 790 10000
427 428 10000
638 639 10000
0 895 10000
881 882 10000
519 520 10000
730 731 10000
579 580 10000
611 612 10000
0 733 10000
671 672 10000
0 751 10000
763 764 10000
0 989 10000
0 998 10000
823 824 10000
855 856 10000
704 705 10000
0 589 10000
217 218 10000
553 554 10000
176 177 10000
796 797 10000
0 607 10000
645 646 10000
856 857 10000
117 118 10000
0 625 10000
737 738 10000
250 251 10000
586 587 10000
209 210 10000
797 798 10000
58 59 10000
829 830 10000
0 463 10000
191 192 10000
301 302 10000
527 528 10000
889 890 10000
0 481 10000
770 771 10000
393 394 10000
619 620 10000
242 243 10000
830 831 10000
91 92 10000
862 863 10000
711 712 10000
0 975 10000
224 225 10000
0 319 10000
334 335 10000
0 984 10000
183 184 10000
771 772 10000
32 33 10000
803 804 10000
0 993 10000
0 337 10000
165 166 10000
275 276 10000
863 864 10000
124 125 10000
895 896 10000
0 355 10000
367 368 10000
65 66 10000
836 837 10000
0 193 10000
308 309 10000
896 897 10000
157 158 10000
745 746 10000
368 369 10000
0 211 10000
139 140 10000
249 250 10000
837 838 10000
460 461 10000
98 99 10000
309 310 10000
341 342 10000
0 49 10000
190 191 10000
778 779 10000
401 402 10000
39 40 10000
0 67 10000
172 173 10000
493 494 10000
131 132 10000
0 970 10000
0 979 10000
0 85 10000
585 586 10000
223 224 10000
811 812 10000
0 988 10000
434 435 10000
0 997 10000
283 284 10000
677 678 10000
315 316 10000
526 527 10000
164 165 10000
375 376 10000
769 770 10000
0 835 10000
256 257 10000
467 468 10000
316 317 10000
0 853 10000
710 711 10000
559 560 10000
197 198 10000
0 871 10000
257 258 10000
651 652 10000
289 290 10000
500 501 10000
349 350 10000
743 744 10000
560 561 10000
0 709 10000
592 593 10000
441 442 10000
0 956 10000
652 653 10000
290 291 10000
0 727 10000
0 965 10000
501 502 10000
533 534 10000
0 974 10000
382 383 10000
0 983 10000
593 594 10000
231 232 10000
0 565 10000
625 626 10000
0 992 10000
685 686 10000
323 324 10000
0 583 10000
717 718 10000
566 567 10000
777 778 10000
415 416 10000
38 39 10000
0 601 10000
626 627 10000
658 659 10000
869 870 10000
507 508 10000
718 719 10000
356 357 10000
567 568 10000
0 439 10000
599 600 10000
448 449 10000
71 72 10000
659 660 10000
0 457 10000
691 692 10000
508 509 10000
751 752 10000
0 951 10000
632 633 10000
0 295 10000
843 844 10000
481 482 10000
0 960 10000
104 105 10000
692 693 10000
0 969 10000
541 542 10000
0 313 10000
573 574 10000
0 978 10000
13 14 10000
784 785 10000
0 987 10000
45 46 10000
633 634 10000
0 331 10000
665 666 10000
482 483 10000
844 845 10000
105 106 10000
725 726 10000
574 575 10000
785 786 10000
0 169 10000
46 47 10000
817 818 10000
877 878 10000
0 187 10000
515 516 10000
758 759 10000
19 20 10000
607 608 10000
230 231 10000
818 819 10000
79 80 10000
0 25 10000
850 851 10000
699 700 10000
322 323 10000
548 549 10000
171 172 10000
0 43 10000
759 760 10000
0 937 10000
20 21 10000
791 792 10000
0 946 10000
52 53 10000
640 641 10000
263 264 10000
0 61 10000
851 852 10000
0 955 10000
112 113 10000
883 884 10000
0 964 10000
355 356 10000
0 973 10000
53 54 10000
824 825 10000
447 448 10000
673 674 10000
296 297 10000
884 885 10000
0 811 10000
145 146 10000
765 766 10000
388 389 10000
26 27 10000
0 829 10000
237 238 10000
825 826 10000
86 87 10000
857 858 10000
297 298 10000
329 330 10000
178 179 10000
766 767 10000
0 667 10000
389 390 10000
27 28 10000
421 422 10000
238 239 10000
0 685 10000
119 120 10000
0 923 10000
0 932 10000
362 363 10000
0 703 10000
211 212 10000
799 800 10000
0 941 10000
422 423 10000
0 950 10000
454 455 10000
271 272 10000
303 304 10000
891 892 10000
0 959 10000
514 515 10000
152 153 10000
0 541 10000
740 741 10000
363 364 10000
1 2 10000
395 396 10000
212 213 10000
244 245 10000
0 559 10000
832 833 10000
455 456 10000
93 94 10000
304 305 10000
698 699 10000
547 548 10000
185 186 10000
0 397 10000
428 429 10000
245 246 10000
639 640 10000
277 278 10000
488 489 10000
0 415 10000
337 338 10000
731 732 10000
369 370 10000
580 581 10000
218 219 10000
0 433 10000
429 430 10000
278 279 10000
0 918 10000
310 311 10000
521 522 10000
0 927 10000
0 271 10000
370 371 10000
764 765 10000
581 582 10000
219 220 10000
0 936 10000
613 614 10000
0 945 10000
0 289 10000
0 954 10000
311 312 10000
705 706 10000
554 555 10000
403 404 10000
0 127 10000
614 615 10000
646 647 10000
495 496 10000
0 145 10000
344 345 10000
706 707 10000
555 556 10000
193 194 10000
587 588 10000
0 163 10000
436 437 10000
59 60 10000
647 648 10000
285 286 10000
679 680 10000
496 497 10000
890 891 10000
739 740 10000
377 378 10000
0 1 10000
620 621 10000
0 904 10000
831 832 10000
469 470 10000
0 913 10000
0 19 10000
92 93 10000
680 681 10000
712 713 10000
529 530 10000
0 922 10000
561 562 10000
0 931 10000
184 185 10000
772 773 10000
410 411 10000
33 34 10000
621 622 10000
0 940 10000
653 654 10000
470 471 10000
502 503 10000
125 126 10000
713 714 10000
0 769 10000
562 563 10000
34 35 10000
0 787 10000
805 806 10000
686 687 10000
503 504 10000
897 898 10000
0 805 10000
158 159 10000
746 747 10000
7 8 10000
595 596 10000
747 7192
538 13396
710 2921
554 14602
43 11828
26 12997
95 12235
315 1933
456 158
730 1284
545 5483
230 3301
848 12866
496 5863
152 9887
22 4489
423 2268
164 8769
330 3067
597 5076
323 4827
705 4978
642 370
518 6528
652 6092
774 12389
72 8470
582 1410
819 11817
755 5753
794 7242
711 8091
454 8947
189 7460
412 5776
380 12003
145 11916
75 4040
346 14559
803 13599
249 4506
611 3785
381 13135
231 1979
699 8615
801 763
244 8187
220 3695
858 14641
27 2284
185 14502
703 10596
106 4722
258 12362
898 13173
338 9044
218 1392
172 2573
772 7988
294 1781
713 7722
486 3795
738 11414
254 12044
821 1704
770 7284
657 9818
290 4318
232 7941
811 13679
896 13874
159 6506
352 1396
638 9760
383 14378
461 13228
74 4009
273 5316
10 1195
156 4101
16 14676
878 11701
552 12773
198 6440
63 5528
192 4597
725 3235
76 14161
28 6870
12 227
964 1744
488 8543
167 5297
750 7528
256 6166
686 13883
441 12587
779 6105
24 707
356 2252
560 3570
402 2469
894 12340
32 10647
260 14833
886 6356
973 6777
131 11871
444 2400
25 13062
388 10067
509 14676
424 7103
940 1910
99 11743
790 10563
870 3382
262 14348
620 10840
670 1766
160 13689
546 430
542 8618
959 1396
238 7887
460 6148
252 4454
791 10506
558 14977
467 3742
678 13772
743 11151
255 12509
729 4596
322 431
588 13313
760 837
96 9909
155 2517
687 423
224 14812
606 12677
822 1042
406 421
458 120
483 5607
327 1976
804 10150
186 13087
580 13624
540 13452
856 14739
68 1757
524 10733
410 3349
56 3346
913 10914
335 14245
684 11996
35 7402
788 14104
827 3189
576 3886
954 1381
267 5123
430 3470
624 13327
446 7242
316 6676
845 2731
59 9629
809 977
495 3620
812 7256
771 13708
731 11176
592 9596
33 5225
634 9814
179 3741
534 3245
718 9435
183 9397
237 12063
396 14101
828 3630
584 180
464 11429
787 11101
660 8651
465 5734
302 2964
922 10880
353 8023
204 1061
531 10585
116 14469
268 13220
416 13722
742 14944
748 4697
587 12714
114 14842
357 5260
370 11823
140 2996
838 7197
834 6694
81 5098
363 981
399 8074
614 8770
874 13784
1 1683
274 5665
221 11977
600 9285
266 19
405 4746
9 9206
692 2769
654 3131
23 13653
178 2429
632 1487
126 14178
814 7044
840 11422
658 9260
904 2544
299 6270
593 7365
336 976
844 10522
672 4455
851 2681
372 13239
125 11479
630 7690
800 5521
941 10366
720 5104
452 4505
900 6593
453 10833
839 5618
880 13122
61 12207
69 602
466 10137
536 1588
479 7796
482 7418
128 14987
282 11956
621 13686
286 4371
182 4048
820 1940
149 11403
470 4437
187 5824
471 675
202 11239
792 4390
890 2386
86 368
366 3389
358 6617
184 9654
879 5566
882 14227
795 12667
526 10439
507 11423
41 12757
281 7987
719 3573
329 522
741 5472
846 10848
833 2613
561 10727
345 5080
946 11123
504 3630
269 2655
872 7779
360 9788
724 13346
627 8889
401 2569
480 10276
400 5555
570 10754
629 10950
609 7902
635 4021
752 3635
344 6449
52 6322
78 1411
548 11057
417 11979
615 13640
575 10664
892 6473
923 3101
562 5595
440 3338
45 11994
134 11318
303 11542
522 8624
36 11206
850 10323
677 7000
918 2908
207 13972
931 13549
641 3027
308 7233
668 14659
802 10097
100 8832
594 953
706 353
341 10400
195 6138
3 523
769 3245
569 7758
449 14461
491 9395
596 3641
676 14031
432 2778
563 12803
474 5014
347 12839
415 1601
825 1087
778 5895
530 10760
599 4143
77 14178
785 13339
340 3440
893 12426
714 5916
690 5585
532 5639
669 4026
19 11518
377 9492
758 9439
46 5416
476 12899
899 4489
549 12999
617 13690
212 8725
581 3535
153 472
737 8756
927 12669
293 5953
250 5829
887 8384
728 11829
194 6483
497 9308
236 4524
556 6118
14 1777
762 9600
57 3199
768 8625
180 13047
740 9675
278 266
384 11125
585 5797
368 9451
144 10374
765 1898
248 492
717 6843
665 2749
4 6209
177 14298
608 14342
245 168
393 5158
101 4702
82 11751
623 4109
612 11163
272 10611
119 6510
442 9435
70 945
112 6815
516 11462
422 13728
782 2645
162 2969
312 6591
64 12889
334 1169
374 296
829 4624
716 8189
150 3841
240 10689
863 9439
168 5434
864 5215
173 7439
429 5476
796 984
656 12699
707 9852
285 5066
786 8147
544 7692
722 2057
437 10226
413 12771
767 9934
723 14975
386 3614
490 13987
431 8567
246 1597
414 9960
650 14597
682 4008
867 14712
102 944
279 3425
233 6100
564 9651
161 3217
503 1555
104 8978
209 9047
426 3663
816 11776
53 3008
472 10570
897 10958
324 2457
17 9229
148 10006
987 14278
610 1514
626 942
118 8928
484 229
15 13666
837 2934
191 1785
664 2707
311 3208
276 1829
568 4135
591 7095
667 10649
48 4482
94 3054
264 9111
425 11898
766 351
305 9311
40 8548
89 12398
71 12500
419 6868
604 14634
435 12849
832 3594
616 3571
206 10464
251 9840
342 1392
574 14374
306 4791
567 8025
227 350
689 422
154 4057
541 6600
628 6053
647 9993
297 4576
203 3372
861 13216
527 792
398 2602
309 13187
543 9117
313 13444
318 8007
744 6945
857 326
90 7728
602 2831
955 1447
773 13021
876 3528
603 692
304 3679
146 7861
387 6530
39 6000
333 1113
578 10218
34 11902
852 2147
80 14751
862 3021
105 3478
166 1999
515 2535
485 11433
784 8378
875 6274
428 2153
598 8502
797 7142
390 13678
320 12044
443 4033
351 10234
860 3330
761 11912
314 2598
573 5503
842 12154
275 8247
190 2289
11 69
123 1063
332 8151
698 4981
810 11934
111 13741
382 14318
510 10603
397 7277
783 9578
854 11647
87 12931
885 4672
459 2146
226 131
494 225
749 6984
47 3207
675 12484
158 11744
950 11284
98 6326
694 8214
468 10040
321 458
284 7537
310 10133
92 4126
695 8604
369 2523
113 3401
640 1743
537 8292
520 13737
702 11755
932 8091
165 10027
557 3237
108 5839
129 12760
644 362
712 14102
354 11747
590 6731
843 14881
746 3959
263 111
242 2189
884 10062
117 7574
137 11503
359 13330
210 9691
646 1829
328 1565
651 1650
392 4904
849 4809
500 5117
648 8004
868 1168
685 14348
764 13261
551 7875
653 10442
438 8456
450 11330
937 7712
513 7605
29 6499
298 2908
521 4231
806 14673
375 14472
66 12305
215 13706
201 4807
735 10263
130 3913
296 9467
805 4038
174 14725
555 11900
813 12836
21 12896
936 6580
434 6257
433 1466
455 463
579 999
807 7177
708 8558
462 11280
271 9098
671 12769
514 1571
169 5473
214 12542
127 5788
700 10179
618 4766
645 5279
636 11157
339 8085
170 13454
693 13686
54 1519
42 1136
350 4820
261 12781
525 7113
888 14483
197 12027
348 4870
734 4999
824 10862
502 5680
831 11281
866 7064
8 95
234 6525
815 6186
225 9487
364 8306
732 8135
136 205
818 4722
58 14569
20 12912
808 50
50 10877
270 7578
44 7576
633 2599
300 6839
528 10384
287 11071
477 13421
662 10759
362 4800
945 9864
288 13237
407 3444
506 3990
38 10708
701 3470
143 5643
83 11145
257 6349
60 8419
6 84
292 2358
208 9271
135 4931
243 11416
663 7168
777 9838
418 12666
776 10549
688 3942
512 7414
213 3666
473 7237
188 12171
855 6381
317 9174
873 14090
2 4320
93 8611
891 8175
171 6412
30 6969
216 4001
110 9290
84 5939
736 342
228 8637
836 5916
753 9177
395 3118
759 13237
550 13794
754 5613
447 2969
680 14175
501 5251
622 1098
88 519
18 9686
200 9388
289 12875
51 13106
448 8847
176 14628
389 1305
291 11849
826 5672
978 1007
378 7563
280 6388
420 4446
371 13322
122 7463
239 14363
492 11096
539 3176
869 6731
756 9271
498 7833
138 3495
681 12700
566 14780
780 12256
219 9797
411 3899
326 6211
533 11842
196 11214
124 13700
132 11339
62 9309
408 11382
394 11639
365 12974
436 10486
659 3288
704 12364
376 10912
222 1834
726 9612
830 6762
798 6939
696 13252
666 4510
519 14770
141 4486
107 4559
969 1831
404 4488
683 7421
147 5595
559 8876
572 8438
489 6617
142 2383
605 7732
674 7411
789 6212
508 2059
163 2462
881 4434
65 6539
478 14798
5 14756
120 3819
639 1445
586 7669
331 1618
