1000 999 100 304
52 142 3110
0 11 7417
65 735 2246
455 550 6823
2 368 7418
479 622 4204
43 177 626
182 685 847
320 687 1528
669 688 6458
26 263 3168
210 236 3647
257 923 7748
28 80 339
261 704 9852
339 421 1598
48 225 8569
387 503 5363
331 437 7418
432 834 767
283 576 850
834 840 9294
31 956 9339
143 195 1895
242 335 9468
224 412 8727
275 286 3438
325 547 9331
208 745 2028
274 518 7071
206 498 2142
601 625 4588
170 420 3888
47 70 1013
667 753 9841
275 854 1297
444 901 2629
152 249 8996
292 908 2780
52 239 7275
329 350 4496
245 728 4094
265 882 8473
883 974 4369
415 963 1718
20 25 1019
113 378 9566
26 37 2245
175 717 8185
173 897 536
422 958 6799
413 744 2928
41 385 6149
292 611 3247
124 157 7712
681 772 3124
468 822 5709
688 972 6170
93 185 568
113 256 9709
885 970 3839
43 282 9680
137 461 8491
40 58 5793
4 10 5643
309 786 4202
542 777 4204
215 668 9398
2 16 7465
114 165 3739
214 299 9031
655 952 4777
281 582 251
532 746 3711
194 307 50
98 223 7970
14 338 1481
909 933 2006
64 114 7682
205 474 5236
821 856 9066
117 591 1154
20 259 874
654 851 2791
17 825 2130
31 673 3370
281 726 298
39 109 5862
60 178 7909
672 863 6939
0 7 1516
23 650 3225
622 964 4970
332 606 548
58 642 8855
405 830 4072
27 131 7777
190 193 4372
144 203 8871
221 366 5816
109 590 5382
9 656 5168
306 511 57
54 75 1805
34 470 5196
64 167 183
413 826 5315
682 847 6753
433 570 1638
10 333 5584
251 569 3426
136 152 496
77 139 829
17 841 1884
13 567 6892
313 352 8808
223 229 1253
164 664 2200
68 214 5268
505 759 6690
262 843 5208
29 68 7813
272 317 1850
44 110 1196
510 592 6968
408 513 7857
104 319 6745
309 316 461
201 326 4157
88 886 7372
118 138 664
78 191 4826
160 482 6545
741 961 1634
8 76 6770
121 374 9707
22 42 294
171 407 3298
28 445 7875
404 545 3449
171 502 8514
306 696 660
24 85 3896
302 432 9175
9 13 6417
96 530 8373
2 143 435
19 23 5595
101 121 4415
206 314 5379
220 499 8626
207 354 9930
300 593 1935
73 201 5927
14 399 5431
11 100 8301
349 528 2280
306 628 7744
104 228 1131
537 584 8686
26 108 5735
45 71 2031
397 810 2132
521 787 2767
575 813 106
637 755 9938
177 187 6100
95 986 3884
102 147 286
30 262 6471
222 733 7323
135 241 8638
24 29 8759
770 941 6197
8 505 3689
37 220 1856
238 306 4038
91 227 4805
295 623 2157
333 410 8351
19 49 8775
734 757 9572
602 702 5438
13 311 7703
91 402 1054
394 767 2483
801 846 2358
578 675 2682
70 426 945
73 705 3325
659 670 4613
212 486 603
175 597 9828
161 646 1947
433 465 5890
602 661 4046
306 700 1542
144 285 6146
100 819 4541
407 414 7075
299 748 6162
42 98 4121
366 526 9265
4 6 2253
738 971 2124
615 909 4956
25 111 8906
15 295 5835
203 927 4527
168 862 6118
36 97 4961
85 833 809
19 46 9468
129 458 1728
181 272 9023
489 778 1853
495 711 6462
74 117 8387
260 844 1298
186 200 1974
206 425 3668
162 418 9070
763 792 2376
222 264 2855
4 17 7990
496 524 9820
51 90 19
888 983 9167
191 824 805
91 116 7796
493 630 222
133 850 3832
157 192 6101
9 28 3511
560 853 7927
162 251 6
166 280 3887
36 183 5899
254 478 3492
141 172 5118
780 785 8214
24 26 6951
26 134 2220
138 723 704
44 113 7772
126 578 2850
74 510 8280
470 773 8703
145 166 4240
31 133 4560
87 148 1227
891 979 8480
258 904 393
107 217 9718
473 585 9222
70 539 1612
362 406 7941
208 887 5207
370 715 3891
50 794 8137
51 571 7127
743 808 231
134 175 4495
121 501 812
79 762 1702
54 188 7556
288 521 4594
10 18 7245
82 340 1062
3 102 6200
320 612 4583
67 130 2865
772 791 4302
12 151 6983
128 604 4324
131 433 7665
26 81 2974
826 829 8133
29 57 535
208 595 6794
193 356 4378
374 741 1663
36 422 173
292 476 2692
135 384 7220
9 180 4907
134 975 1432
22 126 8943
435 678 8414
191 276 9133
124 393 1724
221 525 3702
484 557 2139
27 56 520
585 893 6576
6 315 4726
240 427 2441
908 948 2779
30 87 3887
194 750 1199
18 951 9322
192 919 2342
730 911 9984
164 648 4077
606 784 844
77 708 4751
526 890 5321
260 313 6739
25 47 3413
131 466 6287
161 278 2904
673 801 6748
821 982 5310
29 48 865
831 978 4444
34 204 3923
626 691 8111
571 686 6252
28 72 9019
330 364 7692
346 580 4131
5 186 544
42 136 734
150 654 9186
807 935 3400
8 65 3662
123 627 9369
49 179 4039
134 761 9872
324 416 6781
371 674 8873
269 381 3861
69 740 9948
234 889 2681
24 94 292
20 440 8222
0 783 3711
163 739 5641
364 883 5354
335 430 7925
330 586 8694
385 491 7980
49 107 1641
343 703 6147
60 351 4646
317 487 4727
224 396 5728
253 556 2257
293 697 772
60 347 6379
328 494 4771
558 981 659
341 859 7004
52 258 2979
176 353 8622
3 732 9000
25 551 2542
250 617 9299
204 411 172
251 462 7981
59 629 9308
784 812 2485
81 415 4756
91 288 6304
490 541 586
253 292 8165
620 999 7154
74 925 90
219 926 2822
420 988 2500
34 140 6457
43 799 3330
508 535 9811
133 666 494
242 337 1571
122 150 4403
673 790 427
228 250 9067
179 401 5427
15 73 1062
2 118 1882
162 312 6097
24 50 3432
67 233 8390
88 655 7520
77 626 6627
569 775 5353
71 83 5547
207 377 7529
63 652 6182
52 454 8987
234 730 6324
31 562 2982
108 780 7739
230 672 2092
596 598 811
52 271 2857
304 807 4330
432 564 9089
841 928 2468
131 464 3555
53 66 3121
470 995 3987
500 610 8535
872 885 8641
57 92 3056
696 920 5789
801 858 2004
46 82 3222
53 67 5147
91 527 3363
1 581 7847
44 45 5435
52 226 4789
122 298 9527
52 125 4418
125 208 3900
126 363 4779
70 881 2501
282 434 3435
777 868 2100
373 795 3393
5 215 2468
10 123 545
5 184 7059
218 367 9242
216 222 3108
766 809 7274
102 210 1674
577 855 4456
400 913 4814
331 515 9357
42 305 426
616 814 4064
34 818 1812
704 860 4794
136 921 3842
4 163 9315
396 866 1484
70 141 8281
173 721 7898
315 754 8011
354 471 6747
198 429 9771
36 161 7339
783 953 3300
237 342 1804
41 355 7617
115 237 718
196 397 756
669 966 3389
164 519 4671
116 676 4777
15 332 9289
532 950 5427
70 127 489
143 619 5976
426 560 464
295 485 8743
211 300 4271
64 451 7829
123 343 2241
84 86 9754
318 322 3192
569 997 155
286 376 4772
71 647 9259
784 967 4947
146 232 1040
26 742 9830
848 865 6503
0 32 4953
88 290 7633
270 722 7592
426 835 9479
9 24 8423
77 538 456
858 957 6045
2 12 9308
11 74 7346
188 523 1758
668 873 4091
407 679 6439
88 546 6157
423 447 9837
85 95 4854
28 607 3247
426 994 7064
713 821 6261
358 395 4976
62 77 1213
761 998 3789
82 91 3248
137 294 5833
123 431 4029
488 875 7106
452 579 8253
75 234 9525
273 400 8400
16 358 8042
524 993 4621
2 362 8153
317 388 5055
760 769 7331
357 658 4157
31 79 7361
241 490 6172
8 22 9968
118 230 1145
400 566 9803
188 516 7786
2 876 8383
136 423 6678
593 788 1160
428 469 8522
146 260 5107
486 497 4759
378 973 6744
2 137 7925
456 543 2267
377 736 1546
30 284 1539
33 69 4047
72 162 7096
153 265 7645
223 468 6682
67 182 6716
86 463 1
11 88 9586
321 489 9047
17 43 4197
715 918 182
543 936 873
295 413 7213
353 553 2725
405 544 9361
40 449 5742
205 266 7337
470 692 6311
309 969 8331
325 533 6493
1 19 4892
80 836 4739
694 946 962
499 509 9887
277 370 9657
110 146 8037
330 428 642
304 522 3087
670 942 5680
92 128 2940
426 459 18
565 632 9739
119 270 9418
22 283 5413
484 899 3905
78 940 2850
310 481 6737
12 644 5087
162 931 1932
364 621 7195
197 438 2308
237 334 7665
164 211 1537
222 965 2908
844 989 4265
492 848 3757
329 529 3904
288 382 1020
17 38 5723
107 372 5020
25 149 6587
18 53 7692
533 699 2424
473 695 9035
30 575 7692
62 170 5805
436 653 7464
222 346 798
571 663 6808
539 600 5300
648 694 9237
660 751 4490
41 360 7478
151 424 554
77 331 7729
26 27 3764
198 330 5740
69 238 8478
431 472 3236
542 888 7346
773 796 7482
175 329 5558
327 766 9585
440 573 5351
248 554 7909
72 158 4167
502 614 1395
38 51 5581
400 404 6534
309 811 8277
258 698 7440
136 168 5187
176 417 2828
276 589 3071
0 2 3437
3 8 4146
12 221 3810
27 55 839
542 806 3194
141 805 7942
722 828 3480
120 561 4997
318 386 1663
91 155 8419
353 765 3831
86 341 3871
773 916 1055
313 321 7222
32 171 5552
6 816 2211
194 240 5581
218 289 4562
464 802 9581
148 303 2801
484 495 940
106 169 911
24 389 4192
366 390 1106
0 603 4462
27 156 8645
58 635 3648
30 202 2635
419 532 1140
18 248 1417
184 254 2580
223 348 9523
234 310 2268
302 738 9890
17 387 6503
340 938 7287
464 613 7187
476 549 2975
705 932 1470
588 980 1222
638 657 2917
19 153 2147
225 701 6142
39 132 6802
8 197 2600
365 634 56
72 78 2957
26 93 1253
388 506 6427
634 756 7718
603 734 9734
7 154 779
75 277 9401
377 398 2314
297 725 1221
378 680 2862
24 145 7953
804 937 5936
345 479 5424
244 448 1314
199 246 242
140 845 1783
562 714 9030
7 206 2979
309 872 7098
123 255 7195
156 884 2181
436 727 6671
234 712 7476
10 14 4336
215 665 7130
26 112 1752
22 205 8342
148 446 8565
555 985 5252
16 247 5894
23 764 6011
352 793 3941
225 279 8626
77 84 3365
779 815 3324
527 651 9598
376 537 8280
176 800 6458
4 273 8014
854 896 9125
90 115 9229
23 301 2346
554 640 5143
498 900 5669
16 30 2685
36 63 6622
578 671 9256
411 616 9325
136 320 7334
157 302 2967
388 781 9124
19 274 371
280 572 2621
41 101 5678
358 929 1493
288 444 8129
70 599 2804
317 512 5729
256 839 2279
209 682 9938
387 895 1286
80 452 9512
119 252 6670
192 842 2316
292 435 4139
386 960 1641
49 119 2223
311 558 5621
555 959 3226
231 713 9157
342 954 3790
289 504 451
356 977 3382
7 41 6271
101 373 2926
31 44 6686
201 235 6472
474 690 794
534 552 6320
90 531 5786
190 325 7519
132 917 6265
139 224 7965
50 103 8957
21 905 379
67 104 5366
163 467 9278
1 345 5048
882 906 9234
17 268 3141
150 189 8644
133 269 7606
187 198 6286
21 36 1402
42 120 6716
430 749 2147
77 638 7264
777 962 1000
155 287 9942
272 939 363
164 207 4937
479 559 1509
509 689 5886
11 662 7808
13 60 6405
199 242 3702
173 731 8545
202 947 7903
143 160 5955
87 823 319
2 924 5236
286 771 5247
161 894 9818
106 144 8162
254 827 1710
1 4 3754
203 587 6386
151 244 6880
21 710 5353
60 633 2682
304 914 386
474 803 2951
440 493 2317
783 838 4190
5 542 8207
638 641 4813
120 216 6753
65 164 7203
657 871 1489
275 517 8596
270 955 3892
326 453 1405
11 64 1169
77 391 3530
279 371 4986
132 174 5319
29 159 7342
114 596 6967
20 33 7153
512 706 8661
175 392 760
190 380 7298
142 480 9185
22 129 1763
60 96 962
365 902 4546
62 275 4631
192 763 3210
11 35 5507
107 514 8343
312 984 9270
0 1 9341
496 910 4087
185 196 2936
646 724 6217
340 357 164
285 309 3162
483 484 5857
6 15 1448
213 443 6383
296 500 45
353 758 5026
44 930 263
177 874 4457
108 231 9093
137 261 8403
25 831 2514
274 608 3740
388 492 7294
175 991 2452
89 457 9328
310 455 1215
95 106 4164
14 594 944
85 718 9849
690 867 9772
406 588 4371
111 243 1668
101 344 8980
117 618 8896
26 62 8701
412 719 8104
158 173 8310
184 659 85
47 304 9142
94 878 8640
19 54 8765
9 729 9124
169 483 6491
433 477 7359
7 456 7925
42 375 9951
342 912 9710
34 681 7914
341 934 4158
232 308 687
179 281 2145
189 583 4777
84 548 3922
70 987 5442
241 328 5237
743 870 5759
205 323 2543
736 864 4747
77 677 8232
227 383 6332
965 996 1278
120 212 7333
133 135 4041
72 199 3507
309 540 4984
174 568 2842
68 194 9434
140 297 6761
30 327 239
6 21 559
747 770 2153
26 59 8181
1 3 9900
437 707 2994
426 450 9021
157 460 1189
36 534 2542
31 34 3821
142 577 9027
97 245 269
149 789 4429
76 439 2965
666 861 3107
493 565 7956
262 660 846
128 176 2877
201 776 986
63 291 200
153 408 2931
466 820 4899
668 720 5537
267 563 6650
221 782 2675
49 409 242
12 20 2266
268 419 6341
37 349 1058
123 615 3852
36 405 8413
192 219 296
143 507 1426
39 602 8793
106 394 8589
262 369 6747
473 779 4199
165 747 6690
0 39 1870
443 990 5113
16 61 4126
484 774 6794
10 52 729
244 752 5940
58 105 4209
902 944 3139
423 442 6543
116 296 1620
36 122 7678
391 639 853
122 892 2825
216 797 595
196 605 6770
96 536 3579
222 693 6683
241 379 6156
229 849 350
64 253 3174
73 473 5123
92 218 6880
116 976 7356
83 852 3883
75 99 6226
384 508 9715
46 837 5285
56 181 1948
197 636 643
454 669 3897
647 877 3323
1 9 1141
181 318 9898
46 267 5110
267 637 874
96 436 7779
134 817 1142
237 869 1346
232 709 5748
396 922 3167
252 907 6908
146 209 519
439 804 5435
418 441 1501
21 257 9348
224 520 1245
73 324 2772
141 624 5594
584 683 2580
179 737 3606
551 684 3368
84 124 6413
144 293 3170
264 743 7878
726 832 1445
64 359 8122
317 631 1049
160 609 3818
309 601 9752
664 879 5028
5 40 8831
436 620 586
75 213 6347
63 190 5146
315 968 4122
161 857 4433
331 992 4677
413 903 6528
165 643 9426
0 5 9703
765 898 3444
324 365 2809
4 645 118
21 31 6340
357 880 5623
400 403 4501
37 89 6457
201 336 9267
160 339 1362
41 760 5234
663 943 6828
344 361 5942
530 667 9854
178 574 5283
367 716 9523
580 945 3089
276 798 8604
297 488 5500
201 555 4847
477 891 1839
547 768 7257
404 475 5840
160 496 6558
504 649 3911
319 949 1409
367 915 5476
768 3305
945 8772
859 7328
926 1336
352 10909
469 6242
706 11423
601 14112
617 8489
388 7876
512 944
792 3497
495 10684
432 6137
308 5391
899 12443
506 968
553 8001
487 13309
341 5939
848 4110
321 7098
834 13518
793 3205
883 3012
313 1865
463 3305
564 14161
396 14174
885 557
719 1136
649 8244
989 13154
460 11645
541 11100
707 10853
847 5859
631 3765
840 1294
912 8479
870 2381
865 5583
871 3792
808 6142
412 2306
393 11239
872 2101
709 8318
316 11042
738 3680
711 12906
683 13368
934 940
682 2524
781 5711
954 8460
979 6617
877 13131
844 8463
492 11637
996 690
970 258
763 6211
810 4609
922 7851
814 9754
765 5023
157 4417
584 2270
192 5922
494 5690
852 7999
811 14825
786 2420
977 9177
621 9956
219 9528
699 12526
875 6444
535 10744
743 405
898 3365
778 2340
960 7459
974 11533
302 1000
969 10438
537 6249
842 7085
520 4762
625 7374
866 1656
774 5768
580 3236
919 5553
557 12931
758 210
489 1875
971 1462
540 3947
