1000 2000 1000 115
413 623 3898
4 58 5584
237 748 3793
420 762 8831
489 765 1390
128 647 270
82 494 5354
124 900 3445
48 922 3060
213 453 3437
165 770 4872
51 437 622
405 407 6672
96 492 9419
45 189 5721
167 334 7046
567 854 1264
434 692 7773
152 908 3672
540 737 1246
123 655 7745
59 273 1316
509 532 5543
521 748 2796
10 227 371
288 677 5682
158 522 1637
239 474 8666
459 692 5636
802 860 4884
673 889 6830
326 564 125
543 839 1419
334 639 3812
52 156 1717
391 471 5079
347 878 7021
23 25 3562
513 964 5604
81 562 3668
896 988 8600
524 624 2859
72 372 6389
36 62 8829
473 647 7272
549 559 4675
64 440 4713
420 447 7419
121 286 2857
16 881 1043
247 691 6278
113 129 6220
75 156 1855
111 240 1914
55 752 9179
191 606 4539
468 694 1804
70 811 2415
534 764 6483
627 694 3238
136 855 1755
123 185 9626
764 934 9645
346 890 1633
195 290 2066
548 641 7562
176 195 9798
133 866 6606
40 213 345
42 938 2058
11 18 6410
154 735 4066
53 211 5174
534 850 1364
326 675 4621
267 714 3807
453 954 6809
714 744 4819
130 207 9500
138 537 4775
523 766 6851
37 138 5580
869 954 6408
139 157 3817
52 69 8440
141 636 8793
201 844 7063
208 494 8330
204 761 287
478 856 5676
244 810 6683
117 630 9610
333 583 4610
153 324 9583
670 979 5241
294 383 8321
256 987 3558
55 91 9155
727 828 1330
163 180 7764
16 28 3382
153 608 7267
696 794 3859
123 472 9532
239 655 2070
149 800 2507
230 415 5036
251 536 7904
436 796 2047
330 731 4574
30 604 9232
62 63 8093
255 349 8303
151 962 7440
201 325 5017
702 809 3342
69 113 6011
35 501 6378
30 669 8159
142 458 2308
177 717 7635
193 840 3671
90 986 1884
13 541 1282
14 220 2812
178 386 4236
232 648 1697
243 302 2898
19 487 7668
797 866 5535
225 360 3597
822 826 7079
637 768 4980
585 709 500
669 849 5252
16 37 314
389 533 3031
602 939 4756
60 171 1164
44 925 6068
610 803 5763
123 743 2101
418 903 4962
169 605 7750
57 60 1716
71 121 7628
118 342 8833
57 201 4043
783 885 8738
360 796 6408
420 702 1909
401 570 5543
144 944 5940
70 128 3548
381 956 7702
1 314 5316
96 739 8135
98 548 3920
219 572 3966
536 769 7504
0 138 2840
4 9 4060
690 812 6091
42 662 2000
96 990 5515
25 110 78
408 893 1316
202 249 2866
234 923 8758
139 221 6969
9 13 7545
415 423 5900
177 760 212
400 687 1152
550 581 1226
48 57 7143
262 575 7157
712 934 2765
246 679 1830
796 989 8901
375 537 6433
198 234 4855
175 210 4624
329 990 5273
211 374 5147
432 444 8389
408 886 8820
33 107 6049
573 583 5368
778 974 7397
263 408 1853
941 994 6000
247 318 7738
437 924 1448
57 342 8276
49 138 5408
166 789 4724
524 912 3330
618 842 2375
10 998 3241
396 955 2789
308 620 8799
186 190 9730
110 340 5054
109 791 5534
64 108 7672
82 255 7373
153 683 4478
64 377 2853
353 607 826
436 869 2520
118 125 385
270 559 1001
685 802 9100
253 329 6581
37 877 6544
25 724 4
477 842 9208
514 792 9790
303 469 7298
258 521 671
493 936 9180
637 915 3096
225 801 9827
428 508 837
56 372 1760
369 847 9960
155 163 6196
317 492 9459
173 525 5459
541 970 4116
177 256 635
374 982 5045
530 830 2876
164 185 4153
185 852 1187
167 624 6339
417 461 551
832 941 5311
14 17 2637
387 648 4289
669 947 5911
28 55 1889
167 186 4615
34 179 8466
14 114 3071
494 638 4484
305 758 862
758 966 946
32 124 5711
407 933 7993
438 602 6509
79 918 1463
82 88 4441
741 932 7600
459 906 7602
242 915 3798
496 558 3118
31 223 8493
237 934 5892
128 913 2401
632 870 2682
177 335 1430
461 926 5245
268 603 2358
117 253 5873
683 779 7138
689 951 1828
306 618 7283
93 367 4385
572 579 9292
308 320 1631
267 423 1540
430 925 6236
760 794 9048
133 433 4617
200 399 2619
360 661 3205
40 154 2429
767 992 4203
443 620 9107
230 510 6112
166 357 9692
205 581 7493
711 738 1068
61 740 3984
98 993 891
30 106 8320
19 92 1295
95 276 7961
85 172 8205
125 618 2920
7 724 3963
173 336 4611
333 350 3199
558 568 7555
113 624 5340
336 398 3695
833 999 5775
492 986 6620
796 902 4558
447 697 9070
311 583 7023
119 225 3823
138 702 3666
744 938 508
134 839 1308
89 273 4918
370 777 3484
60 243 7138
362 904 151
39 151 9356
84 645 1262
458 690 4452
0 47 4780
35 287 8941
664 701 3355
2 14 2708
129 258 9343
108 191 8303
302 461 1514
532 951 8646
849 973 7805
9 166 8493
83 649 6061
376 779 5468
869 965 1013
457 739 8889
722 866 7922
672 842 4286
476 616 8778
114 786 387
267 340 3379
41 53 9660
270 419 1022
175 328 5732
142 247 1923
254 579 3843
4 812 9107
239 687 7940
816 821 7071
651 920 1368
341 929 4741
117 154 2776
5 192 3391
463 703 4831
77 146 5322
101 760 6254
686 726 9158
72 666 8737
377 745 4572
247 268 8305
338 369 4998
529 646 7561
163 276 8451
419 574 2139
374 747 4034
211 629 3804
569 906 5647
569 672 1199
259 653 4615
482 797 4625
324 332 6574
570 732 5223
85 224 7300
26 526 9750
162 820 8733
9 639 9094
254 993 8489
59 822 6813
273 930 2327
4 840 4359
102 251 7280
288 463 1359
222 288 960
173 791 1359
143 214 6275
702 961 9098
558 616 4548
287 513 8471
91 532 3329
415 956 8878
747 824 2022
873 952 3949
99 117 9424
204 922 5678
210 787 6442
456 949 2497
58 122 2380
57 215 8389
15 966 874
345 535 4994
224 647 2653
705 882 621
140 204 9706
89 397 3437
263 370 2310
59 317 4436
68 543 2588
29 323 4956
176 804 814
137 347 5513
177 589 1066
595 947 1876
19 298 1747
425 725 6609
640 688 6310
11 617 2618
225 550 9023
13 65 8731
333 457 8611
280 864 6687
473 648 4433
77 860 7155
527 753 2896
242 290 5265
18 542 124
792 993 4140
658 908 5722
71 143 7333
14 523 6251
675 735 5154
315 931 2484
115 482 9497
3 95 6539
0 20 7277
300 614 4106
6 389 1391
413 709 2030
132 989 9716
42 567 6072
1 3 5342
180 670 1315
358 381 3914
803 962 8127
662 906 1535
505 863 3843
389 907 7250
36 268 2161
22 89 2010
247 495 3339
472 556 7704
191 777 3862
474 523 2229
194 656 2262
395 763 1659
747 870 2709
487 793 6462
110 645 3835
107 496 9720
150 485 384
41 169 3950
355 892 9482
710 978 2528
165 635 5345
51 100 9958
88 96 1063
154 792 5641
829 900 5667
341 706 3750
605 768 2024
296 297 7266
18 24 4092
539 773 5323
302 699 4879
799 952 2377
357 601 2041
533 871 9392
223 626 6675
798 848 2340
374 969 1697
459 604 9262
245 471 1589
123 599 1242
307 914 2938
517 939 2642
592 746 765
73 422 7263
354 431 5406
54 103 2053
297 461 1703
863 978 7531
134 374 941
68 888 7218
0 339 332
126 291 8743
186 291 4891
249 278 6015
718 857 2768
45 105 9212
815 862 6881
477 856 386
556 722 7415
84 109 8433
145 399 1738
1 2 8570
706 770 8554
882 916 4796
101 149 2854
611 657 985
34 302 8550
23 569 8709
274 351 6152
48 832 6736
344 503 5656
132 460 8127
262 527 4307
125 257 2926
177 389 3292
13 980 7568
256 383 22
702 739 3543
361 556 9748
165 803 5104
328 869 452
45 71 3275
173 611 2121
299 971 1423
132 167 1784
108 779 1465
181 468 1945
60 133 4280
426 835 4836
64 845 3205
248 579 9447
125 135 1424
670 770 6655
127 356 6201
7 904 8283
182 770 9466
803 866 9549
688 774 2984
433 824 9151
67 750 6632
205 539 6858
80 261 7223
228 246 9651
323 353 7761
396 974 1062
83 436 5075
34 545 1103
176 493 9559
439 743 7842
110 256 3205
289 991 2607
119 149 8432
45 612 500
314 392 529
753 883 3630
788 890 3612
80 274 1886
48 410 3562
2 29 8795
298 506 7558
388 739 6618
228 293 4857
377 975 7177
229 619 9555
283 920 7659
93 703 9281
180 971 4152
249 295 6132
648 980 5983
157 158 751
40 684 8828
910 998 1227
275 374 3795
405 446 1747
229 977 6285
149 451 1194
61 656 6088
100 355 6321
11 637 4753
66 893 7013
221 999 4851
320 943 4957
231 373 8251
236 863 2522
444 996 7714
321 820 3228
169 772 5239
47 79 4822
82 397 827
7 42 9677
261 334 2098
82 873 1344
673 749 1724
57 513 1593
226 997 2166
379 535 518
83 132 5744
709 806 1895
100 933 2810
600 729 4719
36 354 6156
371 648 8932
166 555 4579
70 249 8146
257 924 8963
396 951 7426
176 242 5613
155 426 180
230 963 9646
175 212 1938
122 321 6143
156 783 8615
509 979 7288
104 378 6049
519 948 9581
8 793 6024
46 307 8766
34 454 3557
14 23 4075
121 338 1139
23 873 5679
723 727 5614
886 894 4208
11 276 2657
323 625 5308
738 759 1585
743 869 465
95 337 7586
502 907 1270
265 622 3470
156 712 1327
152 838 359
352 432 2818
520 993 7779
149 220 5622
250 767 6607
18 78 8919
136 468 4667
160 984 2840
92 241 2872
132 566 2699
694 721 9519
102 700 6772
552 597 9695
267 611 7898
677 710 7789
690 751 1074
747 896 7994
600 707 5196
33 422 746
113 813 5803
367 429 4508
642 928 1241
668 931 7249
54 450 751
109 346 2616
66 159 9554
298 489 3529
334 985 6184
192 327 2841
170 250 6151
529 738 4898
121 788 9141
136 995 9969
875 947 3688
293 954 715
65 899 1182
589 953 782
329 758 8531
437 696 7527
33 343 2761
172 187 2743
279 962 4597
290 437 217
110 336 724
158 689 5808
228 499 8604
308 565 7501
48 104 1591
596 876 2717
113 767 3337
41 494 6859
182 634 5541
33 194 3700
249 475 6805
99 498 7553
708 732 1461
256 299 8286
122 852 9713
671 767 4286
2 919 2066
352 371 7762
508 643 5385
661 788 1183
732 769 4246
364 501 4106
100 558 4
49 945 7254
343 781 1195
117 414 4295
124 491 362
847 907 7538
366 751 3525
383 701 1375
4 281 7331
3 333 1917
48 120 2980
152 362 7625
116 205 6668
575 708 1625
762 873 9324
319 932 512
118 294 8240
184 639 6215
341 979 4375
425 764 1975
556 883 6783
169 170 6882
179 509 5174
332 841 9909
24 186 2701
260 277 8896
130 993 6183
496 851 5243
729 918 9517
362 573 6246
644 853 1794
289 591 2912
508 827 1050
161 238 2833
485 805 1120
25 303 8986
608 896 6313
629 925 5132
109 647 6301
323 633 8769
247 500 9540
827 903 2422
310 943 339
246 829 6295
559 831 8901
3 596 6698
37 740 6596
345 561 7944
406 713 7534
554 815 5615
97 174 4538
107 448 3226
316 672 3238
15 964 8310
15 880 694
7 704 410
33 507 9850
298 405 1694
397 538 4123
0 475 4413
337 808 1602
20 36 8272
5 175 2772
80 443 8574
706 759 9379
612 773 9302
312 836 9338
666 703 9623
170 388 9839
455 675 6079
526 557 6214
582 822 9279
531 730 1923
499 744 8075
689 880 6633
138 818 4397
357 455 9657
290 669 9799
215 306 3775
2 19 4338
531 580 9908
352 702 3039
318 391 8412
350 492 4903
0 5 6539
189 564 3924
84 217 6405
26 758 1107
65 230 3266
187 511 4188
68 598 9896
3 457 9720
309 664 9162
399 594 2853
265 578 5342
489 754 311
36 977 6179
98 360 3759
79 109 1889
72 123 9325
423 629 9933
3 75 8739
193 616 2225
66 128 9690
650 873 8604
28 351 8687
487 556 5605
90 403 1495
194 365 4681
442 876 9160
1 222 4310
201 208 8670
11 74 4859
154 892 7907
759 849 5824
328 380 728
753 868 4131
16 30 1491
95 669 5678
270 625 2293
23 272 8115
378 868 7851
431 651 2209
61 476 6293
3 283 2125
623 674 4838
1 7 7602
235 466 462
207 979 2248
144 170 6786
562 755 469
32 897 7329
244 483 1728
271 424 5707
115 188 5913
608 814 8197
338 421 2010
613 881 7380
20 368 9371
19 43 5864
98 619 2939
11 70 1931
1 943 4901
280 848 9445
130 209 7387
718 808 3787
70 917 7862
722 736 9264
9 438 8897
568 575 207
258 478 3017
218 219 6423
840 980 3552
574 878 5562
26 93 8338
34 299 3116
21 660 9819
169 457 2255
147 985 3569
191 549 3856
360 698 3491
821 898 3081
58 365 4684
342 553 8896
49 76 4679
49 418 3218
244 621 4114
339 564 5632
282 920 3801
226 874 4596
35 141 114
18 279 4743
273 482 1003
422 508 8747
416 499 1203
711 971 4839
90 767 3880
232 464 7842
199 264 1138
367 881 4036
50 772 2496
264 841 9919
641 869 5354
338 499 5296
137 320 4404
238 891 7314
456 996 8731
705 870 5986
151 223 7463
92 333 8374
187 417 1842
479 531 7886
74 149 8455
326 497 8675
13 50 9259
628 860 7869
148 344 9331
554 653 6199
335 346 9845
525 699 6048
644 949 9094
68 137 6993
3 4 1284
378 678 1957
173 229 4583
618 641 4435
14 841 7523
15 182 1157
142 273 1878
437 505 3066
57 523 2930
11 21 2898
106 127 6257
162 308 4837
531 771 4344
382 847 1476
488 839 736
420 807 3300
253 284 4955
402 486 9007
181 811 6571
508 640 136
769 946 6362
149 483 6406
396 551 1063
307 975 1952
78 728 9067
90 91 9945
414 609 7419
723 834 5159
11 316 5215
21 32 5116
182 666 2093
424 440 6649
755 798 3731
133 430 9134
335 829 2204
842 911 2499
162 368 1169
45 947 1754
32 346 575
170 901 410
144 921 9112
135 339 4134
23 833 7149
16 480 6754
370 930 260
68 714 9929
653 761 3518
171 866 9800
317 512 5201
106 708 9306
297 314 1242
557 860 8530
36 77 9681
653 658 7150
159 228 5844
294 718 6619
759 845 3897
609 858 3682
318 881 4799
158 457 7111
482 561 1333
659 930 8103
552 650 2288
345 464 41
505 780 6313
359 644 6992
112 637 3094
433 572 3613
504 590 3038
487 708 3556
94 438 331
108 765 1499
147 250 2830
51 601 1520
555 591 6721
388 453 2853
358 803 5541
260 287 4342
8 26 2722
176 216 7667
140 949 1146
194 257 3730
31 426 2317
147 608 5774
218 955 7609
495 900 4654
554 924 824
63 697 1376
393 593 8698
151 350 7168
593 659 9578
440 462 9778
235 874 2989
328 426 2842
168 818 396
235 262 5607
459 954 7388
274 859 6985
154 868 3950
710 872 3904
430 920 1956
12 94 5139
19 363 9711
147 310 6639
550 596 6680
52 952 6149
803 832 8817
402 479 7770
202 885 3412
28 701 8577
59 601 8218
69 425 4953
354 439 5526
5 136 6861
47 373 7866
238 791 9171
846 913 5925
199 437 6739
271 873 236
134 176 6554
165 412 5585
43 354 4883
323 580 8250
365 863 8405
294 615 5369
86 517 1241
339 956 7797
352 461 9176
541 939 5564
170 555 4716
35 725 1383
73 580 9643
162 217 1514
114 645 2255
199 625 8813
383 532 8305
321 413 6704
324 721 9138
97 735 980
98 757 2426
76 305 3573
510 601 8711
425 554 6775
493 627 7117
788 847 6843
232 978 9353
113 119 2042
161 296 3321
24 86 5042
131 147 4088
338 453 5407
631 674 4759
57 822 3118
394 810 2207
265 842 681
202 235 3160
511 812 5285
146 659 2032
141 517 6113
80 846 4158
31 45 275
1 904 8554
100 520 9595
491 536 4215
167 924 9598
451 800 6904
106 570 6740
27 986 1465
294 409 5739
52 64 9138
267 387 9950
577 929 176
695 895 4633
35 49 4013
328 922 7773
0 1 7594
200 236 9892
745 812 3908
259 467 1527
530 950 6970
148 998 8913
444 642 4446
142 571 8133
89 173 3485
116 188 3479
129 263 5639
196 626 8700
5 72 7773
230 711 1034
466 877 5743
67 529 6944
661 856 9009
184 552 9597
158 515 1498
28 80 7796
459 571 4292
242 808 9105
191 856 1859
310 398 3100
492 952 9360
226 244 3055
186 851 9854
35 986 9384
69 108 6521
39 863 9008
254 471 9601
314 587 8439
793 914 4554
672 682 789
113 292 4459
826 920 8295
162 961 7464
822 954 1859
114 296 150
526 898 1397
27 33 4044
221 282 339
103 441 6730
485 584 7605
93 97 6910
588 927 1539
754 843 6799
11 163 7422
250 754 5481
191 199 858
126 733 4817
211 663 2699
183 539 5727
207 866 105
296 610 5481
410 621 3773
200 983 9025
289 480 7676
77 634 3198
241 385 5237
18 912 2669
20 126 4276
460 492 3970
22 627 2498
200 954 9644
2 39 1144
477 502 5629
933 966 9109
398 718 7848
273 305 2142
40 521 4065
137 155 7348
23 715 8863
601 802 6134
170 514 2076
76 709 3559
852 893 480
90 652 2303
159 403 316
283 454 3541
211 524 2135
302 921 4710
237 688 2837
609 888 1685
12 16 9913
75 775 9903
135 740 9103
258 734 6863
187 518 6464
290 892 752
45 68 4692
436 514 4446
309 973 1565
415 641 3096
13 495 2921
159 441 7340
17 716 8049
64 131 3348
455 906 9809
199 789 5396
81 370 3624
325 427 9240
9 139 1525
841 844 1322
273 490 5025
666 916 1496
129 400 1619
432 540 8698
46 115 6878
265 299 9914
560 619 8044
265 519 6528
522 934 7984
70 250 827
9 41 6970
834 855 921
313 487 4238
369 815 1267
9 528 7991
34 102 5245
527 904 2813
32 46 1829
82 180 2719
31 63 4283
249 275 4495
570 972 199
502 513 8510
2 59 1282
218 389 7240
5 8 866
18 285 1889
479 947 7384
215 260 641
453 460 6339
295 490 3601
271 712 4794
204 578 4229
772 995 8433
525 816 8983
297 648 7497
221 933 7143
5 870 8353
571 576 2717
306 506 1733
220 802 2936
377 677 3730
262 374 631
726 834 8901
210 650 6360
91 330 5382
719 951 7069
86 835 304
377 379 1548
692 995 3744
167 622 7045
96 699 5239
853 940 8818
263 742 6757
278 936 3327
298 352 78
31 38 5542
9 144 6989
186 611 6472
317 655 5989
73 538 7041
632 857 1155
794 898 2753
205 910 7040
235 404 5897
183 965 2381
242 546 781
46 250 1481
129 144 839
262 534 2712
246 358 2403
403 597 4035
248 474 2907
300 375 7386
636 960 7715
391 634 1968
75 322 8078
139 181 6060
17 733 1029
279 979 8947
63 403 8209
220 727 7516
76 300 9979
531 836 7557
23 198 3926
629 865 280
646 767 649
399 543 4007
284 352 4681
107 654 3265
130 140 7661
412 833 9047
288 554 2930
315 493 6733
31 648 3258
152 163 6133
615 979 6557
187 411 8323
444 711 6614
41 664 5494
303 822 8430
52 582 4221
279 447 5703
60 424 9988
188 248 5652
52 718 6446
514 763 6179
179 642 989
185 216 5319
63 111 9924
195 516 1069
295 589 8623
150 253 9259
263 269 2343
184 413 1627
345 670 9732
123 987 4432
71 131 9382
320 570 531
206 525 7403
562 783 7970
97 99 2064
649 850 2220
442 853 733
8 197 9090
41 428 2140
73 463 9724
64 507 2389
57 193 1789
1 10 1994
431 705 7980
26 723 7190
339 906 9295
42 443 1801
855 971 7513
207 648 5099
731 869 5929
174 198 2354
96 610 2259
581 690 9056
465 543 4526
386 452 1362
239 411 8570
107 306 4499
327 742 3654
113 345 2575
287 314 7839
54 331 6516
52 224 4383
29 739 5658
623 670 71
238 967 6465
390 575 821
44 56 7762
342 758 6209
711 952 9004
20 22 1928
33 48 4869
463 558 5899
146 206 3252
172 683 7294
65 101 6367
118 954 8593
361 393 746
162 808 1701
350 669 3497
101 621 8175
83 90 5384
198 216 1749
159 266 4122
294 638 6669
506 749 97
185 872 6445
321 538 275
747 795 4621
382 678 4658
761 790 8528
55 989 7029
197 245 6432
262 304 2623
300 705 9248
136 906 1076
107 530 4208
9 177 7959
191 442 9533
928 944 8245
235 465 7997
647 833 9447
417 882 6867
78 134 9926
534 690 1455
47 152 4068
280 546 1251
2 84 1493
28 600 2562
202 231 4623
173 242 7877
70 300 5416
88 552 1293
11 434 172
182 226 7999
403 554 8555
106 864 3598
367 772 3693
308 385 8558
58 905 8136
122 377 8637
74 981 7419
149 626 9173
267 303 9223
61 705 5819
399 487 9005
178 673 6167
550 925 3345
349 913 3392
746 964 1385
605 925 6698
466 891 5253
234 843 8165
517 578 3589
495 805 7217
591 944 4097
219 485 473
361 887 6682
252 254 72
477 958 606
62 532 182
392 657 7126
279 671 5320
348 706 8781
515 916 5521
510 644 4261
621 673 3602
28 401 6036
60 67 8594
302 571 6371
410 449 2814
141 484 7426
557 674 816
854 947 7903
26 411 6033
172 924 6718
286 297 624
54 311 708
282 547 496
393 478 2306
36 39 839
130 147 7641
722 868 1759
26 814 6876
132 315 2202
297 673 9070
55 203 9930
61 852 5852
495 603 3700
186 301 9502
113 331 1046
40 51 6754
759 767 24
246 563 1829
217 719 3333
174 565 8216
120 142 4092
532 937 4319
586 825 9923
228 334 6618
394 583 9196
237 710 2554
54 493 6556
3 73 7317
217 477 5380
36 644 8236
677 993 2180
141 425 3707
638 962 9734
184 312 6734
132 361 9502
294 363 2124
60 202 3359
178 184 7080
184 861 2787
393 975 6352
4 951 10
438 555 6501
75 668 1616
406 841 1028
269 632 302
202 949 2957
113 366 1091
627 752 1558
63 435 7625
146 796 4120
23 98 4338
103 942 789
106 885 1645
484 670 4660
73 485 1544
314 645 723
352 771 3841
232 543 2379
719 962 8176
584 642 254
361 974 1509
677 898 6907
171 831 8206
48 712 6330
848 987 1179
123 313 7832
53 976 852
409 470 6864
28 327 1527
352 706 4618
176 671 1660
220 420 2852
87 626 3984
100 676 7551
391 799 4147
94 744 4050
250 293 8030
45 741 7572
39 595 6624
87 116 1951
420 753 6979
232 883 7674
256 981 5112
8 14 7732
37 393 434
154 380 1211
51 786 9552
158 196 8945
163 895 9623
462 726 562
0 59 890
121 406 2371
26 31 6706
455 792 3057
553 855 6669
401 952 1904
680 773 916
188 435 1079
544 674 3610
55 778 1747
62 583 9301
707 908 6916
103 931 177
8 523 2677
263 438 4705
210 381 4895
137 544 7387
59 295 9748
808 964 3838
527 900 1519
4 162 6020
121 326 319
491 712 6760
466 837 801
199 959 4708
135 677 7083
375 818 7710
142 784 2520
343 923 268
568 935 2432
745 780 178
63 682 7963
193 455 1227
420 433 38
425 905 8801
106 155 9866
595 638 1651
85 335 2412
111 239 8740
167 759 2522
277 376 6827
459 655 1420
713 967 257
302 517 586
44 994 4568
247 896 1852
321 995 4560
524 960 2493
308 678 7276
115 799 6667
35 143 6466
474 673 17
174 379 3418
39 81 7826
112 426 6163
229 958 6820
131 483 5043
299 347 9535
94 178 4250
374 397 4594
27 390 719
254 723 2393
107 704 2405
239 409 854
302 613 8246
589 950 6844
32 886 8117
242 698 5104
766 995 8096
463 646 2242
489 988 6730
339 892 5230
238 478 9618
58 733 8068
80 271 3573
719 760 1282
147 680 9546
357 433 935
214 481 8581
422 424 8704
528 665 8706
5 11 7791
385 608 3699
44 952 1445
327 516 7699
588 683 6525
7 475 5534
18 355 3983
402 472 6519
360 687 713
163 672 3313
386 869 1207
7 394 9490
375 911 5325
78 157 4868
586 743 9231
232 402 8614
6 12 6111
370 997 3578
648 812 2420
261 866 6069
543 877 8470
396 988 8243
429 823 3896
257 577 1953
67 203 7611
117 663 9373
173 466 389
264 646 8954
28 538 5272
66 87 2712
145 918 2683
393 421 7680
300 704 2402
393 469 1797
62 865 1946
981 983 7415
92 884 4725
521 642 2420
621 957 3430
257 314 2779
373 809 402
46 82 8480
159 212 6820
257 419 4048
33 718 8373
97 268 7275
789 941 2009
269 406 5949
74 81 2012
70 801 2197
121 218 8168
161 875 3080
104 512 368
544 559 2568
161 356 6261
512 821 8388
748 924 3634
90 143 3021
208 414 1626
401 765 8837
15 44 5025
154 649 3272
19 118 5744
35 819 8604
59 488 2370
124 153 3349
498 706 2117
201 319 5974
33 164 2608
27 259 7364
463 477 3589
875 988 3367
83 100 9866
385 508 2132
428 978 9059
150 863 4000
129 467 3561
323 861 3954
698 820 2032
747 844 5684
260 308 797
35 793 6628
330 895 9023
559 584 2458
520 547 814
255 998 6680
332 851 4015
351 888 7513
596 644 9866
567 637 2257
181 940 3073
453 790 3190
396 521 5830
247 721 8202
642 691 8809
376 464 2128
113 121 1228
336 368 176
300 657 9923
589 676 6638
63 130 8545
671 792 6429
43 612 4428
790 949 3430
466 615 440
92 289 7878
725 768 3357
341 628 8764
33 265 7443
502 542 1163
279 510 6295
26 456 5226
91 853 1979
258 560 1731
318 384 3236
583 594 9868
267 473 3605
783 972 3880
159 694 699
499 593 8064
333 355 9343
634 862 2063
51 351 7103
266 550 1997
239 588 7658
868 937 9899
663 832 2419
255 500 9347
161 310 3609
327 349 2653
784 861 1039
651 665 6356
296 851 3513
397 570 6427
33 524 327
195 690 1384
501 738 284
342 502 5848
153 325 151
6 40 1684
99 593 293
305 899 1272
400 549 1840
35 115 7704
199 685 9724
90 211 1408
265 553 4637
777 795 6854
409 584 5067
76 207 5291
138 735 2168
131 160 1564
125 150 4140
82 165 2221
11 987 9512
580 883 7248
235 512 7138
32 145 8216
94 665 9504
15 275 2203
684 823 4887
488 500 2358
0 34 3666
600 695 7516
111 341 6162
190 652 8884
340 854 1803
8 164 9485
343 876 8326
287 523 2754
85 497 9948
114 161 3736
468 720 3254
410 523 7351
286 586 602
23 223 6642
23 384 4795
33 592 2980
495 782 4872
517 761 8742
104 148 6603
223 893 789
17 54 6579
13 27 7853
761 830 1415
906 931 4728
113 496 5484
935 984 6930
272 790 627
259 364 9906
782 981 5738
441 882 9277
788 987 9086
352 395 238
642 694 730
95 392 1811
630 785 4406
292 776 2220
141 504 2350
46 224 3413
181 562 5046
1 159 7103
97 710 3667
403 992 3691
331 421 7419
684 686 2350
70 315 5189
34 315 7080
269 325 7327
435 651 5967
716 772 9876
641 844 2727
158 973 1378
201 855 7798
101 133 5604
22 695 6270
692 738 6967
444 788 840
216 451 1539
70 168 3411
241 756 9151
71 875 547
100 464 6073
408 872 8738
320 529 9827
732 842 628
666 968 3649
62 534 6417
2 370 4234
842 912 7312
65 195 461
516 758 5233
610 621 6229
409 589 7539
227 233 204
183 810 2113
259 631 41
129 614 5185
324 344 8721
26 33 9930
470 928 7520
145 359 7495
146 267 1463
109 667 1905
28 456 6805
346 889 4661
14 478 4199
717 962 2673
263 323 121
478 934 8624
502 881 8268
15 66 1314
77 232 4416
200 243 7030
818 957 9505
808 941 4048
470 614 7947
77 83 11
219 884 796
20 87 3516
38 174 5413
0 200 2793
120 415 4605
496 620 3969
455 770 4201
8 15 7410
76 985 3451
49 61 580
533 693 8221
400 596 5322
62 139 7330
169 594 2179
31 981 3324
103 476 1212
639 696 1142
582 726 8977
777 917 2356
542 901 9618
2 52 8249
781 793 1130
297 784 1925
10 25 3670
452 479 921
682 965 3239
567 712 5270
94 241 7299
532 696 6239
762 817 7998
617 646 4194
313 585 7018
120 336 6188
68 225 3093
609 794 7919
191 415 235
82 85 8056
54 554 4564
440 809 6868
66 596 2133
270 338 6725
711 894 2754
139 270 6929
146 169 2108
670 674 1477
293 804 8365
5 6 8995
529 617 5256
81 641 6864
136 730 8674
374 830 3955
487 859 8250
240 499 8315
95 462 4616
114 864 6987
175 324 7119
338 565 1363
435 809 11
260 805 156
16 309 1153
83 308 7143
13 416 9197
866 892 11
78 83 3767
630 669 8578
231 713 3797
239 509 8762
443 599 4257
13 642 1922
555 997 2867
120 125 713
306 909 4607
1 83 1722
502 867 5153
394 865 2695
730 785 1424
6 112 2596
234 634 3433
524 965 1357
134 566 498
101 280 6121
585 879 5485
259 348 2767
5 35 1082
265 539 544
107 370 8814
106 252 9072
88 681 4414
445 886 6642
40 890 4932
73 157 1131
78 396 8691
110 631 4068
87 382 7973
6 220 4160
507 940 6591
410 459 9496
695 804 9232
322 625 8557
92 805 456
116 206 4544
118 302 2069
143 817 5982
129 785 4001
8 237 191
351 664 881
16 465 6107
558 728 5805
468 577 8610
524 938 1
67 183 7214
289 582 9278
185 659 1945
605 814 7912
13 190 3888
339 417 1342
391 560 2707
792 923 8433
210 484 1385
529 694 140
105 586 2815
223 615 7058
724 911 4462
375 545 1031
316 467 4627
25 445 5347
206 991 3688
203 957 4096
41 168 1165
24 389 9245
270 302 8
149 935 2263
173 422 5469
171 246 6484
623 732 8029
705 835 3092
422 755 9188
715 763 2338
295 744 5407
280 321 7040
357 649 104
77 329 8795
2 352 356
124 773 401
247 326 6135
275 782 5389
266 318 2471
143 563 927
417 615 5760
357 478 8065
332 982 6290
507 970 4499
602 824 4762
331 955 3591
65 288 865
71 353 1896
820 859 1240
807 936 9545
212 10944
777 16
266 4102
870 12274
747 13296
38 13260
615 6617
228 10687
446 4479
429 5132
257 12589
334 2076
600 13038
41 11169
613 434
688 6610
433 2036
741 773
761 7264
439 9795
674 11780
423 2885
307 4892
867 5353
570 3981
946 7206
810 5469
242 8737
456 13081
225 88
55 6333
899 7243
245 10878
230 13430
76 2481
894 7348
527 7655
29 11457
556 3521
129 8424
530 14957
426 4248
63 8039
455 12859
944 9707
590 7337
125 8057
700 14924
940 11879
603 1312
795 5251
835 3205
39 9050
287 11050
180 5914
471 5954
778 3607
241 12048
51 3849
167 2167
65 5896
850 10584
551 5646
828 3203
403 7458
897 11424
921 6103
351 9232
67 9151
901 4731
825 5067
115 14170
873 2739
692 880
817 9074
453 4343
360 12085
457 14086
315 4447
215 3388
14 1952
1 13812
519 14065
676 2531
444 5880
780 4991
666 14879
797 14537
148 11876
413 5813
943 6712
121 4098
720 5526
85 11590
806 12475
226 13113
569 5946
689 8589
948 11677
432 4186
918 3234
684 7235
541 3736
89 2281
375 5505
251 13268
953 14607
475 13676
969 7162
651 5683
24 585
579 1169
181 940
344 3452
303 14884
920 11861
769 10372
532 6383
100 14506
122 12455
288 1044
275 3274
865 418
188 13700
734 14391
858 4862
916 13472
800 4349
45 13480
830 1247
156 2968
279 14758
972 7457
981 6814
270 6466
706 11582
685 2913
311 5477
986 5007
411 1464
561 3056
295 6879
781 7401
809 4271
951 1792
185 11002
683 2315
394 9447
445 11629
154 4960
848 5593
164 720
95 12791
976 4709
646 9462
491 7238
261 309
757 7325
64 14991
193 7284
418 11698
447 13738
583 6102
820 10363
92 1240
832 12775
576 8629
678 7761
965 13349
128 5671
619 405
487 2564
12 4783
20 8972
140 11973
751 14062
595 12970
555 3637
105 7924
725 4646
293 1445
191 2903
27 14971
278 10185
544 5627
389 14356
843 3579
500 10253
869 1442
81 12336
730 6915
53 6976
592 7663
106 2850
103 11756
609 14044
425 9873
665 2065
553 2873
790 6870
116 10088
176 2245
362 4308
290 14868
537 8961
308 796
839 12997
994 9969
277 8338
219 12220
893 7656
773 2194
182 970
914 8689
260 8892
503 6296
406 13848
2 12868
60 9426
46 4648
923 2809
494 2565
701 4722
978 945
588 1616
801 13212
710 8212
19 14448
8 5241
419 8241
886 5389
292 916
409 14947
328 2322
912 4864
68 2692
424 3825
617 2401
724 3688
575 1722
738 4020
767 2744
517 6849
383 12189
465 3301
932 12523
712 4852
793 195
124 10693
936 5390
902 5623
523 7672
223 14270
993 6272
66 10124
982 8047
112 962
913 7811
766 5681
518 386
13 6743
350 14834
347 11153
958 8108
459 1763
868 10162
179 3190
428 3234
677 9340
834 9393
568 11496
861 6255
995 10353
930 11523
329 9994
697 14646
501 10617
168 987
516 8815
906 6237
17 9944
374 8256
71 8076
827 12514
206 4607
52 8547
996 2130
949 2282
243 13978
198 5434
7 1694
319 7131
282 2322
137 5207
102 4115
508 4293
667 13375
907 9833
58 9036
126 11173
663 5657
132 449
201 6427
538 942
743 3175
636 1689
151 5420
672 3699
900 7522
641 10979
521 12562
975 9442
467 2904
370 7564
316 9876
971 14678
737 10837
826 10563
138 5810
135 3450
845 14433
750 1683
62 13645
925 3920
550 572
584 6368
695 7721
984 2804
304 6269
499 13292
792 4170
6 14987
661 12829
108 7335
345 11585
332 14697
774 10477
528 14864
366 13367
573 14507
540 12181
404 11715
729 8314
410 7881
82 2981
434 403
371 1727
977 12292
378 9676
43 1497
379 11666
542 2559
699 7673
596 9440
934 6689
802 7058
217 74
935 9317
386 3349
502 5070
567 8603
468 8549
715 14159
719 10029
114 4233
259 5389
238 4728
479 8190
626 8049
203 14128
136 1549
272 11441
623 3412
632 10213
654 1755
120 1706
874 11454
93 10712
388 10128
150 5900
244 14326
571 12933
764 14483
56 5117
942 3867
515 12713
787 3732
229 9878
430 5836
0 9039
488 3031
956 7077
37 4971
490 2254
716 14779
3 9823
70 4199
441 10690
343 13608
283 13445
533 5406
721 974
631 3082
255 2004
859 1339
973 6938
246 6551
91 1808
435 8631
558 11951
814 186
163 3040
675 1293
400 13866
177 14394
322 14505
963 13815
5 6096
354 3757
928 1891
591 1677
765 7839
509 2132
265 9787
926 12196
614 3756
952 247
104 3226
704 7360
213 13101
98 993
384 13377
161 10799
75 7552
776 10458
510 12933
837 9093
507 4502
939 9636
545 7504
356 9302
807 14178
908 704
919 1996
492 2584
107 2097
353 4788
805 11251
469 4568
476 13819
887 8900
968 8644
604 3749
552 2432
291 1972
247 10015
297 2958
941 975
333 11149
566 5219
301 1328
647 11267
236 7522
269 8455
520 3879
276 5829
565 13734
44 8112
526 14517
59 2057
205 6756
967 802
856 4293
320 6728
200 6001
416 2700
192 934
144 11891
252 9493
539 7496
190 896
816 4243
872 2095
732 14083
857 12246
274 10319
633 5687
890 14828
72 122
759 4844
437 4424
727 4685
78 2677
462 1627
504 2645
312 12128
155 8243
401 5040
313 2748
254 14825
220 5987
864 8875
249 12517
474 12698
496 3670
224 8879
463 11487
589 4133
49 8318
171 5396
735 7164
189 13637
497 837
842 8488
656 11089
209 13257
593 9676
898 5340
824 8273
709 10259
882 9093
357 9173
472 11622
237 5882
281 3532
381 8272
83 6541
681 11749
841 13266
959 11518
414 9924
202 3737
286 10270
717 10503
489 12380
822 10312
145 7097
234 4950
300 10323
74 10050
892 2494
326 11634
420 5368
627 13748
207 2489
961 12559
803 3508
999 7708
402 1434
655 7226
991 10634
815 3854
57 11056
605 3853
784 8280
352 11107
35 976
754 7536
184 699
298 3371
358 519
111 914
385 10850
659 3037
673 13171
256 4139
123 10569
836 8847
162 1171
431 179
367 734
559 10947
376 2008
18 14945
966 8296
866 11922
289 3345
361 5494
855 6248
831 11335
608 8234
726 10318
885 13504
560 6870
172 5316
922 5284
460 5316
16 10369
373 3266
505 13433
235 1228
450 3451
305 12630
731 9936
514 14961
616 1363
564 11822
187 14652
152 7691
380 3563
707 5617
811 5599
159 9254
798 7539
271 2718
454 7237
630 14111
722 10582
94 2319
535 8423
846 12364
763 6750
264 11089
54 2841
927 5200
110 13717
199 13735
756 8898
415 1360
486 7628
195 11200
740 9447
174 11396
427 14213
549 9017
658 818
599 2134
771 7726
708 4830
853 12234
823 5041
529 2604
90 11435
284 12343
382 2270
606 5281
4 5952
884 823
143 9106
390 14634
924 458
610 6422
481 8279
694 500
482 11311
664 4263
324 9149
397 12787
711 1375
601 5754
640 13333
637 6562
702 3338
840 7229
342 10249
788 9341
285 8748
80 9276
713 862
547 6821
218 10721
34 6917
86 4413
983 1923
634 2144
391 4668
574 4253
165 12246
891 681
222 7312
548 81
267 3484
405 1432
791 2448
21 8389
248 9228
611 11066
744 10636
407 6561
888 8494
760 417
915 14808
917 5773
113 5077
522 13805
331 3557
690 14437
889 219
833 14313
534 14455
812 14218
938 7126
625 4984
789 4319
119 10218
28 4349
31 8170
985 5406
178 8689
896 12171
466 10702
11 14066
987 2231
451 10173
348 10727
473 13069
849 1535
233 336
572 12633
871 10525
742 2395
127 7833
929 12185
26 9411
204 3042
36 7655
602 4639
197 4254
170 1122
470 1537
392 11466
536 2715
957 4181
183 5572
484 1784
337 10162
147 4059
909 5362
438 1313
387 5958
511 9285
449 3376
653 1272
682 11069
598 5485
813 11430
852 2507
643 14549
786 11960
493 14572
495 13282
513 13
69 1049
448 12842
808 13901
970 12237
88 1461
696 4557
618 318
587 1428
211 869
77 5122
33 10797
346 12191
838 1862
937 2735
775 8276
687 3892
40 3624
876 8012
130 12929
910 6747
524 516
461 1136
399 1451
988 3261
662 14261
562 4355
309 14907
753 1188
903 10327
369 12990
117 11625
355 10335
770 1273
660 11156
905 8505
650 5754
691 2349
554 2586
153 13113
208 11650
783 5254
597 11257
73 9088
563 1026
335 4195
327 4081
979 1152
296 9449
879 1144
485 12281
679 2115
42 3629
612 14398
422 11205
854 14155
61 8647
580 6060
739 12438
22 11236
686 4804
624 11393
436 10772
881 4558
96 6724
87 14991
169 7880
173 6978
733 206
974 1674
668 13219
146 5485
878 2440
398 826
101 5085
32 6854
998 618
250 4543
582 5330
821 12497
950 5716
531 1381
639 10015
989 7017
349 1487
99 10304
175 4895
875 6877
620 4689
745 3814
962 3132
30 7776
880 11074
368 13422
23 8099
752 3725
417 2064
628 8688
585 10797
133 6401
844 3322
158 4203
749 10634
216 6636
160 2663
581 3979
705 8055
166 7271
253 10996
779 9368
421 11440
955 2673
895 611
758 7197
804 3041
546 9070
480 2398
578 1299
990 1979
341 8997
506 1375
210 11351
703 853
478 6666
671 4475
232 13567
131 8423
372 12864
280 14954
819 9883
960 6571
657 10557
310 11371
847 2781
649 4058
607 9245
635 9443
954 3663
818 13755
365 71
911 12377
48 14609
863 13801
748 4882
109 8861
321 12608
118 8570
762 2610
134 13414
214 151
621 8519
317 139
483 10073
196 7045
458 5348
330 10625
393 9636
273 11040
363 1891
772 1439
718 8136
149 3248
364 6692
268 1980
904 12874
964 4439
477 1957
525 4864
141 8260
25 7789
768 10836
440 13183
442 3281
728 13890
638 11373
194 13771
883 5744
799 10420
543 8625
9 9026
877 12623
323 1062
557 10770
395 2398
746 5379
693 12385
512 8448
263 1662
50 3295
736 13081
97 3267
142 6212
15 7835
231 2204
829 14484
227 1386
723 11602
586 9967
629 14833
339 284
221 2845
318 8214
851 12523
139 4464
359 9435
980 351
452 14128
157 5689
945 10486
325 9766
594 5669
645 10451
340 3422
299 2489
412 8697
577 13471
464 4991
239 2240
669 7218
931 2478
782 3905
652 14334
294 9586
84 13905
796 13434
714 14763
860 7593
622 12751
47 1509
862 391
680 13010
755 10302
306 10606
258 13696
992 1055
10 11436
698 10073
396 12907
186 2984
408 3583
443 8842
947 10769
262 12146
240 14312
648 12960
314 13499
794 4043
338 10123
933 10601
302 5316
644 11353
997 12948
336 2892
670 13938
377 3839
498 2731
785 14033
642 1487
79 12880
