500 100 334
9609
356
5939
864
1422
9855
9719
703
9321
2791
937
4145
7586
2486
1045
7088
1400
5798
2809
7140
7888
5791
4932
6157
6829
2656
7727
6235
4166
649
7562
7248
4082
7779
2227
4045
8538
2678
6678
3571
2244
8481
4697
8951
7378
5150
36
396
6848
5418
2690
5875
9944
6148
8760
5429
5787
1578
8115
699
736
4446
4594
8767
7423
5916
2838
1340
9212
7333
1389
6082
3267
5305
3682
6222
3274
2661
3068
1568
3274
3224
9367
8504
1059
3253
8300
3741
736
9540
5454
9555
1288
7306
1356
8819
6110
5731
7195
9702
254
3478
5378
223
9471
6054
6860
3123
7927
9267
9098
2163
2122
4078
1041
8679
1250
3555
3944
3412
7753
3790
7007
3648
7517
6935
2294
3731
1397
9128
446
6824
5425
4320
931
5897
2804
6339
7500
1157
1759
1788
7644
1178
6635
8705
458
9939
1304
5638
2108
9408
5137
9341
7568
1693
5770
6558
1840
6880
1805
7211
9060
5075
3007
8337
4344
3447
5026
3669
8517
4755
5338
1009
6101
9014
7679
359
1636
5761
4106
9565
9060
9359
2527
4668
3976
2989
667
6948
2997
7274
8734
6124
2907
4448
9525
7387
4786
8330
389
5342
9781
1204
7909
6412
4817
8229
9297
3043
9343
1157
4501
9298
7216
2111
5042
1305
9901
1539
5446
1885
9877
1944
7686
8675
980
4740
8333
6258
9391
2102
1135
9992
5119
5986
556
4333
2777
6353
8231
4269
400
856
2023
6952
4361
3944
8211
5
3414
9561
5867
1325
7558
6899
6179
4161
7036
264
1946
1456
189
8412
4923
1666
1041
6916
2652
4824
6063
1390
1436
1983
6374
1607
2957
1211
2318
4114
2176
8134
3169
3396
2380
7827
5080
7483
2293
8656
193
8701
790
4987
6223
4970
1975
6049
2396
1016
8540
2118
3589
5197
6401
5683
2056
7379
7426
2907
4943
5919
4474
6019
2191
3580
4141
2280
2167
4414
4073
6400
2321
9837
4651
300
7788
8006
859
4376
9552
8335
3552
9063
5073
3737
3253
5645
3154
2652
2952
8217
8945
1645
8580
1280
2780
6238
6392
8519
2234
1489
6073
8506
2825
7946
3110
9791
1489
1914
1880
6587
5325
8184
5981
6490
43
1723
3253
4501
1322
5339
8942
2911
4984
1773
1601
6965
2426
3297
6430
9010
122
419
6675
3977
8152
2782
7710
230
3265
5142
2961
9598
333
9573
5965
785
7545
4770
2057
1083
3089
2542
1105
2312
5736
5129
7922
2743
1200
3232
9364
2796
9351
939
1270
5652
6933
5311
1146
4803
2600
4426
7341
7252
3137
4816
8402
4853
9302
2461
2987
5745
8508
8458
3369
7828
5246
7107
1893
1746
2071
6527
5559
2177
3326
8900
4666
5080
8993
9568
4088
680
7460
8301
1061
6610
4120
6941
8587
3868
3244
9703
3403
2023
3073
6373
3451
3045
304
4688
6252
766
1368
3042
2300
8491
6933
1637
924
6573
7102
4878
2428
2508
3303
9965
7988
4863
9791
1422
3442
831
7919
7532
2620
5693
8800
91 530
87 646
82 847
59 894
63 274
59 80
29 982
7 974
88 142
63 740
52 530
62 336
2 464
36 267
21 938
56 325
100 796
98 212
23 138
85 985
5 487
16 28
74 718
14 402
46 904
54 849
83 734
75 587
1 868
69 124
41 88
51 547
52 987
78 933
3 880
63 248
77 259
7 700
40 454
7 151
68 206
13 776
43 443
72 448
75 227
55 470
72 99
64 173
28 980
16 251
21 553
22 990
18 785
50 912
53 139
61 542
20 45
32 160
58 36
2 616
62 52
34 524
33 417
84 715
13 230
57 454
42 914
10 211
91 99
72 172
86 547
63 593
75 913
57 553
53 343
100 853
8 580
21 444
63 615
4 839
17 520
97 882
59 293
70 55
71 463
27 962
37 866
13 69
52 700
27 283
87 586
42 355
86 960
81 251
64 207
15 551
80 193
41 96
72 251
19 879
