800 800 127
8595
85
9866
3381
6068
1711
8622
9856
2532
7254
2602
2203
8501
583
6438
8955
6001
7068
2762
5214
962
4881
7427
9403
1667
5668
6161
1856
1276
3459
2042
9743
2762
8221
992
4516
9994
5601
9135
997
9973
4882
8709
6986
1116
5625
3270
9635
5113
9757
1970
8796
5028
8142
1523
6024
8357
879
7534
1187
4212
9096
7564
9998
8600
3156
8026
7626
4692
7673
5568
1721
7836
4506
6552
9341
3304
6308
9435
8599
6663
7606
9877
7056
6722
203
3311
5368
6074
1270
3046
6990
1150
1265
2064
2103
6414
4094
2030
3914
3474
8607
9053
1752
8190
3637
1831
5057
7470
7264
5005
7225
6482
6510
8653
3069
4871
1338
150
2775
8537
3594
9467
1218
1771
4426
3144
9608
3211
6872
3669
5555
8057
6177
9325
6383
5489
7935
2997
4598
658
1966
1667
155
5331
5273
7662
3153
482
7391
2871
2755
3356
3226
368
8118
2478
8007
7109
4329
5959
2865
5406
6684
3660
8935
2941
9788
3012
2712
466
4808
1574
4513
2365
5626
936
7081
9749
6935
7532
9732
936
6043
6315
7507
4024
9706
9965
3877
266
5582
628
6619
6727
8819
7376
6297
4236
9095
7110
5786
4440
393
2004
7355
6537
6426
6667
8566
3678
1527
5340
8469
9673
6414
3891
6271
1070
9193
1473
9882
9283
358
6094
2803
7428
8034
1199
2594
5416
9764
5483
9442
9594
3344
1608
3639
9308
1653
2454
684
7098
9490
3286
2956
6748
7042
7745
7219
4163
3558
6175
3629
6501
3275
4477
7683
3875
1813
8261
1414
1866
4766
7382
2818
548
3211
8407
6712
2880
3701
6662
8018
8009
3177
3144
9104
5975
4239
3025
7994
1006
5468
2098
9108
8830
805
846
4072
959
7297
8848
8491
8360
3054
8069
8385
1097
8536
4185
1326
7811
601
9961
8707
281
1763
8539
3927
5034
6790
8012
3478
635
9146
7588
9017
2004
793
7674
717
7294
9318
2133
902
9807
7619
801
9397
9464
3050
6597
5479
6052
1028
5031
1816
3638
2332
6835
9497
6270
3337
2775
3572
6910
8354
6976
2105
9591
4962
5994
1670
1112
7949
2273
6413
1915
6361
2992
3828
5577
6494
1558
6635
6357
4777
9392
8519
4307
9496
3897
5895
762
4614
7913
9100
5352
1208
902
5441
2688
7960
3290
5733
2937
8792
2023
544
8723
4171
5598
940
4175
4799
7640
7608
6542
2228
3581
7801
9836
3425
8585
7169
3315
4204
4632
6456
6349
6290
6176
4272
6726
375
4011
297
9634
4953
4466
4396
2952
657
6362
8456
3849
2403
9962
55
8794
2770
4384
309
7155
4684
3550
4328
7449
3851
4277
2350
724
7399
1717
435
5172
2832
3295
8832
4412
6616
3263
3977
7780
7621
2330
5456
2754
7518
5008
5295
7458
6031
4569
5220
1726
8623
7989
5291
6977
411
6926
7210
4089
9534
4263
7504
1362
5178
4994
9956
2612
5144
5117
9558
341
1233
1172
357
6109
283
598
4502
3670
1728
751
2541
4192
4733
1124
6270
119
4206
216
2261
8594
9963
6649
7834
8019
6069
1847
9945
4445
1590
1725
504
7927
468
9408
9904
5398
7258
108
2169
3831
2929
1592
3212
8099
9096
8759
836
39
3729
4035
3229
3762
1899
2557
5017
3516
6816
8470
3444
7542
9357
198
6413
1491
5873
4943
1569
9611
7976
5083
2113
6799
9405
6559
3740
6318
561
5212
2944
5871
2873
1796
105
4549
21
5073
671
4574
2761
6714
6594
7311
7222
5265
2973
9306
7964
9626
5594
3817
1318
1999
8975
1229
6162
4027
9134
6657
3435
6263
2497
6664
3839
8924
8878
7313
6462
2672
2747
4931
4177
3405
5560
5875
5931
5151
9254
2494
9475
4590
6020
2415
6882
5903
8208
6098
2506
4344
9419
8181
4854
2472
9332
7505
3432
1461
9408
1439
2367
7539
2927
1015
5397
8879
6827
4187
524
4113
7001
1300
9667
2058
4258
4406
2469
2774
573
7398
9586
6870
7355
4020
6147
5830
3953
6760
1786
5161
5919
7692
23
9298
4719
9116
4637
487
9865
9222
309
6642
6707
3603
3914
4549
8037
6815
6730
3256
5081
7388
5339
5956
5857
3933
8948
94
6793
5300
7199
3989
4371
4013
5622
5433
3157
8211
532
2249
7579
1074
8921
4570
9082
1279
4940
1616
6683
89
8620
9859
727
6688
801
9045
8488
7193
8972
597
8881
8163
7410
640
9424
5487
4823
4968
6647
2037
8535
8826
5583
8041
3650
4036
971
3350
3832
9908
1889
7753
7671
1872
5011
6872
3268
2253
9001
8491
7841
1749
7600
3885
1693
4690
9461
9283
2497
1129
1552
7392
9360
879
158
7077
695
6910
463
4782
8278
688
537
9359
285
2070
4984
7337
891
8877
8111
8084
5614
400
565
2404
2547
1996
9896
438
8499
1542
2358
7657
463 2763336
624 719800
559 40978
335 1180145
213 31
410 720716
340 110320
758 1122209
205 344653
617 37
466 1692740
383 5093
346 90595
74 2174633
121 823444
211 591893
271 8876
172 1499806
644 314133
660 1167521
187 970870
70 490034
649 523906
470 2
55 394750
699 10
314 77149
570 735451
183 1537596
756 2
81 213462
725 2208657
309 16
556 35
260 321397
214 210445
582 158713
296 942376
246 29
217 365864
651 722994
96 1011597
762 3
615 180261
136 459118
661 20
145 2477591
364 1149061
51 391039
31 307384
589 46
798 39
528 1701299
577 30
200 29
398 588191
626 270341
318 705954
97 812626
486 2995976
747 914546
449 876785
229 2170083
236 831163
579 1251908
791 670792
173 159624
639 97275
41 21
28 41
99 1415573
443 433670
233 46
584 607228
218 77842
759 44
524 253555
598 910331
90 16
88 750824
510 793324
702 458016
312 805329
152 51945
645 528650
453 32
664 369280
583 894708
304 28
15 1512604
299 483473
324 144068
131 55188
166 1146161
69 431869
420 19
574 470023
103 287705
716 465037
540 235857
531 63964
711 108816
347 293525
685 34
718 2173738
72 1121056
286 708197
793 44
764 10
397 1769822
403 1461457
14 98647
509 624050
137 429480
17 141638
133 1984102
159 2243603
25 1199860
472 1511329
32 2350707
175 25
677 822886
783 1003812
562 980364
788 1179184
163 843634
199 3
480 541904
405 857531
543 938286
728 1211745
191 46
189 925765
351 151910
89 1733965
379 47979
87 343558
142 2380373
700 33
670 2125228
120 1015305
185 664592
542 1499650
263 1226722
479 316802
434 100369
782 2145219
663 316323
279 504257
602 13865
295 1068594
209 17
433 1516242
124 4
301 364532
445 1121448
736 477368
225 42
786 590504
220 292463
368 2019217
637 3
266 1656313
254 462703
460 599176
737 488569
610 610023
636 445213
723 90795
643 1494015
7 810416
755 800935
587 481796
775 853139
606 811498
49 84975
635 342639
257 47701
126 236355
363 381536
114 11
427 1162837
553 42
315 409956
240 797185
683 37
105 1570219
276 10
665 241047
765 1330054
123 942294
321 2375624
243 2109059
343 150824
473 147534
441 31721
508 2
215 1659673
201 1363701
391 729144
654 101193
709 114128
261 1015
647 2849253
414 260767
495 261377
795 1926941
67 2977786
790 413014
462 524720
179 293656
389 1011692
245 1515881
439 2667918
262 967645
394 5093
494 10
599 1017110
241 728413
255 35
550 303766
352 799549
730 323112
511 3
710 358112
491 192037
640 1735421
738 1890292
50 1921354
342 3134081
221 40
33 153314
310 499966
465 27
673 199633
752 2
590 22593
399 32
530 37
666 262183
458 224097
155 1180008
277 874577
289 31
100 46
741 46
708 44089
18 1212302
265 1307800
30 907852
354 2
655 50
375 742168
222 44
46 170987
484 916949
42 127547
722 305699
586 8
47 33
558 60394
690 204192
23 183895
505 115871
541 949610
113 21
483 778149
118 2517881
252 575309
60 16
680 40
37 556179
794 20229
207 27
467 331955
450 61949
184 1463529
68 3
160 26518
430 2006708
303 29
704 1005412
698 266003
34 1217369
287 2490438
385 47
521 43
323 223686
419 35
488 114288
768 19
609 727728
612 2049571
753 259548
61 20
338 30
153 35
455 24
157 1576808
409 575374
111 1510751
275 7
688 606063
613 884682
757 1626007
547 1004089
520 81394
705 1809384
294 2474351
478 918579
512 68117
603 17
78 49
565 1005744
307 1118262
3 423373
168 1251281
401 157371
62 807719
789 996945
535 99277
59 66249
178 242
687 457777
592 1127500
274 432159
174 966594
523 441
224 3
607 28
154 38
29 151222
75 454697
357 8
94 33
534 39328
308 887641
646 176716
204 808925
740 537875
627 4
517 2461800
772 669031
93 30
751 561608
161 902652
359 1446474
333 19
411 1787029
773 782336
538 2784780
388 43
288 301731
588 96015
749 217655
525 605088
557 134116
429 138758
778 60676
283 49714
689 66109
239 112066
779 702372
572 878026
128 35
208 11513
452 305802
573 685369
729 664135
546 873419
377 1498908
591 2
150 1005313
319 824882
107 628668
282 19
253 1405201
171 1430461
330 544835
71 1075580
536 411814
139 251167
320 785071
506 1470864
734 5
402 739609
796 29781
529 23
454 109873
504 339158
297 1088691
393 28
235 40
697 633981
212 1420445
748 2075978
638 24
446 413825
382 241110
407 1333376
84 665025
696 2
618 24
291 2309909
54 41866
659 1839836
108 46
115 11739
85 7
422 10217
45 322521
600 617383
43 36
355 44771
280 272965
567 98519
251 34
228 5
151 23
165 741504
487 385077
503 989534
334 52476
400 99227
581 999886
300 1159260
10 8002
474 368178
292 1513818
162 787499
331 29
1 668596
13 14011
435 46339
371 1706905
448 24102
16 301083
237 59026
656 780723
515 542552
36 5
38 45517
633 363547
713 32
674 557742
575 176346
717 37
560 602629
56 3
732 28
316 1297349
386 374540
122 859749
701 302213
785 386050
35 22
421 59984
436 1056610
622 2643033
787 322552
176 162457
585 9
457 40
481 27
707 178191
311 786818
519 8
372 1956613
571 372860
63 844089
442 735188
362 1515598
682 1003351
328 36
601 568059
507 297645
569 511527
376 183824
681 2135116
22 604636
426 61363
369 620485
424 38
412 1541143
158 1883168
238 385
219 1622024
719 46
657 755673
605 96717
367 1061719
551 847695
134 1139273
146 1156466
425 1269007
278 34
561 1305563
110 576005
392 194726
190 1529409
800 1778995
269 1011042
91 908966
496 2422772
777 2461372
447 20293
82 251657
500 477736
614 100192
232 1979185
302 43339
281 925914
735 2116431
770 2316769
64 1291925
130 1
721 47
210 1571568
555 1807976
140 738629
395 1012655
19 21
432 1286770
325 6098
148 5
464 499043
726 1010319
344 16
104 106753
268 47367
290 99397
353 1572820
774 89062
767 1353805
451 1364910
568 88712
132 20683
408 39359
77 42
418 54238
197 5
416 42
24 40
256 32127
580 151027
4 15
264 30692
594 548466
468 4
339 34
642 217967
358 259013
101 2386237
490 247516
44 1657897
27 1440412
194 1504947
329 377471
156 112826
712 78458
456 1612
361 516275
387 21
544 395607
98 513664
106 263836
652 388937
119 44
527 53261
177 832790
73 150741
52 1066618
223 569289
9 272743
742 171752
21 328412
143 309887
390 510822
746 17721
431 596656
193 1763673
366 320365
469 1274597
459 477977
780 85665
516 148061
620 74125
608 459512
12 1085647
337 193454
604 40590
532 1047620
417 537698
341 102760
533 45
415 28825
267 840424
549 686068
322 51863
576 41
631 70536
792 2
650 9
6 213354
313 37212
95 573638
754 76493
125 48
48 117980
444 375619
92 1680760
181 116020
284 189014
138 21
216 769558
57 949926
595 38901
293 268911
180 134343
406 28538
188 48
694 1656023
170 584957
373 596397
272 545402
750 1248746
727 9
691 309658
745 219209
678 2308406
667 563829
198 385839
109 62383
440 703664
522 1258280
739 9
648 2531105
548 48
482 29
476 26
632 114910
381 1780408
39 625469
298 851672
461 379385
552 14
317 38
258 28139
477 22162
554 1661013
196 1143515
499 804326
326 2310441
169 1531420
234 12
514 748262
396 169769
384 1479604
686 1596273
195 39
20 420204
356 41
11 37147
438 1178325
248 878548
518 42
327 177001
771 559100
623 1572158
378 44
250 227084
244 618821
8 479629
164 22480
781 1696674
345 606255
66 26
731 1393710
634 5
76 2769215
668 45573
242 2365448
127 7
2 47
231 42
203 209534
611 1723842
117 1061381
270 348233
102 1354795
86 10
202 1263938
539 42054
26 26
501 29
545 8
675 1080354
676 31
766 1232532
596 973035
628 11
350 654954
797 2660857
761 37
147 624442
784 650270
763 11
566 1660043
776 534124
714 11
53 2201062
684 14736
423 50
437 15
641 1601433
360 762333
374 1151520
513 1577745
630 487621
485 4
380 1131794
578 8
537 31
692 862048
502 12
715 79784
112 2518708
769 518479
349 45535
348 662692
332 19
273 30
259 5
471 92462
149 197398
226 852036
135 261711
182 576350
703 195150
285 1006193
492 476165
760 27125
724 23
621 48
475 440397
227 27
247 85133
428 652057
249 1204163
493 581073
743 95691
693 289536
336 2594
597 43084
706 114393
79 92549
658 1848280
799 185838
720 2091032
83 1579434
498 7264
653 118719
563 1549178
58 359784
230 1758418
141 159060
744 303032
129 754938
497 328840
40 720119
186 178040
616 203837
625 29
619 13
167 524629
370 178140
629 6217
662 2103891
404 149189
695 31981
526 174375
671 347951
593 1360200
5 15
733 351108
679 1116172
80 931994
669 2099892
564 58897
305 1435119
489 821744
206 293876
672 1307783
192 33144
365 17
306 157399
116 222079
144 2394825
65 1073726
413 732262
