800 800
8595
85
9866
3381
6068
1711
8622
9856
2532
7254
2602
2203
8501
583
6438
8955
6001
7068
2762
5214
962
4881
7427
9403
1667
5668
6161
1856
1276
3459
2042
9743
2762
8221
992
4516
9994
5601
9135
997
9973
4882
8709
6986
1116
5625
3270
9635
5113
9757
1970
8796
5028
8142
1523
6024
8357
879
7534
1187
4212
9096
7564
9998
8600
3156
8026
7626
4692
7673
5568
1721
7836
4506
6552
9341
3304
6308
9435
8599
6663
7606
9877
7056
6722
203
3311
5368
6074
1270
3046
6990
1150
1265
2064
2103
6414
4094
2030
3914
3474
8607
9053
1752
8190
3637
1831
5057
7470
7264
5005
7225
6482
6510
8653
3069
4871
1338
150
2775
8537
3594
9467
1218
1771
4426
3144
9608
3211
6872
3669
5555
8057
6177
9325
6383
5489
7935
2997
4598
658
1966
1667
155
5331
5273
7662
3153
482
7391
2871
2755
3356
3226
368
8118
2478
8007
7109
4329
5959
2865
5406
6684
3660
8935
2941
9788
3012
2712
466
4808
1574
4513
2365
5626
936
7081
9749
6935
7532
9732
936
6043
6315
7507
4024
9706
9965
3877
266
5582
628
6619
6727
8819
7376
6297
4236
9095
7110
5786
4440
393
2004
7355
6537
6426
6667
8566
3678
1527
5340
8469
9673
6414
3891
6271
1070
9193
1473
9882
9283
358
6094
2803
7428
8034
1199
2594
5416
9764
5483
9442
9594
3344
1608
3639
9308
1653
2454
684
7098
9490
3286
2956
6748
7042
7745
7219
4163
3558
6175
3629
6501
3275
4477
7683
3875
1813
8261
1414
1866
4766
7382
2818
548
3211
8407
6712
2880
3701
6662
8018
8009
3177
3144
9104
5975
4239
3025
7994
1006
5468
2098
9108
8830
805
846
4072
959
7297
8848
8491
8360
3054
8069
8385
1097
8536
4185
1326
7811
601
9961
8707
281
1763
8539
3927
5034
6790
8012
3478
635
9146
7588
9017
2004
793
7674
717
7294
9318
2133
902
9807
7619
801
9397
9464
3050
6597
5479
6052
1028
5031
1816
3638
2332
6835
9497
6270
3337
2775
3572
6910
8354
6976
2105
9591
4962
5994
1670
1112
7949
2273
6413
1915
6361
2992
3828
5577
6494
1558
6635
6357
4777
9392
8519
4307
9496
3897
5895
762
4614
7913
9100
5352
1208
902
5441
2688
7960
3290
5733
2937
8792
2023
544
8723
4171
5598
940
4175
4799
7640
7608
6542
2228
3581
7801
9836
3425
8585
7169
3315
4204
4632
6456
6349
6290
6176
4272
6726
375
4011
297
9634
4953
4466
4396
2952
657
6362
8456
3849
2403
9962
55
8794
2770
4384
309
7155
4684
3550
4328
7449
3851
4277
2350
724
7399
1717
435
5172
2832
3295
8832
4412
6616
3263
3977
7780
7621
2330
5456
2754
7518
5008
5295
7458
6031
4569
5220
1726
8623
7989
5291
6977
411
6926
7210
4089
9534
4263
7504
1362
5178
4994
9956
2612
5144
5117
9558
341
1233
1172
357
6109
283
598
4502
3670
1728
751
2541
4192
4733
1124
6270
119
4206
216
2261
8594
9963
6649
7834
8019
6069
1847
9945
4445
1590
1725
504
7927
468
9408
9904
5398
7258
108
2169
3831
2929
1592
3212
8099
9096
8759
836
39
3729
4035
3229
3762
1899
2557
5017
3516
6816
8470
3444
7542
9357
198
6413
1491
5873
4943
1569
9611
7976
5083
2113
6799
9405
6559
3740
6318
561
5212
2944
5871
2873
1796
105
4549
21
5073
671
4574
2761
6714
6594
7311
7222
5265
2973
9306
7964
9626
5594
3817
1318
1999
8975
1229
6162
4027
9134
6657
3435
6263
2497
6664
3839
8924
8878
7313
6462
2672
2747
4931
4177
3405
5560
5875
5931
5151
9254
2494
9475
4590
6020
2415
6882
5903
8208
6098
2506
4344
9419
8181
4854
2472
9332
7505
3432
1461
9408
1439
2367
7539
2927
1015
5397
8879
6827
4187
524
4113
7001
1300
9667
2058
4258
4406
2469
2774
573
7398
9586
6870
7355
4020
6147
5830
3953
6760
1786
5161
5919
7692
23
9298
4719
9116
4637
487
9865
9222
309
6642
6707
3603
3914
4549
8037
6815
6730
3256
5081
7388
5339
5956
5857
3933
8948
94
6793
5300
7199
3989
4371
4013
5622
5433
3157
8211
532
2249
7579
1074
8921
4570
9082
1279
4940
1616
6683
89
8620
9859
727
6688
801
9045
8488
7193
8972
597
8881
8163
7410
640
9424
5487
4823
4968
6647
2037
8535
8826
5583
8041
3650
4036
971
3350
3832
9908
1889
7753
7671
1872
5011
6872
3268
2253
9001
8491
7841
1749
7600
3885
1693
4690
9461
9283
2497
1129
1552
7392
9360
879
158
7077
695
6910
463
4782
8278
688
537
9359
285
2070
4984
7337
891
8877
8111
8084
5614
400
565
2404
2547
1996
9896
438
8499
1542
2358
7657
463 649691934
624 285439754
559 27
335 741
213 37
410 31
340 954225186
758 369006082
205 893442150
617 7
466 1805
383 717658967
346 282807404
74 176462125
121 37
211 958043199
271 1598
172 10
644 21441493
660 799230095
187 732117368
70 421603073
649 1703
470 606097707
55 688168689
699 48
314 18
570 844126128
183 1201
756 160835885
81 768
725 265652394
309 982443316
556 1993
260 915440719
214 30
582 256
296 2
246 1091
217 10
651 1747
96 12
762 753101812
615 337500293
136 200335649
661 38
145 832992076
364 27
51 811790416
31 158423885
589 261069000
798 35
528 863
577 765905108
200 47
398 1140
626 650087169
318 286012502
97 392
486 903
747 374644150
449 1280
229 33
236 848780914
579 225
791 94
173 1983
639 221653302
41 18
28 460219499
99 151155266
443 443
233 634263296
584 313207417
218 49164740
759 382
524 175
598 439276931
90 95360927
88 340196350
510 831
702 30
312 29
152 859929477
645 737024188
453 49
664 138414405
583 284797248
304 73
15 705575757
299 416064221
324 660292020
131 564724392
166 468247433
69 330274749
420 1553
574 530516018
103 425555176
716 612997489
540 1344
531 771722255
711 855510055
347 441
685 43
718 443398770
72 745409124
286 21
793 41
764 972
397 750
403 315
14 757939491
509 1680
137 1767
17 590306037
133 251460146
159 1876
25 24471037
472 629156525
32 1147
175 22
677 127
783 27
562 831762527
788 384421445
163 254274993
199 1383
480 33
405 37
543 26595525
728 943
191 894440152
189 211090593
351 634
89 46
379 198403300
87 279909184
142 590146899
700 934145776
670 668830528
120 543
185 247537689
542 126
263 770445067
479 1697
434 48
782 886
663 839359065
279 991186141
602 1
295 1112
209 18
433 1944
124 8
301 1666
445 999
736 18161162
225 80
786 45
220 300569520
368 34
637 688257581
266 1119
254 286990171
460 190518101
737 597895267
610 180437051
636 26
723 885
643 374132946
7 68
755 709892748
587 319513198
775 157023870
606 592
49 1730
635 1918
257 356266483
126 1096
363 1193
114 1706
427 876850266
553 601780776
315 25
240 691250245
683 1153
105 22
276 1376
665 589
765 1426
123 412
321 3
243 254075520
343 1847
473 1129
441 917
508 403784571
215 498314648
201 371752687
391 657
654 10
709 394508554
261 306289663
647 12282514
414 704567130
495 101051684
795 603553347
67 69159007
790 30
462 544058286
179 970997346
389 837041930
245 922
439 33
262 275950738
394 628081485
494 606
599 850834492
241 393
255 907
550 831157961
352 851829378
730 656518042
511 80978527
710 260
491 517423481
640 10348589
738 746
50 354
342 508
221 776315787
33 4
310 119113981
465 1878
673 287090632
752 402621385
590 1772
399 163592963
530 399707315
666 74870339
458 832
155 97710516
277 901289047
289 32
100 1697
741 1857
708 1891
18 586
265 144081380
30 295837479
354 19
655 283
375 1491
222 50
46 1459
484 557496548
42 44
722 1700
586 294231332
47 1179
558 50
690 830973508
23 1575
505 51099604
541 855
113 21
483 16971014
118 864031309
252 4
60 232415695
680 24
37 11
794 839279443
207 568
467 42
450 748071117
184 45
68 25
160 37
430 1318
303 670540755
704 198199799
698 451296581
34 493663124
287 303096178
385 158896121
521 226745453
323 253073555
419 1160
488 1385
768 539975666
609 77221747
612 1469
753 594392388
61 1630
338 158334261
153 516985049
455 36
157 1213
409 561941765
111 459
275 713
688 1029
613 580876119
757 799138603
547 14
520 21
705 922761006
294 729408753
478 107248264
512 880
603 1300
78 623734597
565 958
307 820330399
3 388372450
168 404
401 1425
62 268656201
789 692227084
535 23
59 31
178 624775477
687 632
592 334226091
274 495433868
174 888600002
523 9
224 366059999
607 260380135
154 323
29 582409416
75 140237813
357 1009
94 818737599
534 946783143
308 101471605
646 1692
204 366706597
740 420527634
627 36
517 608844724
772 778474960
93 738897348
751 287610363
161 33
359 389
333 802324555
411 40
773 1929
538 850238237
388 19
288 255982505
588 27
749 309
525 146674398
557 24871938
429 333237047
778 19
283 92181102
689 1946
239 268475008
779 1384
572 917901103
128 413002379
208 304201009
452 434017838
573 119
729 1824
546 192893444
377 473741946
591 37
150 195
319 865591198
107 1886
282 53998078
253 150424877
171 1910
330 452359396
71 369
536 703
139 722108170
320 1666
506 33
734 8
402 148590312
796 38757364
529 46086343
454 26
504 30921586
297 350
393 20
235 26
697 40
212 280
748 1657
638 380
446 993964553
382 644577314
407 1307
84 238
696 15755084
618 21
291 36
54 1260
659 45
108 21
115 1016
85 25
422 25
45 80
600 1040
43 17
355 39
280 217
567 973228454
251 831116003
228 737
151 619150866
165 827812513
487 947237480
503 401504133
334 731351898
400 637552090
581 47
300 43
10 765
474 23
292 32506598
162 121
331 691
1 1422
13 660366427
435 524690146
371 273
448 104611114
16 370
237 487166849
656 35
515 24
36 606329632
38 962996105
633 653
713 738
674 7
575 371727623
717 332
560 1750
56 416257570
732 1101
316 1163
386 270890967
122 41673453
701 400981776
785 9136255
35 633433689
421 500
436 1858
622 69751698
787 17
176 49
585 1945
457 962811180
481 514940690
707 1773
311 964663903
519 286274893
372 1104
571 108383275
63 364656561
442 375679446
362 870013963
682 40286941
328 654151320
601 48
507 854887122
569 858020791
376 844177569
681 16959636
22 135817609
426 2
369 192525203
424 1784
412 577279969
158 932334181
238 442530742
219 762
719 564
657 117
605 80807928
367 160191987
551 993649035
134 821382116
146 619402644
425 709173746
278 391
561 202572290
110 1758
392 796602170
190 26
800 495
269 173
91 254790376
496 976272918
777 263
447 4
82 860584905
500 630220576
614 155806901
232 687658995
302 462
281 1302
735 400466200
770 1223
64 707
130 19
721 466684650
210 550
555 753496786
140 615692876
395 1360
19 8
432 18
325 100826896
148 73736188
464 1646
726 222878296
344 696
104 904
268 884128515
290 66012321
353 48
774 124263275
767 11449037
451 736505753
568 43
132 102529665
408 981529321
77 15
418 359614376
197 782678225
416 11
24 1922
256 188620092
580 235
4 313140396
264 230369050
594 990
468 45
339 451247442
642 775
358 52
101 609
490 16
44 1352
27 1246
194 9
329 614
156 19
712 577922369
456 1678
361 365729003
387 863302071
544 897169507
98 577409365
106 1900
652 776
119 785679596
527 817364032
177 357260103
73 38
52 401955849
223 764170175
9 376540985
742 5
21 621613809
143 4
390 7623884
746 23
431 846988296
193 27
366 764439347
469 347297692
459 869331396
780 532
516 28
620 40
608 675274270
12 47
337 719605592
604 1221
532 989780416
417 1081
341 1816
533 1933
415 1694
267 242489258
549 308951995
322 1653
576 21
631 2
792 24
650 631439620
6 603809123
313 903953485
95 1615
754 538302446
125 192206209
48 1049
444 1036220
92 1263
181 9
284 21
138 5
216 504145987
57 804735057
595 4
293 126302587
180 41
406 1507
188 9
694 1
170 365362753
373 3
272 1638
750 46
727 226
691 233547278
745 506641100
678 44514995
667 1646
198 13
109 833750410
440 511941325
522 1832
739 911
648 42
548 15
482 44
476 1067
632 806398384
381 29
39 1061
298 47
461 3586764
552 32
317 1078
258 269124685
477 24
554 866610839
196 19
499 75892330
326 603235869
169 670909234
234 945430488
514 104
396 530
384 5
686 383
195 20
20 4
356 996417282
11 142781923
438 64562900
248 1306
518 857553448
327 893317968
771 339
623 17398390
378 28
250 797174030
244 765062407
8 887117920
164 332121253
781 127552100
345 383528893
66 523273709
731 614
634 737546320
76 463398962
668 2
242 699
127 1688
2 104568001
231 49
203 488
611 36
117 218632990
270 165146620
102 118886757
86 753165594
202 38
539 6
26 210279709
501 785
545 13
675 20
676 115160074
766 1563
596 928614905
628 500892690
350 118814719
797 990789464
761 26
147 172721146
784 844254022
763 387993028
566 986
776 166
714 125197988
53 145423096
684 1165
423 300990630
437 32
641 54997919
360 1835
374 1008
513 309573371
630 54552136
485 636992908
380 426965912
578 278
537 788804125
692 435
502 29
715 293
112 393842
769 878144469
349 110
348 758616191
332 547443106
273 22
259 6
471 1649
149 1432
226 18017869
135 217009779
182 901058840
703 1950
285 911736377
492 1260
760 34
724 129101509
621 281229926
475 668447900
227 1636
247 563
428 197
249 255
493 1479
743 910844973
693 284056788
336 1615
597 1786
706 551292754
79 999138351
658 823035862
799 576597449
720 42057488
83 5
498 678925179
653 128847993
563 123173149
58 1489
230 1012
141 967
744 738381495
129 33
497 1804
40 1529
186 1092
616 1132
625 421009323
619 598268597
167 20
370 282066457
629 402321353
662 1469
404 1582
695 37
526 1759
671 259239482
593 21
5 556802022
733 329413041
679 158
80 46
669 529247463
564 431
305 587478451
489 517283254
206 16
672 677826417
192 105
365 602972197
306 43
116 7
144 969248335
65 805283518
413 576
