1000 500
1
1
1
1
1
1
1
1
1
1
1
1
1
1
1
1
1
1
1
1
1
1
1
1
1
1
1
1
1
1
1
1
1
1
1
1
1
1
1
1
1
1
1
1
1
1
1
1
1
1
1
1
1
1
1
1
1
1
1
1
1
1
1
1
1
1
1
1
1
1
1
1
1
1
1
1
1
1
1
1
1
1
1
1
1
1
1
1
1
1
1
1
1
1
1
1
1
1
1
1
1
1
1
1
1
1
1
1
1
1
1
1
1
1
1
1
1
1
1
1
1
1
1
1
1
1
1
1
1
1
1
1
1
1
1
1
1
1
1
1
1
1
1
1
1
1
1
1
1
1
1
1
1
1
1
1
1
1
1
1
1
1
1
1
1
1
1
1
1
1
1
1
1
1
1
1
1
1
1
1
1
1
1
1
1
1
1
1
1
1
1
1
1
1
1
1
1
1
1
1
1
1
1
1
1
1
1
1
1
1
1
1
1
1
1
1
1
1
1
1
1
1
1
1
1
1
1
1
1
1
1
1
1
1
1
1
1
1
1
1
1
1
1
1
1
1
1
1
1
1
1
1
1
1
1
1
1
1
1
1
1
1
1
1
1
1
1
1
1
1
1
1
1
1
1
1
1
1
1
1
1
1
1
1
1
1
1
1
1
1
1
1
1
1
1
1
1
1
1
1
1
1
1
1
1
1
1
1
1
1
1
1
1
1
1
1
1
1
1
1
1
1
1
1
1
1
1
1
1
1
1
1
1
1
1
1
1
1
1
1
1
1
1
1
1
1
1
1
1
1
1
1
1
1
1
1
1
1
1
1
1
1
1
1
1
1
1
1
1
1
1
1
1
1
1
1
1
1
1
1
1
1
1
1
1
1
1
1
1
1
1
1
1
1
1
1
1
1
1
1
1
1
1
1
1
1
1
1
1
1
1
1
1
1
1
1
1
1
1
1
1
1
1
1
1
1
1
1
1
1
1
1
1
1
1
1
1
1
1
1
1
1
1
1
1
1
1
1
1
1
1
1
1
1
1
1
1
1
1
1
1
1
1
1
1
1
1
1
1
1
1
1
1
1
1
1
1
1
1
1
1
1
1
1
1
1
1
1
1
1
1
1
1
1
1
1
1
1
1
1
1
1
1
1
1
1
1
1
1
1
1
1
1
1
1
1
1
1
1
1
1
1
1
1
1
1
1
1
1
1
1
1
1
1
1
1
1
1
1
1
1
1
1
1
1
1
1
1
1
1
1
1
1
1
1
1
1
1
1
1
1
1
1
1
1
1
1
1
1
1
1
1
1
1
1
1
1
1
1
1
1
1
1
1
1
1
1
1
1
1
1
1
1
1
1
1
1
1
1
1
1
1
1
1
1
1
1
1
1
1
1
1
1
1
1
1
1
1
1
1
1
1
1
1
1
1
1
1
1
1
1
1
1
1
1
1
1
1
1
1
1
1
1
1
1
1
1
1
1
1
1
1
1
1
1
1
1
1
1
1
1
1
1
1
1
1
1
1
1
1
1
1
1
1
1
1
1
1
1
1
1
1
1
1
1
1
1
1
1
1
1
1
1
1
1
1
1
1
1
1
1
1
1
1
1
1
1
1
1
1
1
1
1
1
1
1
1
1
1
1
1
1
1
1
1
1
1
1
1
1
1
1
1
1
1
1
1
1
1
1
1
1
1
1
1
1
1
1
1
1
1
1
1
1
1
1
1
1
1
1
1
1
1
1
1
1
1
1
1
1
1
1
1
1
1
1
1
1
1
1
1
1
1
1
1
1
1
1
1
1
1
1
1
1
1
1
1
1
1
1
1
1
1
1
1
1
1
1
1
1
1
1
1
1
1
1
1
1
1
1
1
1
1
1
1
1
1
1
1
1
1
1
1
1
1
1
1
1
1
1
1
1
1
1
1
1
1
1
1
1
1
1
1
1
1
1
1
1
1
1
1
1
1
1
1
1
1
1
1
1
1
1
1
1
1
1
1
1
1
1
1
1
1
1
1
1
1
1
1
1
1
1
1
1
1
1
1
1
1
1
1
1
1
1
1
1
1
1
1
1
1
1
1
1
1
1
1
1
1
1
1
1
1
1
1
1
1
1
1
1
1
1
1
1
1
1
1
1
1
1
1
1
1
1
1
1
1
1
1
1
1
1
1
1
1
1
1
1
1
1
1
1
1
1
1
1
1
1
1
1
1
1
1
1
1
1
1
1
1
1
1
1
1
1
1
1
1
1
1
1
1
1
1
1
1
1
1
1
1
213 219
341 593
71 450
219 318
100 806
252 869
395 145
256 311
358 110
440 345
381 755
415 835
435 741
389 367
241 762
483 237
337 390
297 233
407 418
396 212
125 339
394 112
169 743
259 678
229 760
208 51
346 769
186 757
401 43
490 569
70 724
59 862
359 158
62 502
473 626
251 987
46 733
41 35
310 71
330 978
484 880
308 124
324 291
489 292
180 618
462 961
75 531
85 464
281 745
17 401
408 435
110 888
450 986
429 100
160 43
2 878
179 832
178 251
452 955
9 935
403 703
36 565
196 291
12 379
186 515
109 359
440 311
478 972
301 964
307 534
245 968
400 201
287 960
120 98
446 995
332 37
473 217
87 348
235 444
48 120
372 694
230 320
8 811
327 171
407 22
439 614
67 775
381 738
164 661
414 850
100 702
402 21
31 948
351 736
307 961
399 929
105 380
190 376
405 56
19 632
479 972
274 746
14 230
51 876
264 827
3 463
269 707
377 866
335 68
375 534
312 474
24 426
25 657
77 392
224 698
94 455
318 657
119 783
443 919
117 690
83 910
113 567
47 797
231 530
267 204
342 993
108 573
201 545
185 789
75 619
199 876
409 346
466 565
43 472
87 836
497 257
482 47
269 886
121 892
447 200
444 178
460 838
465 605
270 259
205 551
443 120
300 484
493 666
271 5
322 766
279 835
387 308
407 107
360 673
11 698
81 621
77 172
217 153
370 541
153 846
178 546
106 20
230 892
318 589
233 630
99 87
107 684
211 341
299 583
213 997
306 609
311 227
247 985
4 386
373 659
275 528
469 120
194 492
370 405
270 605
75 323
377 123
328 907
135 695
282 946
443 906
259 566
455 590
343 286
122 13
218 87
392 625
72 702
150 992
178 47
120 61
368 604
152 11
336 961
406 475
384 968
305 882
420 545
165 950
207 479
311 284
480 831
405 111
333 850
261 608
249 263
238 725
338 634
209 183
173 762
380 591
219 618
429 228
420 65
100 533
40 661
5 539
150 282
257 746
479 265
266 720
342 441
244 850
343 636
33 133
410 725
304 154
486 280
152 491
233 611
238 369
277 8
266 20
29 227
474 1000
314 510
150 634
102 374
451 117
395 303
130 100
312 187
41 318
480 457
349 492
490 331
478 469
160 414
286 886
382 972
235 29
307 881
312 706
384 772
217 501
241 693
11 16
53 280
366 222
36 427
117 556
136 726
37 829
498 652
485 232
309 767
228 630
315 750
216 313
187 730
148 646
293 434
270 230
272 39
209 580
356 414
259 946
402 419
470 290
77 356
76 682
154 17
468 234
348 153
401 92
341 31
249 564
297 185
273 747
333 157
421 400
196 164
127 105
416 489
144 896
107 352
73 699
433 208
254 220
488 771
262 632
344 393
428 872
104 469
83 757
171 591
115 770
13 809
48 713
18 765
187 738
154 790
488 508
100 166
394 500
405 748
359 392
7 126
30 985
468 988
415 758
276 360
164 677
500 588
291 249
229 299
74 409
100 674
444 463
223 321
44 85
402 850
391 445
441 332
428 403
331 51
114 664
104 964
409 513
126 755
188 823
335 150
498 96
163 143
497 278
71 999
238 685
226 667
17 951
358 287
188 446
276 184
83 826
282 681
338 704
441 74
161 77
56 86
195 570
60 146
282 791
489 257
25 167
177 188
243 281
305 939
23 508
333 594
102 346
355 300
293 381
17 881
75 784
147 158
292 333
420 394
5 901
173 102
248 910
282 410
145 906
98 975
186 718
42 653
119 965
150 654
287 978
318 660
127 831
256 105
414 181
488 491
418 28
160 185
330 484
40 765
116 777
256 497
310 281
204 413
54 558
309 928
196 982
458 113
218 516
173 645
413 1
409 273
155 55
340 742
26 467
87 467
291 247
341 332
6 342
334 950
308 501
364 621
372 23
165 424
17 951
441 752
29 459
274 116
52 446
460 95
293 524
70 759
294 701
476 471
155 430
420 671
422 26
153 492
297 566
395 88
349 73
331 739
229 892
199 115
203 590
133 209
437 918
376 327
407 77
369 649
222 284
251 47
84 804
448 841
316 293
213 99
193 712
64 134
274 454
35 953
109 153
274 197
2 884
185 97
230 739
188 286
171 32
24 145
289 334
395 187
342 81
43 704
16 732
278 717
388 121
174 268
365 736
179 406
258 254
407 817
169 599
454 594
42 767
363 898
397 226
367 595
179 774
233 624
253 444
174 106
385 271
400 589
253 104
250 711
262 311
28 1
446 963
110 956
345 451
