20000 1
3219
6530
58
1021
6325
9511
7443
812
50
2652
5328
177
9736
5629
7057
2017
8830
6548
7184
3191
1825
1742
7713
7195
7046
6126
5184
8494
707
1112
5422
3751
6795
3937
15
7165
772
9673
1320
938
978
9474
2715
1489
936
1725
7181
8590
940
6012
2862
5992
2506
396
5556
8584
1642
5314
930
1441
2303
360
5298
3818
8794
7254
4862
6776
2282
1697
3646
9518
5986
3650
5729
9687
9082
772
1198
9955
9650
4818
4259
1214
9916
1785
4962
848
5337
9380
2146
7255
5508
7568
6228
741
5687
5425
9738
4726
8010
5044
6089
701
2201
5918
9324
2928
9169
3944
2234
2641
1924
8573
2882
9340
9696
5128
8100
8819
3161
3307
7969
602
5965
2487
9118
3753
7125
9976
16
6364
7403
4390
2239
5812
8443
214
4022
5385
8257
5753
8592
7436
7353
7417
3999
7083
7583
9119
9944
6209
2496
7435
7383
6740
4081
4319
6926
9793
6302
6278
7305
4628
6354
397
7379
6703
5349
1562
2957
4261
7242
1087
6553
8075
1811
3026
3289
1373
6534
1976
2605
8349
6423
9367
3875
7603
4770
4320
4881
2089
2648
7506
3008
6386
6655
970
1698
5840
8148
9330
6173
936
9170
2798
8899
8471
4842
4131
5580
9878
6120
407
5925
9678
2316
7037
4727
270
2482
9449
4760
7640
6664
9895
216
9205
2715
4933
7250
8321
7503
823
517
3450
2240
6240
1097
2472
6846
3969
6914
1865
5337
1461
6136
1650
4637
4409
5009
4003
4005
8835
1443
984
1370
3416
6361
4790
1784
985
3355
1929
8867
3781
9771
9847
8431
127
3961
1813
5374
4994
2315
4886
5338
5010
8711
2700
6202
8644
4828
9868
2686
7274
5338
9169
4278
5223
3850
9194
7813
2848
6457
9215
3530
5210
7771
1301
9204
8520
543
5484
5104
3723
1552
9080
1440
7396
25
8755
8499
8399
7293
5772
3306
1556
2668
4883
91
8393
2371
6861
7126
2569
2569
553
3810
2765
4735
8817
1888
9536
6196
2980
4024
6950
7766
3814
4069
2570
2281
3274
6368
3790
523
3460
9237
9865
3600
3012
5679
2442
9922
8292
9910
4029
8749
5142
974
519
1498
9578
6555
8796
9648
6670
8355
4771
4338
1632
1138
5505
5785
779
2784
4133
7760
9304
7714
2631
602
6433
1446
4729
9120
2182
2426
7550
5112
2682
9697
6676
1095
3037
4851
1074
6150
7530
1210
8032
1556
2660
7769
6517
8142
7005
9868
3513
8931
3744
390
7542
6850
6986
1912
7691
4113
2717
1153
3583
8444
3860
7599
2835
3207
5854
8095
4042
5589
1863
7708
6865
566
9006
3572
7216
4959
5411
2805
7712
2169
9716
9543
5894
6624
3872
2122
5064
4255
2431
3609
3030
9645
5914
3201
5865
5152
9276
1173
7792
2539
4785
2394
1963
6735
9056
3718
276
9224
8470
4932
4800
3949
3677
215
5916
5739
3657
7836
9887
2830
4769
1926
7380
3316
351
7628
962
9712
2705
9433
2492
3874
206
8335
9492
9003
3139
5748
2154
2505
6944
3545
8343
2459
4859
2830
1814
7791
8313
795
9656
6117
2278
5810
5343
2487
6153
7891
7733
2223
1177
3740
8748
1357
9202
493
4108
2930
7552
7159
8933
5687
7496
6651
5243
3557
7861
5011
3528
3471
5215
4320
1381
715
9287
5776
9685
1937
263
6559
3932
1448
7036
5335
9848
6745
6111
2249
6539
9465
6902
8033
2244
6391
8064
8150
5704
6186
503
1429
9415
1808
9322
7383
7207
3312
482
8042
6287
3155
7648
9241
2379
9447
1066
8757
6072
8323
6002
2864
3362
7858
4623
5407
1937
1229
4294
8269
3605
2014
2549
1091
6359
2360
2469
1224
9040
5021
1166
2848
2441
7144
9249
2741
1
3642
9868
7011
3966
6620
857
3956
7708
2387
6996
3058
6992
6195
4530
299
9904
9254
3733
4877
295
8645
3254
550
5192
5668
538
3658
9796
8961
4608
9986
6861
3216
5486
9565
4209
1950
7653
3824
6450
5511
793
703
5891
5989
7505
8448
7862
7670
6705
4573
5438
8569
6377
3538
8875
3969
5906
2197
7425
9538
3914
3312
6468
8865
9327
954
2947
4872
320
2985
362
214
9320
4255
7315
9286
3691
4655
4163
9499
4547
5860
2337
2510
9201
3127
9628
5984
7568
1033
8861
5617
5793
5679
1062
6552
3233
5574
7335
8779
3276
2951
1197
9943
8518
5136
2373
6577
115
2006
9949
3005
1873
5216
844
7698
5060
2828
3602
6375
8913
6090
245
7629
1575
7615
2087
8139
9440
6853
7700
1929
1016
297
2938
2723
7877
1064
3950
4270
8795
3864
7597
1151
325
322
5985
1693
4215
206
6017
6693
5904
2601
8852
4389
3415
8008
3185
381
6026
2418
1605
5926
2322
54
5064
8891
6410
2780
7601
7180
9812
4302
9140
8774
4695
8879
2046
1985
5632
8976
7045
1136
2484
2183
8859
2304
2532
7728
9425
508
4458
4515
8245
678
3834
6400
9156
1432
8483
6753
5525
7509
806
1610
6519
788
7328
6678
822
3676
1057
6150
76
8402
6745
81
3029
3186
8584
6693
7695
6451
8485
8175
2321
5795
253
2161
1224
159
3492
1813
7642
8866
959
460
1150
4503
3303
3012
9044
3468
2331
5969
8919
2503
9929
8323
1678
7266
9353
360
2356
5126
467
3505
3044
1235
5763
2842
9306
5270
9368
7861
4106
3304
9227
7602
4809
205
7206
2127
9801
9979
7637
4875
7529
1218
3060
9740
2875
9264
6974
7600
4794
226
3759
8590
5347
1980
5517
1937
6007
7861
1588
8148
2463
3872
2463
5524
8459
804
2755
2944
6656
7981
4353
582
2266
2103
7767
1473
7178
3251
9704
9119
3309
6698
7064
6385
225
430
7810
6913
3406
5293
4817
9441
6171
1947
4079
2606
4216
8053
2592
684
8562
5608
4745
7124
6553
5459
4329
2211
9141
6613
4813
3571
3910
511
7783
8092
7722
8353
4425
8996
4051
8767
3233
6257
7469
8806
1955
7900
3436
4017
8049
7681
232
5792
1036
4182
5218
4680
4200
4826
8156
8120
6189
1995
7823
1842
6873
9165
9868
9156
9094
8949
8563
9167
5512
4684
5323
4294
5083
7175
9016
1203
1642
716
6986
1398
3325
7279
1852
3517
9298
9091
6716
8143
2442
5207
5445
4844
8500
2508
2385
7969
4816
6616
8148
879
5936
2294
4029
4798
69
5355
1232
356
9504
2694
4491
3481
6461
817
6460
1980
7577
5887
9895
6082
1976
7953
4709
2952
7333
5799
9535
6981
3901
7952
7620
155
7172
1022
4408
1690
8390
2482
5805
9487
9251
4578
7698
4453
4319
7507
9608
9647
3314
5772
7832
1411
7024
1821
265
5497
6420
4686
154
6101
7993
5620
3631
6534
1473
4811
1486
8692
7879
54
3490
8130
1706
9527
9654
1864
3439
2261
9578
5551
326
3819
8653
9033
9506
9290
1673
4187
2422
2629
9186
3894
5072
1830
2711
452
3639
9315
7302
3860
4041
2857
1425
2193
5143
8138
5739
8943
2702
4321
3770
7888
7554
4597
1844
8739
7615
2354
3551
3684
2587
1239
9599
1035
6612
9796
2235
9952
2656
4919
7119
6702
4409
8753
5846
6489
5617
1731
1606
9206
1667
8412
9329
7588
4794
7005
1767
9445
6296
4646
7869
2085
2214
3706
5169
2949
9521
5585
7146
2408
7290
8456
1204
9522
3101
7186
7674
7950
9095
4761
4232
2434
9574
2523
8320
3617
6181
5960
6038
6219
9601
7155
7655
1638
4783
1554
1707
5240
1851
890
6904
4291
6916
646
6386
9499
5620
1540
7129
3453
1577
6170
5496
9918
3220
3843
3836
2274
6355
5841
2494
8123
7581
818
6809
1333
160
6431
429
3623
2858
8182
8963
3438
8871
9085
5177
5987
4729
1274
2999
5159
2532
5508
9486
6647
8161
767
9216
7824
6239
6825
8319
2883
227
4556
4143
6281
1256
4408
1781
5666
4023
4797
8571
3097
1389
3189
944
2193
4555
1066
7223
6432
5629
2590
4163
21
5615
5044
7597
5681
3531
8498
8583
5651
4913
4376
3332
2161
4181
4818
4467
8037
7862
9162
5125
9829
6831
641
24
4839
8031
1352
6941
4814
6167
3762
4810
6005
1588
9070
3594
4822
5095
8714
7698
6686
232
6954
4566
6636
313
7459
8579
2777
7274
1301
828
8853
1970
2244
5521
7330
9151
3990
8005
2600
8699
8031
5229
6639
3792
3890
3218
1740
2887
3807
4081
8913
9412
2367
4087
2376
7575
8580
8978
645
7375
1504
6334
834
781
7003
9253
8314
9198
7036
1832
9318
3374
3832
1253
2796
2957
2094
8222
9259
8636
5201
3344
3655
9360
4706
6083
22
2020
1767
8747
5550
4694
9823
3432
5063
2594
3575
296
1479
5465
3039
8621
3985
8817
4532
6319
1659
4894
831
2175
3825
8130
4594
8726
9676
1265
7803
5382
3516
7684
8632
5117
491
6549
5811
8583
8416
7288
2749
8380
3787
1574
6971
8340
4497
9384
2116
9468
3927
2834
8320
8848
419
4581
3237
1622
4660
9093
2070
6397
5853
6525
7240
4441
6100
3921
3626
808
3783
1691
1585
8480
5420
3817
2137
6982
9877
9984
7125
4056
662
606
6717
7335
7883
4958
660
5290
8848
6845
6199
8545
5026
8784
1645
8033
4294
8751
3132
6466
6372
5338
4031
4606
1194
4072
293
1934
6843
3935
5246
9742
7304
6146
295
2657
1774
8856
7581
5589
9853
4027
6647
2156
1911
7559
4472
1665
4714
2781
7315
6645
3542
8345
1878
6811
7969
4527
1453
5213
8291
5225
9080
4387
5394
5541
53
5943
760
939
1884
7974
5302
581
8695
2827
2109
8864
2916
3167
7808
5380
8833
9346
8606
3601
7874
493
3957
9550
3242
6775
7321
2818
4031
4563
1224
9748
6393
5435
915
9912
6021
9522
6519
1251
7151
2247
829
9467
8446
8990
3355
5015
9214
4711
2121
313
6473
9061
3560
6236
5945
3430
6165
7142
2901
7545
6342
4460
7777
4075
8271
8427
1283
1487
494
8336
4103
6367
5756
1152
1078
1945
6591
303
4985
811
3281
2506
5406
3366
7938
6914
9802
3289
4047
2530
5748
8230
273
6230
7050
750
2632
165
2506
3299
9502
1048
1123
9786
7985
9839
6045
61
4668
6011
1546
3521
1920
1134
9775
8073
3561
6242
417
8889
6945
402
4825
8600
8153
6310
4233
9252
8931
673
6885
3100
1609
9856
8655
2967
5054
3647
1618
4976
9944
6585
1920
3958
1464
7764
1610
5867
8635
7280
7864
4558
9719
1570
5775
1882
8627
1816
5497
6042
600
8048
1490
109
4451
8573
3213
5934
2898
3749
8534
8780
2573
7359
9612
4968
6650
5125
4127
7945
3749
6936
8999
6830
2552
4383
1722
3433
8334
9035
6069
1148
3528
1544
7088
9992
1503
1641
1036
4441
2935
5295
676
5736
1909
677
1218
4055
8984
5044
4535
477
366
6359
8505
1751
7167
2558
1871
6398
3493
4168
1186
3765
5619
7062
4486
7160
4329
459
4626
6884
6865
2956
3403
106
5509
1165
1185
9054
219
1019
3922
9245
2491
4298
7161
5137
1283
3431
1047
3897
4521
1671
7268
6048
7704
7730
8498
6003
5386
4799
2109
7020
692
2501
1396
8097
1164
6682
491
7974
1467
443
3270
5915
5846
1241
4887
853
776
1935
7296
4341
5203
52
4332
1968
2321
719
4021
7759
2886
2592
4412
7154
5277
7358
2715
7217
3037
7051
9238
2316
230
9162
7892
1086
2408
5131
7751
4559
5922
2775
2193
8943
1913
5784
4791
9468
7857
8538
1883
1879
5013
7362
9907
3535
9234
5740
9690
4593
7975
1800
4272
7007
4494
5087
6188
4086
8913
9960
9659
1540
6452
7820
5382
6845
7275
1189
2522
8675
6969
5157
456
2709
7564
5304
3579
243
3176
3430
3708
2631
9454
5984
5188
8765
3743
852
9426
8606
8617
1381
8498
7579
5742
1934
825
742
5665
205
5214
5002
1080
2359
685
565
2803
3659
1031
7294
2790
7354
2169
8056
1147
5969
381
6968
8547
6757
3695
9515
6234
1226
6524
5684
3113
7405
9360
8463
121
2015
8796
201
5835
5421
9657
7262
8661
8161
716
4866
3244
3005
4537
4801
5485
2841
8687
5332
9559
560
7792
1038
8261
3766
9779
8144
8447
9172
6357
625
9827
9518
7262
7203
8631
5041
9428
8155
3574
9190
8605
9765
7695
7315
8967
238
585
7692
6506
5137
4561
3083
6480
7036
208
716
592
9044
1398
732
69
1791
3216
2592
9356
3907
280
4490
9657
8335
8653
4488
9402
1590
2325
316
5418
1578
7297
5305
127
7024
562
1695
9901
4467
2812
2413
8069
9204
3143
1163
3166
8574
9078
2990
1260
8037
6877
3865
3540
4855
8439
5697
1917
8762
329
8421
7234
2353
5353
6606
9984
5350
7009
5122
6031
2715
6466
8399
8642
1138
8090
2673
215
6365
7325
7362
7674
4668
7792
203
3287
1820
4089
3171
6447
9115
8127
9537
4196
6097
4482
7226
1788
3599
4816
4941
7813
4420
2835
6206
4333
2803
9978
2789
203
1155
2580
3989
8474
6608
26
6410
2126
8397
3844
2317
3066
5631
5363
6295
1167
2513
8424
946
4733
9388
9761
5566
6959
2512
3067
5115
5727
517
9465
9800
7737
6733
5542
5728
2250
4445
3574
1098
8182
6324
3385
3918
6103
549
1669
9068
7812
6600
2994
3777
3942
5411
8472
6818
234
575
270
6110
8671
8800
9955
1644
9984
4943
5941
4142
6487
8824
8367
1740
8592
8065
7377
6084
7997
5813
9939
5912
9109
4560
3336
471
6630
5929
2384
8476
9580
4732
5359
2654
93
5848
8443
3698
3548
5531
2163
2832
6758
3984
2298
3605
8497
7853
7546
177
458
1742
7150
8591
8819
506
5414
625
380
6524
5314
7892
5786
1459
2336
7987
5373
2049
6136
5057
7923
3454
9395
6481
6058
1933
7662
8557
3580
741
8987
7795
9478
7840
566
849
4184
901
4135
2685
3234
3862
3605
9454
4977
6246
2315
4375
6975
3685
2046
8627
1287
6684
6703
5178
1095
8128
3851
2469
6999
3304
2234
6312
9268
2780
3602
2786
565
3027
4604
7759
2384
9351
5154
465
4790
3018
2651
3822
5355
2343
7058
5429
2487
5589
2809
8559
5254
1707
3665
8296
8091
1771
2679
5158
1859
9069
7481
3991
8159
7641
1372
9994
2284
5423
8823
613
6155
3430
9535
9568
1612
3272
5614
2498
8739
3129
9469
2470
3243
483
2088
9800
7453
6028
9185
8633
1408
2177
6412
4798
6521
9466
6568
7814
1323
9090
4985
9476
8090
9119
7909
4159
456
2201
2987
3405
3336
2411
1521
9471
6995
3994
5295
4960
7461
988
3242
9339
999
5230
3318
2911
8148
9558
827
1719
5778
404
6303
8492
276
6561
284
5347
5554
8926
574
1431
4089
6710
9738
7440
4976
7422
4643
3857
6547
587
6197
7886
9374
1460
489
6597
9808
7609
9374
9798
8558
8286
5674
870
2816
789
7199
8496
1948
8507
389
1468
9233
4650
829
845
7863
7770
3067
7238
7336
3989
2677
1431
9137
5269
6230
7771
8891
927
9468
6623
9445
1148
4974
2332
830
2271
1566
238
210
1850
5637
1683
4131
3407
5804
6926
4438
3695
1001
2324
384
8690
1736
5352
2313
1195
1163
7189
5171
5519
1911
9365
4124
2672
9988
4978
7596
1602
7815
2401
5832
1345
2336
2449
5448
9176
8497
1752
7913
9001
2186
7443
9114
3056
4005
9761
5746
4249
9884
9760
3991
5394
6441
2390
7942
833
4604
8292
6711
1832
5225
1176
3990
3626
583
7886
3334
2150
2086
3468
3937
7750
8904
2393
7937
6290
3993
7892
360
4289
3911
6176
8656
9162
811
3534
2434
9121
1655
1021
607
3055
3764
2734
5304
6562
7748
8824
7653
3427
9937
554
9584
587
7701
7628
7299
2135
5541
7534
8632
3918
2660
9426
3523
4970
7194
3559
451
494
900
9118
1539
8176
5987
7237
9584
6484
2993
9266
5407
9382
8183
7667
9996
3285
29
5956
8290
4901
5707
6728
7417
8396
1337
1575
1542
5758
7230
4283
4817
3407
3170
7602
3374
9600
2591
1980
6225
9615
7870
7726
9471
3448
5846
2573
6704
692
47
6422
7249
2562
224
6636
8089
8101
7067
8526
1942
2804
9869
3665
5958
5791
2498
3841
2133
2986
3965
3923
2666
3153
8528
2933
5504
2009
1675
694
6321
4844
2602
3733
2093
3343
3143
4684
7836
2764
1396
9871
426
3506
665
4019
5523
8726
1204
3179
7758
6720
3279
4543
5543
5530
5865
3612
5166
2508
8619
4116
2533
1963
4788
3274
6945
5954
7329
3872
8933
4391
6897
2807
1849
3493
7290
6616
4655
1979
2611
1402
7417
9072
4960
7707
2876
9690
8723
8744
9933
9215
2340
10000
855
4925
5008
5705
2016
8965
3394
2918
8737
976
9261
8773
1674
7975
9395
5703
6143
3862
8981
2293
4888
3923
4290
1400
9468
505
7014
5535
4079
7808
4020
8196
5958
1150
4632
2508
632
2201
1834
5025
3656
1983
2711
9068
3679
2411
7962
7271
3733
9970
5130
8424
2643
6726
4751
2497
8812
1888
5141
3516
3109
2966
8326
3748
7439
1744
7323
2081
5374
5103
4496
7018
4425
8247
8082
724
813
6732
5582
5380
1534
7839
1672
5798
2012
552
6921
1669
5756
7230
4316
2442
7605
523
4418
741
8382
5372
4733
1148
8202
1878
3504
1656
1633
4757
441
4483
3254
1023
9402
4832
4334
8145
531
6854
1120
1592
2524
3383
7491
2834
4524
823
4216
4189
7257
1311
5581
5141
2857
5493
5242
3664
7671
7438
8711
3146
6627
2465
7934
6258
3334
4413
5024
4350
9412
7517
6631
2676
9819
6780
7925
8261
8684
2422
6112
2088
4576
1374
4142
5945
980
6924
3039
8534
5454
8320
3080
4341
1945
7241
4660
5373
3372
362
1457
5412
677
4502
2397
2846
1232
6623
305
4600
7082
7177
97
634
8208
8359
8178
5586
7811
68
1849
6715
2702
6907
4534
1343
8136
748
2621
8647
9008
1914
3370
8484
9476
4537
4921
5374
497
8934
2963
9589
6149
6184
3149
1300
2647
5170
3707
3536
2613
5075
4359
9472
4724
7411
684
7920
3045
9021
2078
2869
1133
6981
9254
6982
4732
8933
7404
9775
9602
6246
5464
3904
5856
1257
5548
5194
3687
939
5968
7374
6523
3731
3399
8443
5865
7427
4714
2686
6543
3902
4559
8002
6049
4356
671
153
2243
5584
530
3202
2
4120
1184
1570
4269
5769
7676
3397
2405
9737
3436
6994
5026
226
4290
1057
3144
3574
631
7979
30
6193
5006
8420
8261
9242
6178
4428
8483
6263
775
8994
9758
1141
6951
8653
6324
3520
8069
759
1270
1243
3814
5237
3971
2918
3125
8452
5895
8823
3325
4808
7204
7092
9404
1191
9753
5750
9465
9035
5112
7007
6737
6528
9696
3289
9063
308
3066
5409
5409
9481
4782
7136
9446
8862
2397
8171
5040
7562
8139
4015
1082
9809
1087
8134
3977
8696
4259
7960
3530
2844
5230
2996
6656
134
5979
6944
5710
6432
7340
3236
325
5878
2893
1318
4951
6513
9011
3721
5043
1627
3303
1978
6365
5574
81
7736
9215
886
5484
9291
3126
5694
7342
9034
7588
69
1807
3091
6
9528
7032
3239
1829
3778
7744
658
1262
2524
6844
1983
5562
2746
8629
4995
6217
7310
1157
4246
4783
3660
922
7803
3029
8284
3929
1828
6784
409
9744
4568
342
8186
1569
9749
6814
6812
6105
7833
8453
7706
4827
6114
3918
2539
7058
4057
5290
8267
8951
6470
8486
4486
1552
2109
1586
9304
8837
5016
8008
6444
3570
3129
4018
7883
8035
4145
3191
219
5709
7977
1650
8475
6049
6482
5600
1751
9954
1759
7547
6458
9497
8840
7623
6703
9392
7363
2092
3779
886
6918
9989
2042
1351
4745
5002
8942
8248
3321
84
5795
4893
1474
8881
6259
1722
2953
6897
5193
6423
2416
3989
6512
6937
8850
113
6693
7456
6961
5158
6240
8144
586
5817
243
6894
9146
2336
2698
7024
4996
3993
6482
208
715
5829
7614
8168
9434
1417
5721
8164
4081
8773
9440
44
9811
861
1348
762
1203
4454
8446
1931
2289
3814
8545
4046
566
4536
8576
4628
1928
1955
4903
3926
4833
3136
3961
5913
7100
377
5108
3069
8654
4694
4490
694
8819
2165
4426
6
3895
5230
2472
3999
466
5486
2409
291
4474
501
3273
6568
8652
529
4974
3942
7959
8559
5094
1812
3526
4522
4602
5650
1303
6205
1393
38
1314
3459
5089
2250
2709
523
9796
746
1473
2023
4572
7873
5908
1431
6114
8958
9307
6591
9874
8649
1133
3556
8591
9722
9823
6505
7669
1711
1486
8293
3198
3054
9963
4499
4990
5247
3842
9189
4714
6788
3439
2249
2821
7720
8630
8153
2126
5468
1219
4115
560
5416
1606
9690
452
7225
5961
451
9766
5326
3163
9519
5468
571
1302
2498
255
113
6927
1960
274
9857
7776
2733
8435
1761
5537
237
3264
4074
7415
1747
1323
3009
9270
4305
3073
2198
8417
8451
5241
7636
2307
1442
4239
7937
6991
5989
95
9308
5437
5762
1157
6780
8175
2056
9633
3821
3461
3036
5844
6816
4452
4362
175
7234
508
3953
9385
8434
9162
736
1120
9493
6894
5060
6843
3919
334
2590
2793
8901
9281
9980
6970
8113
151
4805
2583
5698
6785
6901
3406
5879
4428
4629
3968
9765
9547
9519
1407
888
7256
2228
9839
6382
790
8075
14
442
5576
8302
4920
7531
1406
7476
7585
8457
3033
1083
1298
6252
2590
8915
521
6978
7493
8864
3551
6881
7410
1483
8990
1875
6817
2040
4101
4743
4711
4938
4624
504
7193
564
1277
5428
4416
3513
553
6037
883
1360
2071
4112
7457
1834
2627
9437
843
8237
3322
7566
521
2419
6523
2680
2363
9783
6414
3157
3499
2920
5965
1430
3664
1920
8650
6195
8190
7977
4883
898
3959
9110
402
6082
7927
9400
2351
7716
7868
8879
9159
9400
8966
9596
6502
9323
1398
1956
4113
2854
6235
2622
4036
81
7264
5184
5961
4934
2913
437
5772
113
9358
6859
9585
1702
9147
6277
2442
5209
318
4491
2592
8837
906
313
5186
7901
8118
6263
2277
7869
3232
5595
4849
7266
6119
2111
6944
5216
3090
4046
4555
6356
3735
4994
3005
9623
8559
3775
8659
8326
5399
2589
5495
7316
826
6634
8208
6033
7964
4799
8233
3986
7433
3818
4351
5192
2098
7658
5394
2230
984
5459
8968
2284
9687
1686
8628
8321
2806
2793
5994
2603
9328
9361
1771
9787
2940
1502
9312
2744
241
232
4729
1886
6049
6403
1609
7806
9741
4372
7821
3953
7410
7442
270
9864
4080
4728
7445
6773
9991
7308
9803
7735
4869
3027
6239
7892
8563
2737
5767
4876
6805
9666
3023
9026
6646
1257
995
5087
6470
5283
7817
2284
910
9862
7927
8883
4436
5331
7365
1498
1347
6034
4736
1750
8022
6899
3388
9692
982
6132
4094
6182
2027
4642
2294
2492
88
5639
2446
292
4694
2965
8394
9599
2779
2351
8008
4181
3849
9120
5764
6616
2054
9925
9937
8415
4678
6581
820
8622
5461
3490
3834
5979
9155
3698
7133
1551
4744
9398
7332
3300
9191
2929
7799
4928
2428
9170
2582
5262
4609
5409
985
802
3906
2985
2246
11
9113
7741
5530
5671
6137
3691
8831
5605
1918
7542
5990
8114
1545
9292
9435
2321
8345
7157
9791
4115
981
7432
2207
653
6353
5455
6069
328
3539
6587
4140
4078
4151
5111
5546
9073
9838
8155
4652
1048
7648
7008
8274
7666
3479
4345
6621
8548
8151
969
2016
8939
4364
8657
1956
1105
9381
5632
2456
9815
2522
9488
3576
2717
2068
8886
1442
2000
5196
8167
6762
2450
578
6397
6213
7612
9938
9728
4002
8673
1058
3562
7509
4117
9686
3084
3896
7480
3564
888
8103
1659
8859
1783
2808
1848
7240
4020
2710
7650
6913
5150
1856
9125
4099
1305
6383
8989
8364
7389
1342
3437
7084
4565
3121
7743
189
304
7291
489
8372
3473
4163
2831
3151
8013
6263
6845
6688
7656
5003
4812
5068
5810
7174
2399
9851
6686
1893
8435
302
6539
8305
546
2954
6975
3574
2028
1427
6923
5271
1539
8566
3234
3428
9968
2817
1553
7324
5421
823
3422
3597
6050
1425
5600
9049
1808
865
4571
2793
9908
4745
8483
5500
5412
252
9594
1882
2088
1505
4175
2155
8150
2257
6756
5776
2860
645
8802
1470
9587
4701
4322
928
1692
9079
7042
8885
8299
100
8460
9588
4186
9448
8205
5742
664
6897
6249
6432
878
4564
1580
6998
8241
8381
9849
1109
3050
2086
9725
4111
9681
9830
211
5849
5990
5690
8402
1326
4804
8220
633
4322
395
157
5600
3216
6552
888
8801
462
5333
9173
1768
3854
2007
4084
5837
1389
4239
4693
8067
5661
918
4891
6901
5103
9828
2672
388
342
2408
2565
8853
8514
3011
6588
548
9677
5193
495
2088
2955
891
3060
3796
5483
1338
9801
9559
9679
6822
8113
2348
2879
8405
5421
4306
1894
1798
2383
5471
5404
4484
7133
6972
4706
6865
9178
5678
7374
2893
8160
8665
1026
8637
1406
3958
8260
703
5796
9792
7466
6298
4605
1781
8401
4675
8838
7438
9307
2688
4504
6293
73
7937
4974
6195
8222
6959
8776
5393
5610
4415
891
7805
9101
2571
1187
1285
7179
232
5920
9741
3326
5736
4072
759
1236
8998
7495
5538
1361
8708
4694
854
5183
6508
2931
1086
5332
2655
6356
8473
7892
4245
6208
5299
1808
934
1306
5117
9950
5066
4140
4014
3391
5548
9580
233
1226
4899
4619
9807
7921
1937
5202
3587
6139
8575
6384
1428
1225
9675
9047
2776
2894
5725
6867
2030
7145
5965
443
5419
184
648
5212
3888
1141
647
5220
7079
7659
382
8894
3434
8756
998
9807
8378
8144
2665
2421
6007
4257
7183
3544
9289
9675
7304
6669
8451
4792
8193
1127
8391
7437
4443
4281
1223
1603
715
7816
2190
3386
9066
4283
2788
6153
5815
7020
2795
9131
3442
1216
5526
2112
1453
6324
630
1961
849
4659
9372
654
5117
8882
6527
9438
2969
9458
178
7768
9248
8550
9270
1144
320
576
8912
5477
1906
8346
1369
1057
1657
2598
6159
5485
9029
2721
4863
4861
4189
5436
6482
244
8368
9620
9441
6857
2940
907
445
2372
886
825
1679
7007
8216
4796
4644
1154
3623
2471
5269
7396
8419
7162
270
2801
3696
6840
9347
9132
4684
8129
4254
326
8479
9150
8529
7873
3399
4858
4841
5854
3147
5997
4200
9764
1004
1745
5041
9126
630
7437
5921
2168
3489
9363
692
7282
8599
4117
1164
2958
6798
6115
931
2733
5618
7427
9479
2513
8163
6410
5502
4863
5035
9477
6979
7733
1222
8480
8063
694
8769
1762
1954
3209
9567
8041
7769
6458
384
3309
4656
2195
4882
6587
6042
266
5651
4338
7713
8131
4087
2493
304
931
8688
6529
1973
9865
6647
2336
8276
2406
2319
8557
4836
9878
9980
705
7657
2537
3212
2492
1595
3999
4544
699
8043
1450
9
1151
8348
707
9962
4068
2708
8238
8165
2458
8529
6435
7351
6787
7599
7964
6890
9282
7196
1915
4767
4471
1542
6129
5896
3828
9117
8485
5669
5138
775
6999
7547
7476
2827
7328
98
8914
1348
2719
7203
4113
5493
6679
3579
5672
5656
2194
7924
8893
9306
7694
607
5759
1193
7426
1182
8257
8907
4271
5789
5750
9663
9553
8379
8060
1704
2378
1084
7624
6148
276
3145
689
6917
3194
175
3942
3267
7648
8746
7441
9450
8442
1425
9048
9185
2722
3647
4595
3228
6149
1925
1203
2089
554
1751
7920
8135
9096
9750
8423
680
6098
4505
5013
8116
7644
8993
1285
4445
4098
3241
226
9979
259
2939
5446
7939
3740
5187
1518
1129
9232
4830
1267
2604
4965
3364
4539
9316
2278
2288
8842
2759
6910
6097
222
7410
6021
6215
8351
2000
2765
4220
6873
1201
6346
9154
7804
8743
5940
2841
125
8100
6807
5815
4514
3481
686
97
2291
9708
6789
2996
6801
5415
4530
6
563
1010
7770
3353
5848
3817
3437
5613
5916
7933
8072
2663
2096
7974
3596
3406
8124
2298
6396
6643
9870
5764
5871
5289
3595
6800
8586
4275
322
9675
1809
8199
8333
8683
5105
4631
8554
4356
2673
5916
3975
7819
8199
1775
1357
7001
2299
3937
9826
2254
4611
1758
9893
2093
1359
9417
6359
114
1056
4415
6200
6243
1191
4764
6859
1381
5181
2383
7493
1446
1562
6254
4916
1534
4902
7908
1926
717
8314
8610
6725
3514
9763
4719
7867
7590
6768
8912
8961
1070
9389
4189
1922
2723
6365
4395
3923
1770
5498
3913
6641
6610
3583
6138
5506
3851
2672
3455
147
528
8532
1136
2575
3181
1086
7922
224
2051
1044
6802
3653
8061
3400
8790
8076
5071
8378
8937
4480
8728
1673
258
7912
78
1007
1807
8413
8481
7888
2496
1039
4289
7523
4062
7067
2672
5633
4850
272
6335
2566
1343
226
4794
5288
9255
1646
1218
8740
2727
484
7636
3943
7548
2934
5239
9350
7087
8886
2940
8601
8065
5668
1834
8789
3409
5903
9364
3258
639
4504
2961
3772
1198
5095
5096
2167
9199
9136
9837
3485
9093
571
9871
3730
5317
3164
6826
4790
6270
9811
485
5718
6611
5411
3862
442
4722
7994
9546
6735
8454
5991
6045
7603
9927
8880
8809
2396
5786
5364
6592
7067
7311
629
392
3107
6026
2076
8306
6031
6313
4337
893
2092
6809
2102
2104
5087
9334
8813
3128
1048
2902
3749
1513
6273
2029
6658
3230
7072
6405
2614
4318
8346
5337
3470
1835
8924
1952
8880
1682
9621
7952
6807
9502
5969
7787
8978
2104
9967
7490
372
5680
5489
7594
2133
4833
359
3738
7451
9323
9455
5017
175
3311
8653
6596
2650
9432
380
7846
2160
1304
6562
2292
942
234
4854
2195
1597
5984
9214
3502
7936
4082
8154
8998
6728
6472
1335
4756
3032
5866
3090
8441
7431
7576
603
9667
6515
3962
2798
6380
5076
5064
6980
8281
8471
7894
7365
7238
8392
8169
7860
2151
5459
9357
1399
5112
9093
7000
4798
830
1535
8574
8182
4352
110
6922
4139
8698
5093
7128
9289
3752
3546
2559
4001
7583
8569
3928
4855
1305
5269
8709
5393
3178
8462
9846
2748
4020
5304
6711
6617
5821
7543
3900
478
1513
7284
796
5959
209
2192
8385
4897
1951
7689
8825
265
7361
6865
8196
4013
4424
2966
210
6779
693
5703
8978
2308
1992
3855
8896
5080
2763
8883
1469
9517
1446
3941
9991
4644
2639
3198
9401
761
2448
4506
7064
8000
4856
1022
343
5365
7382
5817
8006
7684
6092
6330
8691
8773
6633
1265
7694
208
2419
8638
4851
98
5184
9257
5502
8023
4441
2948
1959
9092
6204
2609
6972
4494
5459
2277
6872
6154
4892
795
2719
1919
2191
1013
5303
5430
7670
4293
6379
7725
4987
4033
6951
2516
3765
1040
2229
4572
9761
617
3180
4293
6651
7693
8437
535
9288
4964
6674
6810
3997
5457
3950
8110
4602
6720
9149
8520
464
4700
6739
8004
1905
7370
1176
6215
770
3241
1670
390
8087
9328
6097
570
50
6237
3638
1797
2693
4565
8379
541
4161
9476
9375
4790
4503
4803
2993
1092
285
9016
85
5747
9738
1162
9404
6373
6470
6885
1974
7453
9717
903
1798
2406
6072
1777
8106
8190
7639
725
5106
9128
2860
9500
3388
4424
5566
3768
7628
2787
724
3864
8128
4221
4524
5066
3652
8940
6108
1874
763
3658
8577
8914
5349
6398
4981
4260
1183
2356
2984
3468
9480
576
8637
791
5792
2060
4866
8371
6587
7206
2205
7138
7041
8034
4362
5449
2534
1739
4026
3850
4902
8261
358
6962
6932
6306
759
3085
3500
7029
9217
3386
355
9847
7707
5712
9455
5584
590
9027
2660
7993
2024
5046
6467
2615
7767
4113
8530
9650
2417
7562
2471
5854
3993
5290
6917
5063
6179
66
864
4399
9482
1577
5810
9410
9180
8315
9317
2472
8601
5785
3520
2853
171
6748
880
9390
8335
2928
7526
3560
1961
2740
2951
7504
9414
2123
6312
5482
3689
1182
1567
7991
232
8186
553
3427
628
6279
4922
7394
1393
4781
9101
7958
875
7435
8136
849
1211
2492
7490
1515
6104
3599
7218
2085
4406
853
5575
8436
5568
6039
4521
5025
1793
9164
5681
5395
2436
5240
9939
8123
246
2959
520
5463
101
4411
9723
8911
5151
7927
2948
2371
8027
5426
5341
5448
1054
91
3232
4777
5368
9549
5999
9194
59
2395
6550
6851
2409
2953
4854
2650
6892
8621
3030
7122
6045
6210
698
6874
6980
3674
8407
9143
5489
9264
5879
2009
5513
139
3084
4606
3659
2601
2936
1407
7671
7878
3115
1330
5507
3198
8173
5256
4287
3740
214
5982
6850
7848
4577
8162
2502
3283
7500
9822
5797
7635
8939
7936
9661
3487
304
7154
8085
1512
3522
5018
5001
5262
9530
7563
5560
9624
1676
253
4211
5198
3038
2312
9357
5015
168
5030
6492
6785
5555
8235
5398
3773
3045
3989
2485
1678
253
2871
4389
6421
8643
2496
4975
2318
7580
7727
8212
6731
5821
516
1929
822
8060
8855
3750
5393
1367
9794
6221
2863
9285
507
2162
7157
9900
3815
8567
8444
7601
4355
1791
9926
4369
8056
2302
7394
8915
1405
5630
1282
9443
4444
9284
8687
8355
4413
2830
495
1390
4100
2660
5580
1913
1719
477
397
9018
8024
7691
7601
1504
864
1862
6095
3736
1692
4582
9581
7095
7058
6480
6986
1790
7762
5699
5760
591
4937
2039
5976
6438
9630
7540
6308
3960
6420
4000
3407
5058
9735
4186
1389
2198
8130
2820
3862
8879
4237
9296
4990
5914
8835
7673
6042
5628
1372
6913
3863
9102
3171
3562
6944
4923
9433
7773
2321
9983
532
5511
6646
1119
6971
216
1227
6600
2147
7386
9301
9911
4381
4675
5941
2276
1538
9540
2596
7073
3209
5481
1237
6831
3938
8316
298
3878
9573
8476
4684
9802
2798
2279
8819
4892
8622
1266
4129
5583
353
393
9948
1910
8981
4307
3269
6610
6431
899
2211
5096
5468
6610
5843
4698
1526
5308
5576
9740
4914
4946
5705
8441
1853
6194
3650
3165
7243
5524
6615
6627
5137
2310
8118
1972
5943
2092
6911
5067
5004
8754
4550
7613
4167
4200
2656
6496
8018
9339
2596
720
71
9905
9992
2288
2726
563
4898
8900
9146
4509
1949
3140
3168
4532
1049
2634
4918
874
4734
1819
1461
3667
558
3826
6375
9862
3235
7260
9515
2580
8603
2232
5058
7498
8016
1121
8161
7539
3808
2589
6993
1698
9231
1819
9272
7641
7514
265
9128
8406
441
8081
9669
9455
8934
1080
3712
4611
9183
1690
5039
1685
6246
7253
788
2081
2900
2730
1505
7110
2959
3731
617
2123
5607
7228
3685
8879
3402
9338
4786
460
9144
1731
4913
6952
1060
6782
8995
6289
6674
545
6871
9992
5535
2313
1582
9191
1804
9920
1677
6978
5981
5696
2276
376
1627
7127
9221
3414
6644
2606
2056
4045
8778
6917
1451
7199
1878
8169
6050
1035
4965
2272
1554
4690
2476
1570
1639
8632
1070
3583
4308
4824
4427
1498
4356
8158
1531
1573
1738
1952
481
4958
9344
7575
9660
8655
1154
3688
7760
3497
16
6646
516
6395
7500
30
8545
2407
7240
9946
9792
9923
1324
1577
6304
2620
1732
8398
7402
5117
2893
3515
6372
1102
7720
5184
1838
3882
2490
126
4611
2743
511
6257
3490
9220
2603
8442
4757
4268
2532
6914
1793
4427
162
672
3654
5362
7575
1600
9204
582
4332
2882
3229
466
5683
3536
4020
1906
6310
1195
5199
2861
9502
4096
3385
941
1037
9677
2936
1712
7093
5700
9164
7229
5
1190
3762
375
5760
1140
7955
8198
9218
3994
8174
5958
8615
9905
4163
9227
2854
9055
1532
8411
6134
277
8636
124
4044
1284
4461
5844
8817
4995
6482
8973
2649
5110
3450
7719
1891
3381
6233
2068
973
3757
5850
4190
1377
3048
743
2602
9372
4740
1102
3100
1655
6599
4215
2999
7132
738
9850
4388
4573
5377
2945
8802
8024
7603
8851
555
5568
4203
3787
7081
2678
4247
5607
9801
6020
3234
5757
7998
9208
2669
9577
7021
331
2476
9232
9080
5367
8983
7649
8093
5423
8119
9765
2412
1670
9532
7985
7814
317
8205
4377
2018
6443
5529
5270
3130
9427
2607
2754
8456
3297
2310
3201
5717
9245
8720
1186
2978
519
2538
344
7036
8560
2021
4009
9708
2001
6138
6810
5807
1010
334
4782
7722
1751
6728
3863
6743
7094
6193
9753
9931
7737
7241
4297
7285
7531
8229
6591
7845
6989
6663
8464
3133
644
9107
8616
3916
858
8779
2045
8061
6564
7773
1440
2723
4751
5653
119
2495
7072
6245
6276
5320
6726
8365
3097
8995
3328
8476
6455
4142
6527
8032
5914
2519
7995
78
6889
9943
839
103
9325
5089
5948
2430
2142
7492
7557
9088
9478
3122
784
5971
1054
3180
6343
4445
5933
4269
3148
6488
3456
7776
5541
9869
7188
7081
8011
4597
4331
5217
5365
3239
2528
7121
6866
6059
350
5789
6543
4967
428
1773
9919
1786
7921
2187
8104
6538
96
3376
8495
3519
7903
7167
5208
6488
6029
3080
7063
8547
6854
9808
8930
8507
9673
1471
4274
7185
2967
7727
1016
1950
1282
3944
3661
7725
8808
6625
8363
605
2396
2310
6573
9503
2513
1384
3739
1851
1124
4777
5528
10000
7130
4824
3126
1878
7247
2602
7846
7949
4389
3040
6128
9918
4115
506
6611
104
7542
7417
958
2778
2805
6649
7517
1155
7777
5616
5871
1049
9494
7504
9188
1327
2442
5631
8809
5026
5398
8776
3252
5729
6374
4793
1476
4437
8659
8717
3
9659
9954
4630
3876
1603
9819
7152
8012
8178
4733
6776
3504
9365
4108
9811
8877
3087
9717
9380
5460
8745
2110
4236
7009
1189
5568
3874
3257
2573
6919
6854
1784
6717
8127
6957
5761
6101
7878
690
553
8166
2678
4053
2240
4085
8596
6679
3838
8328
7312
2344
3936
6466
9140
572
2974
9275
2015
4698
158
4700
4198
7793
6866
5671
2234
8348
7445
3433
9975
8321
6468
6357
1544
8683
5820
4533
8360
884
8354
7918
7388
5521
7173
3159
3484
2342
8630
8370
7847
3329
3814
864
8940
3643
4910
1206
4882
508
7901
2223
9317
3758
2519
5771
8573
6117
9025
2296
1000
5710
3972
8248
660
9846
2943
9542
5173
8432
6775
7759
594
9667
8903
1872
4506
8872
8476
6909
9593
7595
3729
8956
3986
8128
4263
5152
6218
1589
508
8931
580
3565
6991
6989
3626
3026
379
7976
634
7266
3151
5310
2975
9653
1551
5292
1009
8974
7638
5845
6452
9992
1375
9961
8751
6280
8919
1080
195
3330
3045
8543
9602
5902
8806
3069
5636
6605
4012
8253
6514
4072
3491
6791
5456
7391
7929
6997
6513
862
4632
6594
4590
9151
3458
7260
8270
547
6169
5429
8910
61
6805
5326
4734
1559
7875
8158
492
8208
5481
6502
1115
1900
8447
7649
7762
3482
1272
1406
6672
8508
340
7666
2555
2987
423
4500
3305
8714
5391
4011
2497
142
1737
7853
5870
1715
3214
9715
5962
6544
3023
5366
5649
7536
9984
8594
2669
1348
2193
8449
3767
1692
9444
574
3038
5375
215
2285
4868
6538
2006
3161
8703
54
8897
9958
7127
4595
8948
6402
6932
4733
5361
4445
8022
5649
8117
4980
2192
1483
5589
5380
9883
6945
618
1219
3318
5387
1822
11
4167
7964
4535
1553
8102
2267
9101
3817
2370
4886
7036
6504
1705
8210
9740
2640
655
2307
1971
859
6242
3010
4341
6938
2928
7637
2678
8530
1035
3812
873
8259
2227
3363
1159
5925
9188
6736
6093
173
3460
1697
188
5309
8680
6150
3689
3415
6973
1758
1064
2328
2842
6392
1906
8578
880
1300
9716
9256
8945
4474
6164
6262
508
3557
1922
6397
3557
4951
6739
4352
160
4288
4287
5579
539
5535
5885
914
8548
6929
6653
2626
6243
257
790
4305
2319
2345
1928
1370
1941
4633
2969
9987
3452
1059
2265
9576
4085
2861
7087
5716
2344
1849
7576
598
2179
3277
3603
1195
5604
4663
6202
6176
8802
9837
4194
4748
1735
9528
8176
8524
5604
8165
1224
1794
8524
4793
2125
3353
6745
1217
2298
695
8754
8215
7123
8709
600
226
1684
2302
9143
7173
1869
4022
2813
7300
3888
707
7245
2609
9459
2482
3237
496
115
7066
2637
2623
105
2007
9144
2578
4038
5920
331
1346
6730
7694
2296
7160
8942
7654
3563
7772
3510
5636
3906
4368
1116
2299
3009
7871
1614
1475
2710
3755
5857
3237
2836
9575
3005
9585
4894
5504
3716
231
9349
8784
381
7306
4894
4854
6701
1328
5742
2726
7487
6118
982
3683
6283
8866
8034
8862
3565
3500
1595
398
4212
1529
3023
5164
3972
3601
6055
6831
801
2034
8378
4672
5631
1640
5132
2615
3049
31
1428
3054
9057
2521
9813
8477
2609
4220
6317
4386
5508
1704
66
3397
7743
622
577
7820
7628
9507
1045
1993
8764
1173
9652
5653
8944
891
917
7603
1797
7044
4873
1152
8247
948
6447
9137
2050
3535
8774
9542
7176
1872
761
567
1424
6807
7340
5208
9120
5402
485
3911
2319
9460
6535
7744
9244
7142
2126
4830
8314
3802
7118
8390
1513
70
1350
7730
4557
4928
3419
3261
4784
8337
2874
8150
7885
1068
5310
1147
740
2591
3419
3601
8061
307
7571
9980
9142
7844
8497
6879
786
4570
834
4651
9270
9839
4012
8858
9557
3473
6452
3345
5063
3009
7122
3883
1714
8829
2223
6665
6278
6971
6915
2285
79
6635
5737
2698
9263
3520
2323
4262
530
5675
8082
9
4655
8409
797
9546
8900
9803
8018
237
3641
1574
1653
2622
5779
4866
7921
3491
4841
9654
5033
6044
3154
7153
9647
7238
7128
7487
7823
5682
6623
9532
9096
34
1917
7774
8847
7778
8213
6168
7497
7667
23
2501
6143
1942
6630
3053
8872
1239
173
7939
3758
2836
5517
2922
4451
9095
9891
4057
107
5655
3687
9005
930
2328
5372
8183
7894
3353
2095
3522
1954
3536
3872
336
8002
4806
2044
5643
7854
7154
7738
2813
9210
552
4365
5838
3118
1718
4111
9488
1293
7079
9539
7877
9975
9850
7378
9286
9714
9415
5977
8744
4761
8283
4966
2384
1910
9157
2897
2699
4918
7031
5651
2875
1019
6007
7124
6257
2845
9038
5257
1905
6792
8354
1909
5368
5469
1767
611
949
3595
4066
2902
4563
2910
2938
988
8459
1067
7960
4927
8461
1751
4102
8480
9340
2784
3365
4760
6197
8405
5219
5090
8348
7684
6693
7553
264
1749
3313
1019
3490
3046
6856
2030
8642
6444
8583
8069
2725
6557
4986
2412
8754
1736
3918
7951
524
8162
9409
5875
5707
5464
7251
4394
6587
6089
2390
7167
8372
7738
7248
3518
2471
3910
1082
48
9127
591
597
2385
4019
9453
210
3301
5168
6793
6236
6779
2458
8589
6439
8067
6163
7502
7762
8445
1768
5486
1633
9095
3967
9699
9817
3041
7661
1525
1166
8841
8651
9008
9796
3968
825
1413
613
6453
1464
4589
6462
9975
1470
5408
1249
789
6468
6553
9030
4373
4004
322
6927
7634
8415
1168
8537
1379
3450
7371
3466
8569
3999
868
5989
2680
1316
9647
9104
3216
5899
3447
5208
19
7491
5918
8979
103
4909
5553
4466
5532
2252
7359
2675
3527
4051
6171
4758
4234
5248
8073
1992
310
441
9895
1727
3943
5735
1141
6877
9845
3548
7760
4434
2263
382
5901
9791
1056
7390
6921
5228
6625
553
2882
2530
9325
8608
5789
598
6446
3079
8670
7019
8413
8649
8339
5893
4280
6122
9068
8110
6907
1084
9242
7902
8989
5069
4754
882
7381
4159
3837
5954
5197
9360
951
9622
8281
9195
7675
7315
8518
9258
5832
1713
7573
2709
9140
1921
7810
3262
6687
9554
131
769
5041
4572
1508
7398
1201
965
9746
9971
9787
9025
585
12
5279
1856
4071
5764
3185
8969
5806
6572
2053
8310
9952
919
4116
515
371
5565
7714
2366
2404
6839
1801
4786
9362
7096
5120
4131
9165
996
8708
1058
652
6427
4126
9734
461
3964
8347
8029
3072
4933
3211
9122
4265
833
7871
7626
9834
3241
771
785
9123
1713
4059
9506
2392
8252
8871
486
5349
4331
9706
7234
7009
7233
8132
2521
2655
4644
7946
4155
8954
6740
9475
1225
269
4438
5868
7890
8428
2367
6883
1994
2733
6436
272
817
2321
1143
2262
7953
4137
358
5753
2269
2400
6567
156
2456
1845
4644
4860
7080
7313
1052
3418
7865
6094
478
2552
4726
5608
8507
6445
3958
7791
2912
7304
2054
3894
6029
2733
1267
9695
9228
5795
4605
7806
9346
973
6398
8677
2708
8235
5797
5828
7370
6362
2153
9880
4025
6121
5865
9648
4343
2024
8952
1654
8538
5830
2276
9978
9383
3087
3167
2436
7200
6200
3680
9034
9212
4693
1209
7485
5673
3403
7815
7709
8926
5654
7460
301
4806
9759
814
925
956
6996
1631
9092
4007
5007
2270
8909
8621
50
7406
6542
5110
4104
259
6688
648
699
242
5770
3029
459
8475
141
4611
2608
7847
8146
8512
2240
7218
1217
8821
3929
336
7650
7263
6271
8136
870
1159
9715
6460
7708
649
5764
4959
1803
7359
2995
716
6140
8465
7378
5831
1276
4823
9608
7697
2737
1515
7071
9001
3926
6536
5266
9251
1789
935
7921
437
2278
2452
6595
5380
771
8414
7977
3885
950
305
9971
299
9712
5265
6087
102
262
6136
8710
9392
2874
393
1076
731
640
5739
944
3265
7528
4760
5907
4452
585
3040
2246
7679
2173
1092
3437
1652
1876
2528
8401
6766
3361
3610
4839
7381
9458
9263
7321
4138
9243
920
301
2020
2097
6319
3794
4980
9541
4614
8865
9534
1793
5460
7795
4210
4978
822
4891
6476
5245
335
7086
5501
3970
193
3853
7042
5017
9059
1088
1958
3450
2540
9492
1499
1207
1835
7245
2309
2665
8289
3834
6060
7841
4884
7928
1813
2567
4560
4058
6065
4702
3086
9538
2380
5587
2453
189
2853
9004
5222
2967
7707
4358
4278
2420
1522
9709
3998
6236
24
7872
3916
2920
3910
7452
1774
269
3382
4140
7937
4440
92
1796
5277
3766
5849
6006
648
9738
1335
1130
6168
6723
8193
8744
3807
5967
9223
8884
602
6097
3393
8835
3998
3814
8187
3699
8146
3243
3412
2568
4786
2878
8823
8543
2531
8275
93
7826
9707
3026
4402
141
8854
4202
7621
8846
3671
8541
3694
5208
3288
1662
308
8623
4319
5935
6499
2972
92
547
1674
4719
863
2099
4869
8520
6752
3912
832
857
9787
7036
7077
4068
5470
1023
6748
6610
5354
1147
6333
9928
9063
1910
8293
1081
1474
3216
6559
9988
8665
8019
2052
3267
1561
1282
1486
5567
8137
7151
5217
1956
8025
1699
9269
8120
9109
5831
3715
5971
6831
7750
944
7049
3572
2331
3404
9547
9959
6196
8070
5231
4794
3410
6426
4724
8797
5505
129
892
9763
1212
6415
6579
4163
9897
9889
5852
7889
8789
5920
2240
909
9487
4363
7787
1942
546
4973
3414
5445
9502
2423
2973
853
3316
8614
862
7169
9990
8301
8783
7839
6881
9599
8039
2617
5797
3326
1613
2794
7184
9522
1304
776
8684
691
7572
490
1876
9460
7289
797
1166
36
5479
5541
2837
3788
2750
7123
1245
965
8413
2682
5176
2592
2481
7244
9436
9032
3258
2451
4100
8158
343
5482
9609
2813
2589
4134
6813
7848
484
3161
8962
8053
2338
620
4622
8568
12
16
5753
1938
2438
8333
4009
6580
7392
3180
2757
4010
9240
7952
2631
4729
9789
4178
2080
1548
437
624
6642
5236
2148
2219
8301
7037
636
5786
5947
9666
1304
7828
2049
2293
4250
4593
5852
7024
6257
5149
1532
1286
6543
3464
2551
4283
6865
7194
9257
5137
8932
4279
1973
7526
6491
9220
175
4561
1322
8823
107
6918
8893
5276
758
8069
6156
3265
1662
6608
1983
9070
7297
7619
1333
2966
3307
23
3618
9193
575
9469
8476
910
3164
626
4802
7295
261
7161
6663
7456
3537
4710
116
2533
1948
1085
8230
8794
889
9142
1238
2835
771
1060
2369
5591
560
5597
752
8643
748
3709
1367
787
6954
301
7425
7986
3786
610
913
655
6296
6585
1236
3196
5477
1085
5809
8968
2859
9081
916
8417
5876
8066
5491
1036
3295
5196
2195
3899
8826
9454
3988
7739
6644
5917
8031
2084
3217
2161
7576
1188
961
3926
2871
4604
4945
4795
5755
4018
7010
5617
7943
1765
7754
7016
9542
9036
267
8520
4747
8811
9601
1974
7755
4147
535
1572
2351
1897
3035
1949
2848
7848
2003
7698
9822
7243
2237
7346
6977
6016
1946
2055
40
5660
8008
702
2996
4801
9701
78
5947
1064
4773
4733
541
2666
21
162
4093
5182
1400
516
5456
2594
9703
2716
1024
6126
5917
628
5528
1965
8909
7259
4327
6815
7147
4074
8589
4255
9131
4678
941
968
7261
9487
3131
2494
8492
9823
6854
8512
2493
62
8762
7223
8621
1938
5236
7042
4101
1187
7140
4495
2327
7997
6017
8344
6494
9671
4874
6583
4590
8920
3875
3774
6951
1782
89
9523
8366
3291
8777
4334
8341
1548
1618
7893
3999
5098
5499
3823
94
5813
9758
695
5983
8983
5224
5017
4962
5731
2779
1651
6258
6555
5397
3950
3639
2854
6716
9415
6298
839
3360
429
1457
2158
8630
3060
1027
8801
3426
5742
5700
5486
8525
2005
3265
8819
2422
4413
2587
1958
656
5237
3961
8228
9574
8933
3910
7345
2877
7530
3114
516
9727
285
6522
4042
7982
5279
4675
8582
6828
8946
9551
7827
4573
4793
1587
2891
5775
2588
6556
4895
9244
9966
2257
1332
6321
5773
9737
3754
17
897
3509
4640
4115
4764
6186
9193
5484
2299
2286
5841
4504
3970
129
4910
1813
3602
3600
3725
6042
2229
6609
3295
4837
1370
4385
1949
3259
3649
8765
7156
8304
1964
182
6741
3396
7407
3789
8928
7585
9910
2669
3573
912
1007
9292
1902
6777
6342
524
4856
875
8162
6692
2907
3901
8288
1023
9294
3513
3983
3654
836
9867
7708
4674
4371
2107
9568
2171
4521
6954
3329
3258
5600
7176
839
4393
4992
6493
7801
7237
4949
6772
8480
7822
1022
1120
192
4471
3827
6605
888
2449
6455
7290
3096
3360
6559
8128
7847
3383
9131
5762
1202
1503
9339
7765
2936
4854
3655
9730
1186
422
5542
2824
1862
8021
2126
9215
602
6697
7261
3231
6279
4479
1748
8903
1029
3991
2952
7573
7325
5191
8416
2695
2008
8516
3100
2128
9459
5613
2481
1329
9992
8041
3150
9951
9133
7833
6707
5551
3726
2756
9220
1555
7419
9628
8063
1151
5993
6424
9768
2855
7555
7516
5763
529
5208
6170
9589
2318
3111
2788
9051
778
840
8479
8533
3079
7692
2461
7890
499
4087
9678
4879
503
2508
1343
5861
9895
9698
7361
302
331
1870
6353
206
3509
3589
7293
5471
3373
8771
1097
6990
2934
7653
7293
2670
9825
3162
3080
879
4000
733
8501
391
3546
725
4515
19
4040
9753
2300
4206
4040
7366
9426
4877
1898
8787
9514
2039
1745
5418
4743
4680
7111
9972
4553
3895
6340
9455
818
3167
3395
9307
488
3396
376
1731
7469
5600
542
158
6767
4252
5858
1189
7049
5130
9103
8270
2682
9689
8377
4806
9064
5464
6454
5075
4939
5025
7237
4221
1469
123
6433
4035
5541
3578
9330
3414
7262
5836
4588
6061
8405
4319
875
3899
3004
3982
9862
2087
7708
4497
3480
1032
7952
1088
7934
4438
816
5077
2423
7488
1025
23
9469
3987
6052
7659
2312
2969
959
852
4683
8038
9928
9462
7625
1992
467
4732
7600
7578
8536
7012
7238
7453
8375
2723
4355
5536
9662
5103
6963
9559
8427
2882
7395
9515
231
4394
9693
912
9968
1044
2913
1984
2165
3046
9002
99
830
2054
8607
3730
2718
9146
6348
487
2506
2273
5285
5010
2134
8706
4142
3709
2271
7927
5668
7230
2332
2979
9089
3490
3080
8548
5066
5959
8663
866
9725
8030
4711
7922
836
603
8229
3206
2278
8048
373
1854
9367
8183
3129
4063
3306
7782
3723
3602
2857
2256
9306
7588
8585
7082
4318
8157
3168
3170
6114
7935
577
7759
2478
6440
4675
3288
6863
5967
7942
3120
9039
3801
9713
5727
1730
1537
5856
2030
3024
9227
3745
4776
4472
8313
9203
5381
6296
4230
968
7238
5286
3067
3367
6779
5184
3661
9143
9443
4050
7732
9328
7237
8823
394
2406
9463
3812
9833
4530
684
1109
4224
6886
9531
9357
9654
4151
8598
8104
5271
4447
4480
2238
981
7755
5613
2122
5790
1508
6113
4956
5979
3021
7143
8664
7973
1468
3853
3501
4039
6070
1950
5922
5954
4572
6335
5543
3665
5387
2192
6701
3789
4113
7416
1636
9453
2304
9423
3474
1592
813
5759
2237
5243
5730
4791
2069
8124
4242
7619
828
9756
80
4509
8814
798
4755
998
3331
1841
4402
9555
9117
2949
1743
2730
9031
2599
7875
7187
1064
3079
4424
5840
2346
5849
4911
1438
9137
8433
1591
605
8509
9016
7132
3105
7308
8724
8719
1440
3892
1802
2489
4521
4751
4336
2613
5740
8514
2166
5693
4930
9608
5776
3446
2052
3983
5455
4180
6316
814
1433
3574
2484
764
5098
9551
6327
3684
1204
216
2746
3068
1187
352
3936
1559
377
9718
4843
3418
510
5019
5805
7780
6485
9887
5590
3206
4378
5707
8338
1626
3228
240
6896
7648
3736
879
3103
7673
7072
6712
1158
4677
845
874
5573
8198
6352
821
6914
5984
4056
5027
2178
7484
3676
8079
4448
6508
980
4227
6507
6747
1284
8825
1268
2094
147
9845
7549
1262
1023
4447
5188
1677
4951
928
5522
359
4958
3663
3815
8290
5716
3312
2659
7269
4187
9188
8437
8449
8259
6725
4100
1734
8123
8061
4749
977
7179
7492
4623
158
2706
7693
4493
644
9773
1636
6264
3610
3440
328
6987
3922
377
228
7273
3920
4126
150
6428
8399
5394
2066
5716
609
147
121
4231
7401
5847
8074
2270
2726
2777
3091
5039
2600
1416
6481
2282
4069
6733
4039
2377
6654
9667
5472
4643
683
8931
4052
537
3442
1016
6317
899
2033
1504
9098
1118
3104
663
756
7618
490
3275
5936
3231
4915
1864
5492
8095
82
1381
5291
9669
6966
8983
837
188
5034
5456
3841
2726
2131
7060
88
7460
3896
165
6320
2243
8027
4824
1724
8068
9478
4335
8581
177
4908
834
838
724
3992
3101
7811
7648
9606
4846
1094
6447
8760
1967
2809
2740
4272
1839
5367
9435
4883
8634
5030
2552
6986
8673
9998
2493
540
2921
2709
9861
2562
5094
7042
728
943
6783
728
70
2032
1233
2693
8799
7127
6482
1402
2810
3897
2172
829
4288
7923
1561
2305
6741
1073
6735
9669
214
4818
36
9449
9561
2836
9361
525
1192
4232
1150
4049
3321
8328
6202
7763
80
3449
5300
2596
3131
8649
1655
4234
3335
7582
1671
4283
8524
1680
8141
7326
642
5233
6199
7236
3324
2547
8377
2183
8003
2389
1872
5311
8448
1735
4659
5884
988
3055
7159
435
8449
2004
4955
3401
949
3276
45
5527
6769
9711
3389
7054
2901
597
7569
875
4611
4414
2175
224
5298
6392
2954
3574
822
7322
7233
6150
6600
7361
6585
8495
6201
1724
826
2571
2346
8011
4672
3894
4558
4836
5735
6169
8799
7756
8100
3069
2970
6630
7368
6759
6825
6570
4816
239
8164
1380
7200
6828
8985
3945
6336
2673
8737
7943
7767
7255
9548
2555
5962
4893
3736
9426
1624
3847
5931
4753
3544
8950
5033
8916
218
9785
3930
5420
1574
6708
8066
7727
9643
2969
1298
3212
7731
172
4187
1270
4014
5656
6498
7385
7160
5204
6962
813
8049
2686
1234
1516
2743
1438
1203
1277
6024
1926
678
7215
3899
4983
2421
5939
1762
1237
8338
6548
2636
5100
5755
2738
5853
8217
5840
4572
5840
7105
2037
2978
8370
2687
8479
3532
6333
1844
3224
3514
8024
2431
6306
7967
3290
1494
2208
2551
1340
2995
3218
3977
8749
7050
7408
8532
9138
1551
227
8720
1004
8385
8003
617
3727
1119
1248
6874
3924
7294
94
6687
2073
4231
4422
1831
5474
4137
3856
4092
8032
7955
6134
2871
3250
7437
344
4354
4629
535
9908
5125
7362
7870
8806
3419
9574
692
9881
2491
6246
4572
4578
1808
3230
5226
4499
8784
8087
7775
8240
4321
1662
5671
3174
498
382
4984
8269
4440
9681
1762
9788
3203
7224
7909
2347
1609
8707
3515
5871
2748
320
3707
5170
7700
2900
4590
9392
3885
2364
264
5907
1724
8038
6384
7852
7015
3828
6007
5512
597
1487
8585
3814
3744
9986
8634
2814
2276
6772
3029
4610
1784
9700
2568
7716
6248
9816
6503
6511
4116
3476
1135
7310
4095
8304
5756
6434
3913
1308
1060
5234
2953
125
1196
4212
2274
6545
1897
8209
7676
1826
1932
3185
5513
5044
9884
962
9233
9393
6972
2412
999
7058
5348
1479
7210
251
8557
8227
2162
5040
5349
8646
1132
146
910
2450
5048
1541
5701
9241
1170
4028
5616
2511
2970
4301
1093
166
7150
471
6796
9888
9528
1835
3140
4776
7423
3729
8190
5011
4917
6562
832
6274
7597
2840
7553
3021
9826
3889
1198
4423
4256
7279
2053
5238
6574
7256
7388
421
9213
7704
6773
4934
3546
4897
7862
3120
5106
2776
4912
1581
3720
9720
8073
1482
1036
4395
427
9844
7160
8240
5621
5228
5870
4979
6548
7757
6874
2378
8396
2049
2743
2550
9486
3885
2094
7195
559
3649
4014
983
3617
4039
5901
3757
525
8559
6398
9579
4786
3218
3518
3725
9646
8546
5491
7033
4525
8150
7283
8814
2783
4930
5180
6494
8714
1326
9044
9245
7146
6033
4033
5753
9584
9971
5115
4707
7840
4407
2638
756
1365
5307
1739
8157
3707
7385
8557
636
5337
2482
9406
8568
1471
3706
1663
6454
9464
9507
6079
5944
3137
9172
6747
6815
6826
2364
4626
7229
2679
8616
4432
1663
3813
6261
7393
289
3536
191
4444
9583
2303
8491
1209
5193
3842
1559
7490
3624
6085
6630
3604
2027
8353
1924
7409
700
6616
5626
3584
5137
1055
6963
3488
6412
8184
1179
7067
4884
6192
5802
4502
687
7890
9273
4045
2155
2697
5888
3318
6298
7215
1948
9980
2880
7709
5129
2715
4920
8171
962
6722
4123
595
2584
5178
9940
4833
8940
8526
5470
9834
3800
3139
1488
54
4765
1763
984
2391
9573
149
540
3741
1284
2374
2781
7974
8781
7382
8796
1898
9225
1123
7428
7402
4322
1042
1057
9430
1251
3915
2298
6750
3248
5979
9839
4228
3935
9508
940
1092
2555
9217
9607
7417
2664
1006
441
8980
449
6152
4640
8689
9533
9112
8038
5896
2234
1992
4012
1450
4651
360
1708
1744
4370
7502
2462
1113
9130
8947
7129
1643
9309
3115
9127
1290
6052
4006
5938
63
953
3402
6453
5151
600
1640
4552
2576
9430
6538
9522
6694
1088
842
1009
2318
3456
4039
1788
7745
380
127
7968
6246
7774
1956
8766
8012
993
6860
5329
3816
9541
8556
5838
285
6432
4714
6670
949
791
2047
8862
2438
2900
3621
3105
402
6425
9774
8517
3254
1265
3795
5655
2773
4298
6765
2877
4108
7215
5694
2029
2495
9682
3734
8695
6257
7654
7919
8714
6569
8434
3052
2691
5899
5645
8971
9468
8611
3150
1079
2100
6494
8776
5722
8016
9876
2255
931
3266
9299
589
7678
4394
7544
9287
5591
1921
4570
5905
2800
9930
9152
5216
575
6521
11
7147
1770
6446
2868
526
8227
6535
3778
3665
3470
807
6891
2849
7801
7757
359
2117
775
1308
7327
4435
9844
9065
4251
4
973
2792
8723
8103
1617
7195
6528
2399
1419
6627
2272
8834
8974
3842
5630
8396
3063
1554
6774
2142
7442
6615
9910
2768
3211
8715
2549
6685
7753
3139
8602
7293
1050
8354
5787
8755
8421
2425
5130
1722
8453
3984
454
908
2701
6745
6556
3718
9162
2502
6695
7885
6402
5889
7353
900
8103
8106
320
694
1531
6371
7807
1426
2773
8281
5632
5368
5180
2204
4917
7022
8617
5566
3446
5519
3322
1245
5675
4738
6125
2348
5882
5980
6288
1989
5032
6707
118
3716
9830
9689
7809
7323
7286
1591
1852
9224
9877
8548
3294
6550
7308
9297
7627
5941
2230
9544
5175
7151
8227
9817
7412
6312
2957
8596
8537
9644
500
9011
696
7669
5335
9065
8510
2276
2163
6767
4369
2057
3630
1590
8827
6992
6986
5953
7257
6787
9711
8496
257
8062
1049
5065
1337
204
2461
5295
9244
3080
9867
7483
7624
2316
1090
3464
2995
3343
3927
1470
8362
2243
6772
1969
2273
7744
1890
8371
8068
8448
9412
6214
2286
267
8780
3709
7690
5695
7010
7055
7583
556
5562
272
2118
3967
5703
8354
5395
5848
9474
3310
4471
5521
9952
2786
2072
8204
732
8513
2153
418
9221
4993
1198
821
5605
7336
6403
8959
3149
7257
196
9711
7384
8914
7698
3066
9480
5988
776
166
4710
371
5041
8008
5759
8816
4618
4365
9630
8743
7303
5608
5335
5221
5909
5638
7
6190
4209
7614
5025
192
6677
5989
8749
4408
521
6302
7191
9254
5318
8683
5712
6765
7191
9778
1532
9488
556
2911
4632
2089
8236
5349
2979
5213
6734
1875
2446
156
9730
7775
1967
1497
1449
9700
7393
8009
5421
5131
2092
3713
61
4248
1458
9764
9413
9333
836
5197
4343
3721
988
4240
9944
2691
9705
8991
824
8360
8750
9610
5105
576
2960
3794
8461
9467
3786
8271
3966
9466
6105
2848
6785
9065
444
5392
3325
4663
2665
5233
4660
5066
5440
7527
3590
9260
7567
9642
6257
3745
617
629
8147
8471
4819
9335
5656
143
3998
3251
2540
2981
148
8316
1445
6989
5824
4263
8732
5282
9124
1246
1145
88
1560
887
5072
8855
6037
8640
7025
1514
2628
7832
2438
9919
5566
6019
945
5939
5586
6193
2543
8936
1832
2134
5338
2125
8186
761
891
8432
5411
5420
537
381
3267
146
2422
117
8839
1091
1219
9353
6581
6712
7536
2378
862
8760
8119
9562
2408
3423
949
7817
7551
262
9451
1036
2594
2200
5421
5358
462
80
808
5730
5822
5998
6527
1994
3710
2876
1055
9884
4109
3273
7490
2098
554
9375
4705
3086
1650
1298
7950
4978
1838
6050
3027
5865
6986
2801
132
7662
2648
6518
195
1827
8759
9656
8246
9202
2183
7785
6496
2547
8619
4458
1540
1976
5557
7553
6408
7862
9184
9834
460
9935
2309
1223
2305
4760
6510
2434
5914
2167
4189
7271
3257
9993
1859
3927
8919
2172
292
7473
5132
1186
184
7663
4909
6072
931
4537
7771
8846
9540
1210
3301
2943
2113
9485
1734
9660
6411
7475
633
2390
9157
3273
6259
1759
8015
1733
9281
8307
708
8509
540
5170
8172
5879
3899
7965
5994
5918
7328
2722
8189
1437
4673
9556
8612
9938
6992
6681
351
9710
1825
3530
3391
9965
8565
6805
6009
3871
829
3306
2576
414
8920
2958
7521
3014
4415
8613
4223
7254
6636
9181
8700
1750
1474
1769
7987
7511
4286
2695
6723
4588
4138
5827
5956
7625
9830
2585
2047
8473
8964
9519
9279
7685
847
2763
8700
2200
9189
9849
9778
9855
5094
15
8855
5984
2583
1544
2038
4194
5809
8769
7547
3362
3913
7604
3554
854
4616
574
1816
1208
9449
1708
2273
6124
4348
3870
7235
1901
251
1983
4277
5571
1327
9359
9522
7699
9306
4568
6333
1022
1299
4733
3955
1931
994
369
4716
3939
169
683
9293
2521
2819
3965
2442
3285
5227
8841
618
9434
2037
2392
657
5754
3953
3128
9129
4662
8273
1
2632
9024
8508
4926
8652
4537
9054
6384
1078
9312
8631
4420
2985
6296
2104
2533
7622
6749
50
4076
9773
1519
8803
4995
1868
276
3097
6989
1982
7439
9392
4819
7188
1946
4132
6271
3137
9508
4031
9924
2554
5859
8173
9581
6351
8214
6131
7677
2117
3099
6906
555
7855
3284
7110
5643
707
5327
5498
4597
1869
7670
4853
471
6758
7487
3283
8205
4528
6728
7656
6622
6556
2111
2745
3762
7408
3662
5541
130
4799
3234
8215
4150
8939
136
172
422
8690
3080
2318
1070
1161
4417
7123
7615
4487
6149
4524
7911
6210
7801
8601
3923
5619
7941
9093
4588
7617
9014
6398
1937
3336
5346
9258
7204
5111
7061
5617
5151
3874
9818
1499
5146
9376
4256
4313
105
3058
2362
8541
2458
638
7769
8882
9426
9073
6032
9773
8478
5922
6754
318
8211
4439
2514
7081
8638
593
5834
1908
8129
7426
8285
5005
5591
658
5467
2646
539
1919
9401
110
2461
5153
2661
5529
6020
4993
3881
11
1281
7615
8017
2671
3668
9101
873
7560
6065
2171
4179
3112
5958
5431
5194
4386
8172
3888
6342
2102
8602
3612
3157
6812
993
9357
2618
6826
7972
8076
7666
961
174
7835
2344
1666
2747
6726
7057
2826
947
8120
2922
6691
9967
7341
6628
9807
2817
2176
8588
7619
6528
4936
8696
7863
813
2330
392
4705
2838
9675
4446
7954
2072
9428
1744
4043
2521
6990
1081
4370
1819
3709
6295
1224
5870
2118
8151
2410
9106
3889
5482
8346
3339
2702
5725
830
1861
1626
932
3246
7799
1850
5416
8399
1178
5739
9259
8266
155
7891
8528
3385
1375
4686
9656
1568
2402
9471
9390
1928
3725
633
5260
501
6708
4584
5975
7723
8115
9278
2497
4980
4699
5536
9987
4956
2519
5300
3183
3700
9273
9370
5084
4828
4044
9455
7897
6822
5695
1908
8838
4898
3300
3197
5082
8037
4025
5240
3164
1362
7987
5445
3014
7580
4898
4770
6805
9859
2495
4115
3572
8820
7726
4805
143
7424
4339
9983
2613
4023
4050
3713
2131
1594
2712
2436
8556
6518
5134
4100
1099
1254
3240
2625
7338
4946
6500
5318
6869
7228
6916
2270
4405
7088
94
7006
8347
4774
6626
3343
7103
5123
8234
1800
7089
4031
6581
8859
8253
5388
5584
2529
3300
6033
3714
9053
9161
234
2758
8660
1722
8281
1059
7588
403
4985
8490
8141
4972
3668
3156
4825
4633
3168
6650
6330
1075
9095
4321
3497
4977
4649
5665
2712
6722
1743
4143
8858
2372
5692
9819
620
7979
3929
5818
7598
1432
1144
464
7839
5680
5211
9002
7242
6503
9023
9420
6530
8186
1671
555
5814
9844
1656
7821
525
1218
5525
9393
9808
2602
4971
3370
1924
5512
4261
5123
7099
2293
7739
4975
7527
9816
1140
7287
3059
2917
9319
3830
5432
1066
4233
317
2233
8835
1055
2235
6270
2084
3281
7035
82
6059
2569
5100
4166
5162
5821
1156
384
1875
6591
6301
7164
6507
3544
3310
748
8514
6761
8318
6199
8406
8490
6507
3305
1046
7363
4667
4363
5234
8366
7312
1667
4166
75
1188
9828
7549
1206
4496
583
3461
8739
8120
8935
7125
7012
6474
1589
2251
2210
2716
5845
1958
1893
8900
2998
9720
979
1395
4327
5310
4752
8932
9209
5218
8929
4936
2642
4833
9799
5466
7502
5186
8196
2332
6220
4034
780
9493
7816
925
9476
7431
1147
6525
9955
5461
8788
5673
6665
8798
1811
6591
8481
5553
6369
7483
1576
8265
8189
2266
5436
4292
1645
2868
8039
5104
3893
1201
5574
8189
4273
5432
5093
8914
8539
3146
5556
935
7059
8010
1379
1378
9139
7370
6111
9363
5183
5966
7547
8006
1604
666
3030
2615
4338
4715
7757
2474
7551
7622
3559
934
4844
9704
4970
9710
3902
7892
2437
6785
8020
4584
8870
6301
9156
1579
681
8991
4765
7395
699
8987
989
2969
1526
8719
5161
3559
7298
9130
81
443
8302
3609
4328
8219
7666
5556
1660
9673
6832
8951
3193
4676
5801
314
2904
6479
4524
2455
7188
2502
4712
956
5599
8144
109
3232
4371
3061
6168
5283
6781
8724
4261
6196
4226
1192
7245
8180
5440
4051
887
7398
8175
4563
5705
8300
5242
3814
5043
9581
2356
7246
6170
1578
938
5121
1389
8727
6729
4089
9119
5589
3939
6911
8972
6025
4977
6471
3636
8585
9333
9156
2613
6142
9179
522
807
656
4379
1147
5468
5211
7629
5769
3054
5350
3209
2425
8482
2355
8712
5678
884
4337
1961
6766
7324
5117
213
6235
4520
1698
4479
2220
5114
469
3044
1702
7720
1660
9625
8859
1986
6174
6339
1172
653
9260
9795
3605
8861
7652
4693
7246
6581
8514
2330
8180
743
5094
228
9808
6887
1083
9194
4825
6847
9375
5449
9224
3366
9992
934
8310
6048
4082
1003
8115
4993
4098
696
2704
5558
3699
4051
1126
3903
4525
677
2751
5202
2655
1469
4621
2001
1639
6290
7394
3269
8724
6274
5985
2542
7010
2351
3779
6916
2347
6764
1206
7811
7082
3912
2803
2908
5690
6908
981
9170
2448
5844
1900
2096
9180
8501
5187
5112
9701
8994
3233
5401
4690
3362
8666
9853
2729
2174
8838
3173
1385
4330
9276
4419
4636
2276
6007
8266
1191
5719
4652
5820
5908
9585
1918
5829
274
3267
9741
8648
1016
607
5658
9440
1967
1048
4210
8432
1675
1949
6332
6398
2851
4220
3809
5911
1342
698
8291
2294
2641
3482
7160
7533
4613
7889
6894
4146
4248
809
5099
2316
8591
5006
5394
2515
1226
3155
4759
7753
6757
1045
2803
369
9728
8079
7040
3343
9594
3632
9830
979
8027
1242
4472
3372
9450
5963
9774
8163
2525
2660
7658
8528
7110
6923
6502
4286
2097
4936
4544
2623
3628
4935
2858
2262
8223
9342
5484
9336
6459
6906
6817
187
6915
3393
5056
8435
1376
2977
2880
7499
6889
3388
1691
2312
1420
5199
1074
247
2943
2148
5681
2508
9335
8855
547
6647
7345
2458
599
8287
9864
6866
633
6006
6421
3388
1025
8023
8403
1102
3701
9598
2412
7247
1121
2098
768
3940
2702
6423
690
1559
9508
3520
4337
6471
9787
5408
6195
8944
7765
9904
4362
7642
6932
6469
776
3670
4402
5288
2706
2386
5682
7695
6300
9361
6451
5541
9668
5188
6562
3757
2279
3589
2675
3816
8634
7547
9189
147
2271
4582
4311
6120
9519
2105
4766
4938
3159
7831
8003
6356
8865
3291
4692
1845
5181
3845
8600
820
8543
6368
7889
4323
1658
3600
5142
3734
6388
9840
1772
6574
6542
7814
9367
7954
8282
1617
5694
7578
8544
5811
9320
4831
5416
8469
6542
4157
6084
1379
2263
7794
9097
7945
2801
4656
9015
966
9504
5215
8560
1596
9929
2615
2895
6731
6567
6110
68
330
5915
1699
5414
9844
251
722
1906
1829
1076
8327
3079
7279
4749
5761
9109
4477
1916
6346
8412
6445
6377
2106
503
7556
2908
2469
7331
9888
6911
4032
8671
2726
5360
5116
3705
1857
3329
3195
3812
6536
2614
1489
2076
3361
3434
4113
1527
7132
3996
9302
5227
1298
7311
8542
8843
1124
6176
4940
5564
4803
9629
5515
1750
7063
9397
2527
1207
1207
8054
6044
5072
2319
8225
2840
8739
4062
686
4464
5826
4994
7035
3080
7034
620
2398
621
6373
7725
1808
4817
6334
7534
8587
1600
8699
6395
5918
7348
3243
4297
1172
4714
2786
4519
6157
8370
8441
317
8896
5292
3471
8735
7278
300
6075
2377
1060
1798
7975
6450
3114
88
3498
723
5515
2507
6152
4031
7036
9298
9688
1976
7802
1489
7701
4490
7208
3808
3120
1109
2891
3929
1046
5334
8596
4402
7889
7146
8781
8250
7702
8944
2609
902
4864
5380
4279
305
1042
569
7476
5481
3929
3112
663
4580
7183
306
5293
1666
4783
960
1526
9878
6896
3829
6852
3592
7380
5037
7910
2219
9435
8915
209
3561
5322
7713
8008
4367
7915
7655
5008
6814
3420
2942
3570
8550
2810
5093
824
4096
8399
3094
5603
2526
6438
3222
6575
2281
5
8602
1051
7950
6075
3570
4868
4432
9308
2114
9868
5592
3079
9431
8083
3834
9210
3470
1751
8815
1547
6006
3356
864
6938
9428
6621
7906
4658
2040
4356
2903
1273
3840
7986
7126
4774
9720
189
652
7132
8109
3123
7339
5610
117
3513
5949
8177
7644
8451
5854
9361
7332
7294
5971
8953
9626
6285
5436
657
2623
5618
9049
888
5364
2665
7200
9956
1541
6666
4419
3801
8994
3285
4251
5597
7590
8717
9808
2065
5056
6530
3286
9395
4465
5200
9128
445
4810
8498
127
3656
7311
7789
5021
2474
5103
1178
1098
7508
9919
738
9176
7473
8923
6829
8661
1443
8847
8510
9523
2092
7631
1525
8200
672
5426
7526
9942
4842
9362
9601
6691
1941
3063
6979
9855
5384
7702
9239
9247
4493
5447
9562
9185
620
2718
7848
2728
2661
9174
5503
8395
2620
6519
6606
8782
6394
5400
2309
9110
501
7028
6590
6999
497
4583
3576
372
1390
2467
5966
1771
1832
1184
7642
2255
9343
6547
7671
476
4250
135
2224
3596
6802
788
5029
3901
1297
9545
876
3489
5869
58
3146
4611
6867
9335
2472
5933
1847
7562
7336
9695
2341
6774
4027
6990
1257
1350
1187
8470
8037
8151
1631
6191
3766
8386
7116
7440
7990
1961
9772
2642
3436
5515
434
6721
1361
9785
8966
8471
6805
4780
6962
7212
9944
2992
3838
9827
1619
804
4813
8
3464
3594
9288
9088
7325
2200
138
4380
6344
9284
562
3648
4047
5231
5399
885
4105
7302
3333
1948
2746
4945
4368
4462
4859
8924
9453
7830
5069
5543
2913
9120
9559
3106
840
2199
2581
8804
2377
8786
2306
5495
167
7497
8641
1864
441
4405
2182
6120
9776
6892
3504
7678
8877
6400
4644
1536
9564
8988
2982
1474
9257
1737
7442
7340
2311
3847
2195
5393
949
1443
9807
3159
2963
3473
1662
7065
5860
9313
659
708
1871
2924
6537
4178
2782
7927
7751
5226
5547
2960
1890
7885
3459
6061
5367
522
7155
3442
2509
9462
7976
1781
8157
6622
8597
987
3627
1241
9894
7614
1567
9668
8531
1177
231
8162
8310
982
2970
9240
5313
6549
6035
2816
2340
2892
4337
1520
2029
4650
5425
2450
2802
7902
7716
5582
1813
7272
4004
2985
1166
8873
1262
2402
7988
2863
4270
1610
5507
2236
5759
620
6247
950
4157
3219
660
7586
9538
2161
6485
1257
4971
7363
2098
2771
1360
5444
6347
8020
4837
3549
4341
9265
3002
7019
6174
8930
4331
9588
4273
5414
9516
3431
2040
5865
9432
2928
6467
8655
7767
928
6308
3415
7992
4246
5339
604
4007
6260
2110
6933
818
4907
9875
8409
6299
6981
7894
2396
6659
9375
5599
2058
6959
7379
7315
5281
5901
1244
9923
5423
4802
1354
3153
5338
6931
4368
4169
8053
8876
7593
764
3299
5391
6459
1286
1364
8034
9382
7354
2344
4866
7886
5894
1911
557
3666
4243
5377
1541
3935
4276
7146
9259
4476
6272
323
1267
8314
4283
7365
6803
9516
7901
3496
7629
8292
8175
585
7044
7374
478
7424
3562
6589
4847
1889
2805
3307
5072
1251
253
3879
9280
1752
6245
7696
4301
8460
5891
1009
2852
9223
1739
5746
7943
5346
4333
1254
8451
4864
4900
2152
6781
2644
7969
9381
2367
7873
742
6370
6576
5406
8150
7350
2177
1648
6284
3487
2790
7497
6762
3170
6386
8813
8618
1171
3014
7205
3984
7845
4410
214
3957
6613
4352
218
3611
7761
287
7964
5305
7136
8249
5581
7500
4926
1183
5398
6445
7133
1676
4703
5104
2268
5942
2998
104
5622
3696
7192
5673
991
1734
1624
7860
3875
5773
9759
498
509
5807
9228
885
6235
6956
7280
3953
847
8743
3579
4829
7034
5472
6204
3089
1205
9520
1885
2800
1953
1163
212
394
5003
2097
3597
856
659
19
7578
7084
1465
492
3486
807
5153
1104
8422
5074
7531
2682
3735
3462
4834
1852
5872
2955
6475
1538
9999
4922
9356
8046
9787
5747
7310
9873
4876
2957
7518
1830
1695
4757
3875
4235
5508
3350
4760
6280
8919
4161
3867
6215
6508
3853
8903
4742
3997
489
5
8750
94
6684
8160
5616
5166
5392
6222
2573
2368
496
5116
3404
4014
6156
4250
3961
8578
2721
4558
9643
4134
553
4849
8791
5735
7462
681
2663
9984
6246
3202
6011
1292
9335
9859
7793
4708
6786
8670
8993
6605
7255
4316
4594
3166
3114
7132
3045
8053
8294
7887
6102
8275
1977
7023
9970
7404
9872
3487
7456
8268
1413
1741
4700
3597
5988
7881
2825
5352
506
2468
3421
8539
6072
8049
1046
9666
7206
2255
65
2739
5836
5386
1240
1824
6157
2634
6719
7447
1595
3711
2353
8665
3024
4548
4977
5588
6804
2879
8210
5774
2971
2840
2718
5968
9223
3121
7330
1361
6838
6536
5562
3285
8423
8582
5972
1554
981
3668
3539
5707
1785
7280
3432
3499
6256
4120
2405
843
5498
9879
5410
4461
7811
2227
3478
553
4844
7690
3701
1731
2137
6871
4632
5448
9446
5071
362
1507
9131
6027
8804
3486
2718
3297
6608
8943
312
5700
4591
1575
8577
388
2015
6831
5179
1597
4079
6973
5958
501
1486
1373
3649
6788
4084
2147
55
1257
9282
9208
8116
6077
9466
4772
4467
4334
3815
396
4913
2530
1782
7065
2028
2600
6788
7272
9272
5767
1049
4328
3411
428
7809
922
5512
9333
2650
2648
4505
7117
6457
2669
2560
8627
1387
1604
776
8123
7462
2167
2946
7410
8459
6137
3962
4481
8147
7801
2036
5145
6094
7018
5778
1402
2396
5183
3476
8052
5832
6831
5035
52
1576
4446
9543
3604
9472
3913
8620
5899
4647
4863
1871
4718
5681
9993
5990
899
8945
7645
1930
4039
4633
1748
9270
3325
2530
7255
6367
4894
8894
6206
2140
1785
6085
549
9963
9248
7981
3535
3454
4383
1218
4607
3470
1022
9681
4142
3616
166
1569
8060
548
2204
1340
9026
2585
9115
4684
7566
9141
9670
2839
2776
4403
2875
9990
6095
8006
7177
1234
2089
323
687
9670
5207
610
4011
4839
7515
6255
5418
6817
6121
394
2782
8899
4080
2900
8600
6074
1020
6294
463
7364
2746
5055
8923
8704
4519
1561
7359
3719
8448
6451
7882
8348
1635
1455
237
7081
1723
4839
2778
5424
514
978
9822
7746
9670
4944
3880
6482
592
252
125
2025
191
8133
3457
2328
5464
2442
2433
8214
8597
7836
3036
4251
4999
1430
8200
8827
4736
7228
5467
9376
2108
8680
4644
1851
3817
4747
3314
8816
5495
5365
9639
3710
5931
7513
4948
4808
9861
7728
2518
8626
3741
8388
6562
3432
1554
6070
6032
1558
5175
4739
9151
8001
1331
6874
3867
9406
3109
3227
5784
1361
8021
5245
5525
2237
2368
4844
2024
5034
2770
7535
348
4762
651
861
9159
2627
5113
3798
8219
3607
7445
7170
6730
1758
4447
7302
6010
2785
7709
8233
287
5626
1024
7705
8775
7355
350
4783
4067
1104
1564
4104
6239
1127
4176
6171
6822
9966
4823
355
6224
9409
3475
5910
9519
173
2075
8732
799
1104
400
6554
4209
7975
1888
3915
8830
6744
4509
467
8534
9659
5934
995
9504
475
7597
8310
7805
4225
8927
1124
8882
4658
1672
9712
6283
6559
9228
419
2012
8184
8773
7444
7778
1818
6076
9220
9593
7532
3464
3254
1751
2169
487
3352
3034
5741
9029
7842
766
5444
4070
9647
6115
5888
4224
9214
2911
4757
3498
4119
8179
1784
6261
3559
6682
4641
1442
5146
3012
7405
7843
3695
8661
6097
6975
3556
6961
1695
8457
4206
7076
5658
4854
5437
5846
9227
694
3820
4614
3080
7219
6802
9238
7737
4339
763
35
1700
7890
6084
1257
8025
4528
7925
7713
9925
7605
259
4846
3390
2981
3574
7430
1992
2182
3343
1238
3669
7196
6225
1217
9757
7342
2757
8875
536
8663
5994
1319
368
700
6593
2478
8089
3941
5281
4774
5045
3085
7387
8850
5757
9647
4959
9136
8755
324
7440
5144
2223
9777
8100
5405
233
342
7574
863
5135
1070
7151
1768
4376
7763
604
2454
8968
8104
3957
2387
168
8328
4537
2275
6955
3285
3540
8451
8390
7527
7805
8932
4997
6472
5659
396
9331
3711
7382
7205
3712
3423
2298
488
1591
5719
3194
1864
515
4104
2373
1205
9174
4134
4811
5743
2891
4991
131
4508
9824
9701
9791
2259
8509
905
4761
1455
2817
9004
4117
4083
7262
5613
2963
7220
4899
7031
4438
7672
4239
7
5571
5713
8231
3422
9838
3635
4956
4328
7229
950
3101
1557
1160
2648
3246
7411
8436
4676
8972
1340
5565
7927
6607
8227
1326
7650
2348
942
2106
2479
8690
6415
8451
4523
4360
7354
3890
9974
9937
1345
1423
6190
7092
9600
3735
9503
1204
7672
1354
1476
7558
6842
4555
6395
7500
8606
3733
5170
1513
7199
6407
4961
8273
9074
6395
8336
3227
1173
559
673
8181
7624
817
45
4993
8420
5330
8837
2027
1593
2831
518
8204
3741
4083
7884
2536
8816
8648
747
6964
2734
5200
7412
1691
5312
8891
9787
8889
8947
5821
509
1589
9273
890
9857
9447
424
9853
1655
9992
2303
7778
6105
8019
9465
3333
4456
8211
3385
3373
7383
763
3456
8134
3456
7621
9715
5138
4927
1820
5418
6377
897
6699
3818
6963
3657
2208
1419
9787
7010
8291
8938
762
7536
9413
9704
3698
7096
5079
9892
8121
8271
9397
5484
9373
3769
102
2500
2511
4437
2235
6047
8014
4354
7911
105
3629
1689
1955
6763
6425
6481
6256
8386
4804
7
5016
1135
2866
3501
6649
4272
1319
4022
439
2348
3174
7518
4500
573
5821
8500
2309
7491
5939
5560
8327
9623
5160
5110
4995
7598
5739
2610
9861
9392
5232
4182
8929
3144
189
3698
2503
3453
4869
8147
2233
7218
1467
1070
2102
2740
5999
4410
390
6479
8200
4093
6393
4828
4773
8577
3518
6540
4248
920
9083
1723
2452
597
5510
3670
9275
7142
294
9904
360
7333
5013
4497
7680
3344
6493
3724
1035
9565
1677
5928
3657
2955
1069
9654
8401
4320
9825
8305
715
8937
1360
626
6076
569
6690
5081
3205
2452
992
6368
7440
3492
5243
3336
8194
123
2285
2928
4916
6442
6999
3041
9258
9309
2591
4853
3098
4068
4927
8381
5261
3894
9747
6614
1509
3529
1853
9229
6506
7866
8816
5269
1100
8653
4755
8565
7877
8118
3532
105
1142
9993
5733
9726
9862
1626
9599
4460
8232
4045
4235
6094
1602
9667
590
6617
8814
948
875
3753
1733
333
6680
7490
8643
8698
4193
3989
7367
4868
9712
3562
4329
8079
9964
3022
5301
8836
6874
9038
4477
8157
7254
7312
2163
1206
8700
349
4596
2213
5767
7306
8419
9217
1738
3706
9193
1182
9606
2801
2365
3802
4438
2711
7428
8947
40
1935
4756
6862
4338
5751
4917
2064
9434
9377
2934
3315
892
9198
1789
2486
6238
8111
2254
9175
1621
1027
8179
3159
3255
2007
1921
1657
8804
4958
3164
4690
1209
1349
1236
935
8792
9053
3092
4381
4631
7332
2555
9734
7563
2595
8419
4954
2164
2699
1638
3043
7219
5213
7593
1859
5101
866
4918
9247
47
6765
8589
3396
3162
4216
6182
5394
3196
1347
1073
6110
4911
8965
5230
832
230
6487
7540
2933
3102
4208
5514
1254
9328
5189
2760
7490
2841
9795
6347
4788
848
7037
4385
4262
4929
1810
5478
2491
5199
6704
4969
9134
5721
5417
4195
9121
2373
194
2249
3053
6930
7558
4969
215
4712
556
4756
2890
4289
3367
434
2953
6036
7581
9737
8627
2752
9318
3505
2375
9297
5086
3171
9113
8781
6534
726
796
8189
9951
7320
4727
949
1670
8392
8198
3457
1303
8192
3199
2323
2220
2508
4886
4703
2601
2391
7195
218
314
9620
8789
8708
9987
3093
840
3649
8226
7269
8079
8484
7633
1014
7198
3297
7186
7144
7635
918
284
7299
3880
5045
9207
8987
6266
5024
9462
4634
1994
4615
9692
3486
8678
530
7093
1938
3969
4261
9796
7537
6052
4986
8876
805
9195
6634
6025
9766
554
520
5505
989
7622
3611
5939
6977
4988
5676
3702
5079
9651
9376
4871
8786
4876
8839
1143
5725
1414
4787
8287
3217
1535
9118
1986
666
2691
7699
6382
9014
9834
7051
4011
9808
8938
3481
9509
4402
8284
1517
8648
1555
7414
6037
6645
9957
8969
8468
2684
3745
4890
3227
5
6936
6975
5662
6997
3112
9815
8080
9716
8228
3973
9750
2602
9299
1317
1482
8837
5138
4827
1609
91
9634
5109
6546
4661
6828
9931
6808
599
7785
9076
7082
4379
8921
4196
5517
5952
6184
6129
153
5720
9960
7032
5930
2415
8866
2374
3668
6688
1865
2686
2328
2730
4857
9129
3812
5286
9389
4757
389
7271
9318
6932
5850
5551
5102
9787
1651
6050
604
5529
1478
2580
8979
4097
1685
7701
2626
1834
3906
8929
2901
8241
3351
7979
2508
8806
4544
3166
6361
8684
9377
5094
4673
3159
9619
9699
5169
1575
3387
1755
3987
3378
3434
5717
3964
1934
6278
1152
1953
830
867
5923
4052
2841
4698
6735
8671
3399
5196
4249
8833
7942
9264
8274
1235
893
3752
1847
3171
8894
2733
7149
2233
3400
8354
1321
8619
7259
8331
9939
3036
1085
8367
690
8699
3009
7697
1470
8127
2422
7151
9161
9414
444
6586
5246
2057
5202
7709
6674
5373
7611
878
9884
2376
6906
2207
7409
5549
967
9191
7908
5832
1629
8291
3556
5525
6029
9333
459
924
5152
456
8828
6408
8331
7507
5150
2539
5817
8182
9175
2107
2345
2786
5441
1839
141
3902
4563
5323
9981
4446
4902
1956
2587
6709
440
8088
9580
7010
9965
16
1249
3644
1876
6739
3671
5847
1354
7900
1471
7025
6690
8536
1894
968
1981
2831
6143
7038
708
3489
5980
9999
6516
8695
4086
7829
7098
3023
701
7342
1642
6169
8085
6455
8234
6503
2728
8448
7572
14
7267
7011
9903
5046
8386
769
2420
4645
8813
4339
7466
283
7001
6805
9481
3911
8494
49
802
6946
5840
6376
8132
8799
7445
2438
6065
3963
1715
894
3318
9282
4904
5115
9580
8876
4035
5137
823
7644
444
5628
2034
299
186
8214
941
7531
8558
8221
1276
391
8250
5204
7552
5708
7691
9400
1574
2405
5188
8245
5568
8121
3605
2906
3165
6749
8015
2413
9536
7517
1928
5933
2095
8941
9616
2870
7385
6996
2405
7357
8724
5352
9542
9125
4061
1836
8974
6496
2562
3992
6620
9372
6826
4164
1813
8608
9463
9779
4882
1710
9689
464
8566
7253
6705
7668
7437
8949
5216
7735
8839
2526
6788
2554
9345
8633
3094
230
4531
5665
2200
3327
5154
60
5472
5900
3833
642
4328
7853
3212
9605
3667
4808
732
871
4415
6228
477
802
6633
6042
9936
5774
5554
6575
6498
1937
2644
9194
9679
186
8297
6315
7626
540
2693
8090
7981
717
4594
8478
3050
9905
7056
3876
1945
3922
4582
9016
4513
5460
168
8030
7863
2131
3331
4283
7177
2384
4603
653
1074
2005
683
541
7326
881
4504
8393
3032
1245
7036
8730
3253
7933
2365
9077
1350
6174
4950
8128
8667
8413
3493
9009
1978
4289
8632
693
445
2188
8017
4861
9032
7004
576
9147
1834
1977
7248
1210
7552
605
8905
7396
5474
7292
6049
1484
3196
8202
3495
6620
3348
120
1628
8889
5103
458
7853
411
5336
9217
2687
6892
6469
5413
4828
40
8935
4779
4841
919
2804
3642
9142
1459
9062
335
1870
6865
3978
4385
9429
9637
4273
9007
5639
3542
8056
5188
725
6819
4524
577
4254
4642
6634
7298
7791
6063
7750
943
839
8469
141
3785
2671
3747
9762
6527
1139
3649
1075
8665
3355
1610
6672
7174
9277
1006
1571
8313
4653
3464
4758
2245
7674
9480
3447
7886
4236
9466
1151
4405
332
2531
5629
4218
4987
4262
8053
6906
7671
6975
1630
9321
3566
7074
696
5721
4225
2976
7113
5162
4922
4807
4501
755
5204
8478
3607
1881
1995
5716
1183
9152
9649
3262
824
5978
9889
5954
5608
6776
3093
9197
1113
8126
6112
2987
309
2740
5380
624
9144
6583
8388
5148
336
2443
86
1006
9091
2912
6520
9405
1908
4301
8921
2684
4040
1021
8706
8975
9929
2526
1260
2800
9529
9464
8184
6021
8698
7956
5955
9167
1106
8121
1061
3712
1054
1121
7000
919
6963
4755
6568
120
8220
7774
86
2989
8229
8736
8689
5853
7390
3547
5966
7594
3875
2122
5060
4042
4494
3231
4197
9025
1384
1754
5323
1596
242
7202
6180
5085
1206
7554
6431
1531
1337
3227
7179
5352
696
5120
1783
473
3764
1624
110
4844
9427
2645
9939
7569
492
385
9065
5825
6040
8221
4239
3650
745
5115
3808
9986
9983
9726
1625
3636
3849
8312
4477
9248
2619
193
6757
5242
2436
4006
4069
1759
1963
4538
8284
2857
8083
144
7357
9912
2903
2798
2265
2514
6864
4226
2913
2355
2905
3446
6533
1313
9548
3512
4683
5518
3919
2093
3826
8125
3974
5575
2511
594
6918
6798
2080
4923
1862
4396
206
1746
8967
2746
5263
5964
3635
657
4167
2381
1317
9021
6905
5000
3975
5633
1720
7799
3163
5865
7093
1037
7653
4364
9743
2368
8245
137
9290
1752
5493
6237
5893
1190
4162
1874
3555
293
7264
129
3457
5373
8348
8776
2047
7959
6044
2881
111
4918
1741
8277
5236
4446
8603
862
5913
4816
2384
79
322
5511
224
3736
1596
1240
5720
8717
9516
9934
47
411
3221
2415
923
7973
1195
8811
53
1357
3637
5322
6125
3349
1096
9946
9347
632
8953
9252
4706
4082
6765
3357
4670
7155
9573
4888
8852
5792
733
6789
3723
7272
1231
3670
5979
1336
8537
6926
4867
6906
7071
8582
8119
6151
2761
7705
9513
9690
9677
5502
6362
5058
6839
9851
9666
1523
3669
6985
4594
8356
9160
474
9296
380
2968
7576
5291
1284
6769
3069
7825
9243
5773
3694
5746
952
9828
4821
4114
8199
8388
3344
6364
7100
1496
2648
7064
9747
4013
4138
4186
2309
4448
1362
4848
8218
6291
3418
3556
9887
2932
902
7053
7705
1182
4506
2444
3329
991
3748
5048
3972
7779
2209
4957
4288
3814
7370
9638
810
7870
5077
5029
3669
7640
6022
976
6818
6944
4454
5319
8218
9162
5497
1655
276
6806
9111
6605
8525
2105
4094
3838
3359
4759
6292
2346
1450
7147
2628
4609
6055
9360
7975
4598
7370
1617
7815
5376
9265
1323
333
49
8045
8489
3369
8526
6468
1802
386
2325
3316
2852
4752
531
3825
7706
4959
8200
8588
4355
18
5304
3181
8202
5249
6103
2892
4424
6611
6101
5799
6935
3976
8356
6653
6915
2989
7081
9912
5249
5644
4082
1527
43
875
8848
3481
1033
3838
7947
9031
1880
6066
3585
1685
2224
2325
7231
5103
6499
8162
1258
9305
1771
7980
9994
3008
8848
588
3290
6275
3023
1868
3244
9479
3450
1776
4762
7111
1709
6097
2442
1110
6082
2681
61
5975
9910
5730
5067
9758
8906
7229
4921
7306
4240
2158
3949
1870
9440
1758
9972
4506
2485
4772
6052
6656
6661
1653
6974
8071
7969
8161
5381
6560
1891
8166
3605
1595
5602
4277
3206
3246
5416
5171
7337
4472
1111
8575
746
2807
4147
8576
6860
900
7167
7168
3060
6902
1570
1756
2951
4367
5167
8697
3300
6153
8013
8696
7154
3427
9755
8173
4730
354
9606
296
9674
7574
8791
3307
8483
1092
3081
2338
4926
3966
7347
2332
8722
7586
1825
5833
4651
6445
6400
499
8211
9396
5880
8412
5493
9081
2122
8185
7912
7443
9141
6883
5225
6303
6611
8438
3377
1628
778
6088
6499
4710
2857
4322
9885
3571
7018
2420
6379
390
8969
7012
9987
9757
2791
5033
5139
5704
5205
1536
7758
6611
5818
9134
6432
3516
6105
676
6267
3775
8984
8602
6859
4329
1372
8560
7548
5737
8377
1261
1297
964
7581
7024
2822
3340
7303
2000
7774
5901
5548
3668
1943
7218
5958
236
1941
9962
7128
6513
1260
1070
9284
1362
4020
4423
1189
5815
5480
6582
9869
5201
7451
1268
9440
755
2871
9766
3659
930
1010
4842
9976
4853
8600
8343
441
1430
4881
1076
2999
2735
4081
9442
2249
6800
6043
4706
5910
2992
9602
2205
2074
4120
8114
6747
6910
4972
4512
2413
2206
4454
6890
1650
645
7685
470
6257
2130
3314
143
6807
1415
8435
346
8563
184
7230
7443
8863
4023
1772
1096
1493
3877
3259
4475
4197
2705
2857
1973
2720
6127
7181
5293
6686
2600
3007
3802
4168
3635
4437
7034
7540
1236
3252
1219
3005
7425
9072
8640
7421
1212
4479
8709
1536
1008
9390
3581
3955
8095
4935
7962
3873
9925
3274
971
9858
2070
2956
6169
8272
9208
2924
6735
1865
7865
8233
9280
5702
3538
8547
4650
3638
3263
5521
3449
7247
9208
7266
5893
4448
6072
2157
8345
1728
4810
9254
1673
6948
9561
5615
1051
5690
1370
6237
6225
8619
1507
9266
1381
8843
8042
5562
9830
5372
4377
9574
1162
1187
9415
4536
1820
5168
7599
4195
3972
921
9467
4250
1813
6417
859
6642
3154
9040
4803
9795
6284
2613
915
8870
29
1561
7284
2588
4576
91
9932
1531
6111
4346
6790
9463
6760
3191
754
9556
6516
2739
3617
9765
9686
2335
5952
2864
5580
6807
9723
6073
3531
5396
7505
9044
5403
6039
9404
8147
2658
7873
1773
5892
6434
8191
3358
6963
6309
5735
2733
6938
7328
2433
2570
7616
6940
6587
2726
7444
8547
3175
3240
1257
5588
2802
8823
5709
8514
109
8034
9343
3566
9540
9108
5738
9296
9499
3290
9736
2309
5737
4681
8538
2860
6961
5735
3094
5111
3354
7990
7151
1511
9941
8917
5915
6239
7528
5820
8262
2002
5122
1110
6645
7465
809
3349
4303
5908
1961
5703
9887
4155
8010
1261
4902
3125
5941
5351
4054
1942
9369
5069
4442
4272
6644
1046
1380
1168
5196
4431
1634
9680
9719
5190
4367
4094
6499
8561
9217
6939
2973
8449
251
4009
3828
9731
1354
4319
3599
892
3017
1554
4814
383
8763
3948
1786
2688
6851
1543
7888
5222
6957
7110
9597
4320
1901
1844
7950
589
8132
2612
4925
4243
9553
3164
3479
1482
3358
3789
3856
436
9098
4319
8356
5040
9105
9341
8511
3576
7671
7210
446
8518
5670
6987
8602
9189
7901
1182
5437
6294
8823
3019
3998
8925
3127
3685
584
2126
8419
4575
8947
5252
5873
5895
5366
1480
1713
3557
8612
9044
517
5675
7581
5482
6105
4681
8533
3064
4153
9720
4722
9427
5732
5260
6975
8319
5614
6417
6074
3788
3503
3289
7109
8075
5278
1520
1725
4863
4399
9379
2367
150
2376
6148
3123
2040
4441
7561
4281
8774
3782
477
439
2886
6980
320
9403
4552
7224
4820
5511
7039
6370
8418
5443
7587
930
1377
472
3867
2206
9923
6581
5611
4668
1575
8521
9147
9618
9215
5795
7589
6771
7888
2028
1406
6304
4239
9166
5407
9087
723
620
158
5338
7960
5780
5899
2179
6214
3832
962
4696
2830
6122
7762
1995
7256
9669
7647
6306
3221
3734
3610
228
746
3073
489
4720
4445
3552
9091
1082
609
3323
1032
786
2115
4881
4192
7361
9624
2753
459
3150
1945
9184
8714
9064
1438
7434
2679
7153
5445
2512
8605
4465
1506
1297
8219
5184
3468
8109
8843
5276
9050
4982
5064
9509
8104
5007
99
3740
7359
663
7524
1289
1074
2379
1534
5479
9750
8030
8861
5348
7105
8299
2641
9377
8333
3592
8143
2580
4316
5642
6368
30
6534
7242
754
6161
3077
5692
2509
5931
2266
8454
218
5811
3880
1602
5447
8496
4635
5852
6938
5391
452
7571
3967
48
6940
7032
754
8236
173
7570
5664
3414
868
1477
6714
7251
1449
9811
857
6200
1062
2047
2512
2608
7044
9256
1931
7916
8559
8308
9005
943
7906
7597
518
3585
6953
7443
3613
2392
1905
3319
2253
8559
5916
5390
3630
7938
3259
1822
1570
1333
4569
1861
5742
2690
7689
8715
183
3854
258
4215
2942
3572
757
2944
8960
4129
5062
9812
9563
1262
852
5976
8843
7201
8974
3990
6717
8987
3621
8770
8966
3066
5578
7331
3359
8994
947
7562
7445
6299
6936
5430
8874
8162
381
3217
2987
3299
2950
2660
9882
3297
3370
6396
9840
9017
9893
8663
8620
7970
5405
4785
7061
2333
9186
31
3805
1612
9674
9854
509
9438
8427
303
7501
729
4115
8510
8532
3449
4894
6151
2795
8405
1486
4107
4696
510
8257
6741
8833
7433
2166
2251
4543
3270
9417
1851
807
8158
6835
4156
6548
7917
7892
5319
5327
9352
5506
3789
2432
2732
4648
470
5344
5596
8411
7951
8386
2228
1047
9711
5280
7466
312
8046
133
7569
8170
6793
3351
5445
9609
3995
6695
367
6907
2265
2376
2954
1703
1446
1457
2317
12
543
4126
2620
785
8876
1044
1722
986
9483
7525
6734
6568
6712
6165
2928
6867
1204
9634
4927
9504
7965
4598
394
3452
3184
2334
6005
1180
6922
8201
3479
3054
6411
1844
6230
8396
5235
2827
7891
8755
821
9729
5463
1061
4302
999
7518
9699
4143
9843
8060
8062
4501
5038
3064
3802
3250
7716
730
5736
6347
863
6080
1426
4473
2313
9700
7064
2734
8090
7791
3242
4333
6400
3418
6615
1230
6690
6887
8727
1989
7984
2930
5805
642
4116
315
8147
9051
1427
3633
501
1701
4351
2385
800
2392
7883
4031
2301
3638
9761
1989
6006
3359
2346
7437
1581
6630
7166
6748
4279
3796
8487
3410
2557
177
7065
8978
8273
301
2888
9435
9059
3356
335
6360
8442
4896
6330
5756
6209
2013
1392
2446
6245
3610
3994
5245
8713
7501
6998
1371
4513
7364
549
615
8365
4746
6393
9690
8733
2898
2772
5325
43
2324
4542
8012
830
1114
2848
8336
7218
3434
8796
3139
4962
237
3769
1672
139
5336
5390
4027
9303
6826
717
4922
5243
7909
2772
919
9612
7837
4349
4260
7178
7515
6019
240
9704
7438
8202
5758
677
5238
6096
2781
6643
8620
6220
8005
1025
2096
1458
6916
6373
1743
9299
3166
7919
5301
2628
2014
7913
6601
2140
5702
7310
7608
3183
4542
1062
8416
2715
3867
3458
6908
8523
1010
4223
4379
2598
2544
737
983
8711
104
9028
5226
7045
505
8838
2501
13
1552
6461
189
2219
572
179
6416
6725
3349
2074
3085
9516
4568
6253
4714
8492
7245
346
8612
4757
4235
556
5543
2929
6028
2203
3767
3826
4612
6796
9777
4649
7209
1704
3171
9149
4587
6814
3655
8548
2086
1834
6490
5243
9445
9728
7802
2291
1295
1039
4561
5237
7032
2118
9195
6342
7399
6389
4549
8160
744
2562
8119
1103
2033
8137
5203
5618
7449
170
8926
3815
3597
8275
4004
4169
2429
4920
4403
6813
5373
9353
5097
3015
3734
1067
9914
1422
5474
8879
5939
7224
4078
3583
2347
7039
5996
4933
3524
6125
1586
6395
9388
7267
668
5810
8205
1565
1532
1140
8489
2865
5089
4224
7968
9080
4531
7265
5909
7399
7101
3267
9013
6643
5271
5095
9958
2256
6822
9573
8903
9350
1408
136
4908
2748
3325
3740
684
2511
460
6620
8684
6515
5412
5177
705
1508
9747
6816
5349
1569
2350
2249
1363
3352
391
4280
5139
5544
9812
7956
1873
5615
1632
1239
5150
5612
1328
5264
6617
9080
9314
1528
4524
1620
8184
3479
4362
6965
8518
5486
5571
1034
7645
2619
9954
7297
9118
8795
1260
1007
1903
6559
7471
3092
2639
2594
3918
1895
2354
4130
9453
2591
8446
7090
140
7495
1139
8159
7400
4497
4243
4906
7713
6357
5487
9822
280
9162
7601
7481
7368
2084
2055
169
2734
5610
7761
5233
604
2759
8141
6502
2298
2163
1527
6122
5371
6551
5992
3752
3662
2464
1472
1832
8894
7426
8680
2212
5704
8291
7170
5955
5333
7407
3554
597
9000
7464
8678
1682
6291
1642
9496
6668
16
8302
87
3642
8043
4088
3903
8070
5053
9360
4958
1180
6645
1481
1817
9496
9957
9433
7470
6224
7475
9739
7124
3731
765
5259
3167
3275
3283
7054
8803
8810
6454
4505
6967
7824
1276
8854
8504
7104
8934
6416
3280
3052
5901
9135
9864
9406
1235
3943
9004
9310
7129
4475
4839
7241
9456
812
2027
6546
8399
3330
2265
2028
1084
3576
7846
4619
236
3939
4203
6212
6646
361
914
785
670
1398
6019
9866
307
270
638
8345
3700
6861
1457
1761
6012
1574
2023
9638
5809
3375
8742
813
7569
7509
8190
7024
9896
4839
2762
942
3479
6390
9346
7412
427
3852
5968
9101
6318
6907
6573
1613
4186
2899
4863
5250
3169
4661
7664
6289
2927
3583
8086
755
307
4704
7765
4840
9822
9093
2720
1962
1487
7704
6233
7440
765
6162
613
5640
5569
1412
5811
3209
6574
873
3203
3095
6719
7066
7637
326
7309
1807
564
5292
1642
545
1084
647
7712
2505
7380
6516
1969
1195
9419
2886
4767
7405
9671
8693
5601
1878
1358
1889
6895
3703
2423
9785
3904
141
528
8896
3787
7092
8068
4536
4148
5926
6574
8489
5325
137
2288
6601
3237
7521
3747
1624
4334
5793
375
6602
3904
3701
4418
9111
7225
2774
6603
3356
6464
7071
6907
5590
6951
4353
6902
9820
4366
6815
4952
920
4584
4807
4691
8258
4422
3003
446
1234
7502
1720
8835
1629
76
7183
2085
1079
7575
2253
8030
2426
7566
1942
2295
548
1085
569
7094
6908
5242
5914
607
3167
3955
5521
6765
8934
1912
6004
6493
305
6373
2686
3636
2123
7684
1370
9470
7111
7044
7991
4400
8383
8516
9069
2747
2177
7392
7075
9464
2984
3571
3772
8692
8808
1498
883
8032
544
8323
3588
8550
7225
4052
398
1746
4445
4656
9580
9732
1152
886
4935
8417
5444
6710
2210
4273
5747
7925
2060
9275
697
1897
252
9213
4132
5377
4793
9768
8599
3257
108
1090
4267
1711
4799
8113
9216
3804
7470
3418
2405
9840
1703
2194
16
3681
3888
7619
935
9177
5901
8078
8902
7685
1925
4067
1325
9373
6656
1105
8325
7419
5392
2460
5574
3876
9663
2463
9218
8237
7802
7629
7041
8450
3243
4415
7703
9
1715
2592
8657
4220
8164
6381
5602
3914
5141
354
9682
6863
3652
4824
578
5997
5869
7458
7226
3082
6764
821
6772
8090
3077
7507
3861
1423
799
8409
1485
1146
9602
4826
4389
5115
61
5044
4833
1237
688
3382
8643
6935
3340
1644
6719
4828
7217
3451
7968
5960
4684
6947
3003
49
1134
5824
1238
6570
9960
8573
2156
668
8197
6333
4875
7172
9140
2793
5017
8805
5252
1543
6147
8925
8721
7343
8143
7495
5087
3474
3252
7031
4404
8714
7376
4145
7561
3779
8601
1135
3217
8374
2658
284
9932
4456
7273
2752
1311
4936
2963
5103
4223
450
6975
3248
9878
4640
6893
946
7625
8781
3925
6554
6276
7761
7738
2324
9305
64
7064
8439
6219
1393
2748
6965
9232
2668
6358
1270
6159
6939
4864
3542
5521
945
1678
1980
6692
2903
4137
9965
201
8673
1078
2582
9674
3199
6138
1227
6330
4434
1082
7241
261
9717
7390
1434
9007
2098
9538
4563
4686
2723
1485
5789
6835
3273
8977
1489
3172
2837
8476
1575
9165
982
1968
7419
8182
4095
2431
4039
6776
9444
9015
6824
9968
3342
4908
268
6941
7175
2785
776
6957
7399
4687
6357
4768
2421
2183
4892
4490
5217
4132
8613
3616
988
7366
5848
997
6337
3951
4081
3972
6340
6034
5614
9118
6162
553
7368
3627
3729
3146
7616
6748
5994
2924
240
3657
1548
196
26
102
3576
421
7946
6789
9139
6719
709
1027
4200
1068
4377
8739
9810
5060
4261
6935
4033
8548
9728
2295
87
9260
7605
7234
1798
5882
4108
3779
4810
2309
5905
8671
4978
1560
5384
4850
3135
7330
8467
5587
6925
4459
8653
7594
2799
3703
6163
6531
4810
5942
4264
3287
4303
5066
471
6540
840
5583
4613
2450
1269
77
5506
1772
6054
5576
8028
7859
8419
6999
3687
1725
573
7666
3798
5423
879
6005
5544
6624
4885
4692
2621
1794
1926
1780
4914
4952
136
3818
2178
141
409
5070
1507
3961
7454
6152
1858
2416
8465
9508
9104
7929
915
8364
8812
9824
286
9823
3748
3136
5298
4818
2954
224
8068
3858
6332
6455
9597
6983
7731
826
6415
4089
3085
7472
5419
1356
7069
4607
4066
193
3063
829
5016
1076
8650
4898
6146
686
5403
9473
2119
1551
9594
1023
5574
7585
9740
2171
8780
3262
1617
7854
5368
9847
5418
627
196
7129
4900
8283
150
669
5869
1815
2970
8573
4749
9517
3879
7024
995
9555
8412
6081
2106
1926
9955
2768
2923
9672
4204
2346
4298
9529
7235
7117
1253
1864
9736
2790
8661
9948
4460
1602
7963
7786
4566
8726
5732
9114
2728
7237
5212
703
9233
960
750
3209
8977
8208
379
6342
2261
6749
4470
4073
8523
9570
9938
4764
5348
9419
2912
5120
632
5292
5352
7868
1255
6379
2028
2280
7034
7062
2182
9039
8774
4160
604
8029
9853
3819
4341
9330
2239
228
8869
5903
6635
596
5137
6790
4371
4508
2457
953
1231
682
9613
9575
3076
9910
5014
6820
901
5050
9382
2735
1715
4226
86
7948
692
6229
8290
4579
4491
2773
3225
3075
7543
2882
9230
1204
5839
1832
6
6943
3892
823
6800
3172
1278
6942
1698
1850
3405
6172
3733
5365
1506
5124
440
1980
5233
831
2560
7917
1661
8754
2669
5840
921
5366
4366
3303
3688
6263
4643
8795
8919
3576
4315
6043
570
4592
1431
746
2225
7700
5372
2204
448
5485
3860
3213
7929
3105
7615
7516
2663
6076
6018
5576
625
9140
3592
5456
2261
8814
7080
9874
4156
134
3085
4550
567
9009
5521
6910
850
9949
8512
6557
3701
5115
7255
1718
2300
6631
124
9526
9882
5319
6375
5957
2196
6156
383
8287
811
7421
3294
8374
5959
2028
7606
9172
6322
6852
252
5039
9749
3660
2935
5770
1326
9215
5378
2430
8095
5740
3648
4156
3747
9404
8089
6380
5235
3161
9006
5704
3076
2170
6866
2632
3492
1844
7055
8687
8710
8557
2260
2809
5702
4000
9246
7272
3487
139
6521
2191
5954
8838
2441
3989
6511
1705
8023
2121
2160
890
68
7995
99
9676
8152
1396
7768
9333
8606
4574
7496
6315
7688
9014
8687
2166
1884
5441
4486
2222
8447
6971
8409
2505
4613
4177
5263
7474
7249
1952
6774
9403
2775
2800
9777
2672
6054
7182
5626
8369
5908
2989
6200
4874
8188
8514
5791
5318
4210
3041
5983
6481
3665
7917
1368
1085
6229
2086
4253
241
2472
9140
1639
2620
4517
9018
7352
5592
3934
4778
8399
3107
3640
5102
4024
1784
4875
5198
8482
1461
1392
8791
1905
1395
1851
9345
172
6238
1939
4523
6210
5936
1609
6948
4259
7171
453
607
1411
2850
3271
3461
3152
9900
4945
1656
6952
1046
6907
64
8644
9477
357
1847
935
6626
9295
502
4205
7021
8733
5803
3355
1457
2234
5401
8265
7322
2432
9473
8886
4903
4200
5925
6732
7637
7444
3759
7108
5516
4459
2390
8205
5152
5692
9845
5054
2916
6850
9507
8349
2183
8217
4819
9704
1226
1461
5938
8557
6964
9361
5464
3642
776
8689
9732
1477
6840
8130
5304
1554
6173
864
1564
2571
9286
9746
2835
2644
931
5240
1805
8479
5041
3221
6382
4762
456
4923
6431
2960
5240
3884
656
2269
2344
2297
1068
3496
1969
9127
2336
4569
5935
3201
3195
1626
3797
8425
4612
4480
6391
7278
8073
2295
3141
7910
7990
9916
1399
9480
927
4173
5483
5079
7211
926
4838
75
549
9319
879
362
2239
144
3082
4417
788
5147
9434
6439
2778
1836
9680
4969
269
4250
4956
713
5098
5884
6986
4106
4693
8810
291
714
6012
4937
3510
1088
8879
7760
2915
3276
693
1886
5582
569
6328
4076
1436
2764
1765
803
3667
9404
8457
3903
4003
2230
3194
3060
9421
3076
9123
7947
6133
3645
4608
6542
555
720
4316
8645
2721
7977
2748
3821
9906
2151
5016
7712
8650
1367
479
6987
4640
2764
1198
4968
7234
561
8595
703
2901
8184
2964
9588
2032
7518
5323
8802
7887
331
6789
400
582
87
6001
1259
5674
3831
63
6493
9036
7329
5613
9950
8308
174
1220
5711
7511
3296
6936
4620
3818
3764
2370
1711
9962
6804
4401
719
3349
5932
7131
517
9226
5145
285
5831
5970
8810
7555
8337
6100
7450
2497
3341
5000
4505
4216
9233
9102
5535
1584
1995
3343
9125
4044
3972
1030
6527
1392
3388
6132
4851
8049
6528
929
3690
881
9583
3100
5292
6317
620
5531
7296
9623
5304
795
8148
2540
9519
8619
5334
3872
9281
8194
1395
4875
1976
4301
8247
3548
1879
9715
3564
1171
3841
281
3737
6833
4367
7824
9385
6684
3135
7564
3937
8723
841
1005
4034
4134
1194
7128
5360
3650
478
4794
2825
293
8222
4792
6217
3202
3521
3168
5415
8431
4653
3700
7902
372
262
2717
3445
9911
6883
275
2343
6576
8802
5946
8181
3244
6537
9455
7039
4789
8735
178
7714
1888
9608
6822
4755
2078
8256
8920
7623
3124
3941
5885
2713
8103
3290
451
6014
7861
1432
2865
9635
1652
6075
2649
3097
9764
9849
228
6289
8048
9080
2547
118
9866
1935
2522
1521
5895
5493
9219
9177
1162
8853
2100
6263
1073
6184
5062
7883
5662
8032
8804
1210
666
1833
8233
3994
3443
1294
3407
770
7451
5290
1048
6856
832
3223
5741
5190
8800
3556
8595
6866
7081
1578
8493
2750
2729
8040
7488
5733
3101
7816
5089
8282
5295
9375
4480
6197
6280
3957
7280
3353
8513
1733
4046
3313
3951
5069
2482
5225
7666
1872
8365
1795
3569
1294
9725
6147
1323
6005
1708
4317
8598
6420
1121
228
9483
7475
5930
3111
926
1802
6993
9378
9487
1703
5108
1673
6125
7310
4879
7322
792
7500
2059
7043
8475
9556
1696
9516
9921
8501
9385
9245
7335
643
4222
2713
8198
7428
4106
5190
8220
755
7186
3463
9936
8545
1845
3281
1336
7312
5948
8284
5964
1819
7771
4710
5861
3887
5971
4188
1473
1670
7850
5142
2948
1777
8537
5911
2118
479
3596
4699
4916
6609
9379
821
6091
8457
4555
4932
9032
9408
2278
1229
3028
7313
2505
8146
2999
8826
9938
8598
859
5310
7135
5697
2014
7606
8649
9103
1434
2047
9130
8639
2293
6614
9781
1070
3849
262
7849
2922
4994
2675
8326
3854
6686
6978
1636
9813
7895
4065
3307
2650
9533
8779
8430
5518
2790
4163
2554
7057
5906
8486
3649
2745
6373
9372
7926
6519
6311
8437
7368
7736
3552
4892
4605
8976
7875
2310
30
5143
496
3551
1347
9800
5358
5007
5015
5612
3056
4650
5305
6769
7316
6811
4786
8294
7543
9154
5300
9712
4754
9412
6018
851
5634
2906
4197
897
266
4628
6535
7177
545
6259
8817
7731
1743
6295
115
3043
4088
5955
5108
8240
7735
5550
749
2366
1503
5697
3701
2283
3402
1040
3817
6544
3307
979
5004
1049
1508
1648
6808
7966
6576
2188
1082
7330
7574
2017
521
763
6079
2953
6561
7146
7329
1012
355
4829
8899
6454
7136
5159
3167
9394
3530
3535
3771
5001
8189
1
8831
9719
4717
3230
6072
7658
821
5501
5899
35
2356
6945
1325
4752
6459
5539
8533
5533
6859
8946
1202
229
8808
9846
4603
8745
1716
9279
6768
7706
2401
6200
1617
8697
5693
6248
7876
3456
5300
3671
4370
6278
9696
325
4139
2939
3305
5341
144
4451
5179
3212
9780
2972
7121
2286
9072
9937
6116
9630
2530
1174
5955
2190
7491
2374
3264
5902
4727
821
4376
2042
6048
3431
7021
9943
6966
4780
9648
7356
3032
3113
6198
2896
7023
7773
4809
9772
268
8638
6949
8663
3647
5829
6125
9903
5347
6335
6416
7377
4289
7603
343
9104
3021
2504
8052
8313
5741
6361
3717
106
6239
855
174
8241
4204
8426
3360
3929
9503
4527
6065
8647
839
5494
801
5629
1329
7098
4547
990
1048
100
2628
5756
7040
7670
759
3423
8837
186
5396
3587
7296
1721
3919
2255
4394
3579
8846
7711
8868
4510
312
4342
7856
7894
1126
2760
9491
233
2390
9171
562
1287
3235
6881
7701
4683
6931
5507
5930
935
8763
581
979
6613
4364
3420
693
7357
7117
7572
9981
9002
4192
9279
7572
2747
2582
17
2126
7132
647
8188
5955
3321
3235
3769
5825
2581
1481
4775
4495
7076
8991
6853
495
6080
5597
8091
5718
8290
292
3876
9342
1600
3218
7065
5299
9477
7664
4589
1536
9003
8436
9402
3217
4974
7970
9263
4494
3408
7663
247
9368
4960
329
4173
1761
7913
8094
2009
92
8214
1904
5297
4660
7572
670
1569
6876
5977
4143
152
2101
1914
7300
5784
8529
9429
713
3391
5796
4664
832
8456
2902
1119
1038
7852
8434
7504
6057
9144
7428
9250
265
8834
8818
7449
1520
851
5390
4475
6473
5999
9485
8836
7283
5453
2831
6773
2861
3031
2048
2871
7157
2825
2213
2847
4977
7090
870
2658
1564
9749
7764
4318
8532
327
3095
1026
8459
2689
184
3938
5670
5565
6254
9217
5531
5570
5994
8087
3473
859
106
1709
2283
3405
9226
7544
4407
8505
1553
836
8768
8983
8680
5684
318
9730
6977
2214
6139
1932
5068
6505
7793
9236
2403
5098
8568
8664
3163
7681
4123
9813
5783
8077
1871
7717
4207
4866
3005
8078
796
1545
6439
3366
5254
2730
7806
6395
9449
7725
3818
7490
1479
35
7398
1195
5405
6113
446
1018
8334
8004
858
2749
7731
4763
3683
6303
8543
5832
9419
7403
6438
9638
694
4608
1631
2866
127
5985
8572
4704
4894
6232
3448
4957
7196
1261
1561
7581
5365
1394
1944
2379
1733
9621
9150
5809
2626
5587
1973
9797
4505
530
1637
7474
7780
6044
9387
6642
4830
2451
3588
9634
5980
3097
50
494
5712
7691
5801
4457
417
6342
959
2877
9057
3576
5534
4986
6089
3657
1363
1308
3968
4608
1489
5327
9340
2010
6756
154
9110
6399
8873
7930
3227
2405
1189
9805
312
2663
1988
7837
5084
7217
4989
6930
5851
5253
9711
8417
5931
7563
8982
9612
4745
7053
3534
6557
3539
6708
2326
3597
7967
8381
496
1244
3233
4723
6960
5110
9781
644
8434
8871
3694
8204
8140
1619
7610
3307
1290
9178
6024
1777
2933
8863
124
5074
220
9598
4092
897
8269
6064
8233
4063
9609
2836
1583
2470
9749
7798
447
1476
3195
2392
7290
5679
7454
6119
7885
837
2645
7924
859
7935
4202
1570
3592
6380
843
3122
8694
9380
492
5102
1300
4705
6019
8029
1442
9208
2625
4129
6603
5943
7059
8356
9791
7180
6636
3342
7436
2639
4088
7659
3489
7475
125
4432
3545
1725
3635
5384
8036
6789
1107
7654
2249
160
9343
6873
397
142
5538
6454
1237
6467
6927
8684
7354
5890
2492
5046
7818
4613
5506
9020
4942
7776
9595
7832
3518
7671
6345
3766
9905
8203
4278
9573
1931
1593
7949
5648
8547
1235
1993
2003
7704
4294
554
710
4742
8133
9332
8607
6469
1097
1296
5520
2212
1208
4155
8046
108
4570
9753
7093
8248
7261
7527
5527
6368
2632
7021
736
7683
6794
8849
8790
6374
1024
9389
9720
2219
9693
7904
3319
492
5951
7814
8860
1666
817
8088
7463
1268
1527
9715
5671
6204
652
8440
742
7008
5375
2233
9329
1688
8945
8
9679
2515
5628
5544
5680
47
531
9977
7557
8530
494
28
8010
9674
3870
3786
3400
9668
1157
7470
4886
8762
3808
9596
2040
6605
1705
8167
3581
5764
6875
7263
9831
9240
4363
5255
4718
3103
2274
9609
7811
7903
5170
9988
7027
5924
4343
450
7679
5187
4611
9523
7340
2074
9751
8154
3900
9631
582
9130
4785
8284
7916
3429
3862
145
9316
419
2606
8911
4127
4615
1006
1631
1945
9311
105
9288
5117
2012
372
6756
2271
7081
7250
9206
7895
2504
3502
9099
4768
2041
7008
9274
4244
8674
7421
5889
250
5219
9792
9631
4479
6878
5562
6061
5302
9576
5582
6692
1690
3912
2917
4898
9776
380
6078
546
5327
9540
2661
9533
9434
4198
7849
3084
5816
6994
6562
8862
9739
8259
1704
2153
9118
5305
6399
6641
3977
9915
7937
7641
7976
4405
2767
9183
4420
2846
2037
946
8970
4279
1431
3375
2628
2781
5322
2844
4237
3408
1929
1256
6755
160
8646
718
7911
9164
9803
4555
8036
2710
4246
5475
2457
2565
5641
8365
647
8219
6528
8526
4234
3708
9726
5493
7513
2971
7661
9976
1228
8112
2051
8367
172
7718
3307
1670
6935
7163
7777
4197
8504
3838
4696
8904
656
9285
2649
2572
3979
3135
5145
1282
3501
6604
6215
751
3359
4741
868
7358
4106
5429
4984
7869
3422
8537
5533
3822
3951
1717
5400
3119
6800
3737
9417
4338
4233
5863
9987
4527
67
6327
2548
241
9332
8824
668
9237
9022
7324
4772
5918
4054
368
9231
8219
4577
5612
9179
4149
4809
9016
5227
761
7604
7716
8835
3416
7149
21
3676
6782
5271
8340
3034
3114
9833
9558
3982
6041
3641
320
5890
8737
4444
2315
1906
2617
1658
8886
3342
4019
9576
5432
6156
4909
9459
9297
1163
1338
140
1942
5422
5045
2279
5261
6871
7273
5380
7144
1800
9046
1919
1689
405
2168
8792
6507
4476
4181
5262
6446
4350
2291
8512
7109
3631
9404
4463
6817
4720
9240
6854
7082
52
8982
6068
7148
4284
470
6930
8923
6478
6744
2002
1049
2753
355
8439
7287
4856
3544
4914
6673
746
3750
8853
728
2357
6382
6339
8384
1877
6419
8192
635
313
8404
5999
6026
1043
7984
4402
1891
7552
674
5498
3610
7468
5044
5533
8498
2169
6905
7798
8893
1740
9343
9276
177
703
6070
8374
2827
9939
7248
6687
3647
7888
6656
1080
1388
6891
5503
8710
4931
8213
8267
6718
6444
9524
9024
7950
9080
2312
8681
6562
4412
3553
1169
2307
1231
2469
3735
3790
3483
4531
6881
7807
7188
7186
6029
3850
1354
1964
5832
211
6054
4019
9033
4090
5156
4987
2894
6795
2399
7965
1784
2917
3676
7011
1710
5271
2623
8883
6578
3023
5168
3417
2990
7989
4417
4101
1091
2331
5401
3281
4282
3985
411
1814
6129
1820
1285
1257
1595
5880
4626
9204
1439
3668
3422
252
8548
9045
9987
6269
7943
3004
113
7816
8997
9340
8209
2057
8760
2078
627
6130
5153
4043
8896
8843
9551
9168
7557
8856
8443
5751
8355
1259
1056
6284
2636
8948
1965
5868
1512
2607
9986
9300
684
6094
7088
1163
558
9697
1637
8802
4462
6807
7268
9275
285
1404
1277
553
9365
8594
5429
388
1793
8263
6558
4121
2099
2705
7745
8774
9069
3409
3803
419
9099
4983
3015
2997
2351
7067
5829
6185
5718
7582
7636
9791
4757
2042
7836
4851
183
2116
2492
695
4998
3550
9103
1049
8488
4311
1717
3150
5116
8724
9656
5778
9280
4338
1428
6219
1103
7077
6132
3727
2540
4627
7186
5146
3618
9727
6033
7580
7389
5623
2116
2533
216
6004
5923
2578
3545
3456
7230
7670
8630
9680
9297
667
5590
2636
2550
787
8270
1507
1567
6267
414
5725
5015
8763
4706
1968
4211
314
3390
6400
2256
8675
8525
5213
2118
6392
2029
4005
9319
5319
494
3592
3013
1637
7284
7736
8280
1171
9945
8922
1115
9737
8046
4651
7045
1519
1384
3734
6938
4371
7740
8072
2138
6306
3351
6585
6809
3701
5184
2369
404
8844
3820
1835
6452
6339
1553
4317
7606
7080
8895
8884
5237
7762
7328
6774
6695
9358
2026
4457
2598
3709
5177
119
5688
9408
242
2116
1627
3464
4603
932
9907
7936
3936
6030
1052
9077
1309
8643
172
1269
4891
8452
206
5261
7025
4016
7942
9216
1208
7478
9132
5390
4281
4037
8515
8755
9378
8341
3516
2375
3893
960
3147
6421
8108
4640
4105
5571
1314
6260
9125
775
247
1258
8247
6169
178
6675
1569
1277
2529
9218
2147
5801
2365
5800
6032
2857
2722
7681
2165
689
2557
6361
722
6681
3688
6653
114
6748
7561
1329
3309
1320
4093
3532
1060
8871
5149
4567
1980
1303
8254
377
4493
3067
5127
5881
6365
865
553
3148
4397
7518
5362
1439
6960
1280
544
443
8963
8578
2863
2252
9738
7616
3878
930
3444
5162
6312
6158
9014
3426
9218
4982
9708
6014
4531 19
