1000 500
7
8197
5302
9242
1858
4114
4833
9804
28
1844
4379
8398
5049
1244
859
5590
5948
5828
438
7725
251
2866
9790
6502
5993
9951
8441
8498
9409
6508
683
7220
8830
237
4186
5744
9034
7463
9769
352
9522
5348
4287
6300
5855
7234
643
1887
4741
6379
6750
7806
7131
1366
8308
2149
3208
2820
8803
784
8618
4645
2394
2948
3812
9136
5518
4423
402
3593
667
1076
4040
8365
5125
5602
5256
6916
14
8450
2438
8889
1495
65
3350
570
7554
5549
8132
6740
7512
6352
4587
9490
5935
388
7759
2027
4775
3665
2487
6061
5854
4863
2242
3815
3586
9787
1845
6035
5096
3517
6775
3999
3047
2709
6440
4029
7693
3976
9243
7535
5779
2555
6049
5242
3794
31
3158
2775
2793
9744
5645
176
5762
6340
8101
2825
5946
6292
9116
2308
1141
690
8002
5259
3411
7471
438
6972
9566
4392
9652
9967
220
2348
4924
5011
2301
6027
5122
3474
4401
4761
8880
4433
650
9236
7607
2653
6480
1254
6875
211
8024
463
2831
877
4092
1381
5693
1502
4343
2573
2150
5730
478
7225
3325
5979
8371
5028
61
9637
4039
4429
4569
784
2506
2970
9918
548
3823
2761
40
1858
7560
6821
3727
4464
8581
1458
9708
1335
251
2442
7618
6067
2249
6418
910
2145
3116
2430
4089
1849
1358
6417
7835
8689
5819
2696
9241
1048
4834
955
6666
6805
906
6898
2034
7308
7045
6280
9596
5369
8431
7977
2186
1213
5186
5315
3182
3072
6390
689
3226
2664
7002
5980
1670
3693
2361
735
2794
9913
8351
7171
5705
8686
1766
6155
3025
8521
3064
4431
784
1018
7630
5611
8433
7401
7066
3549
5392
5334
6162
6957
1815
631
2216
1017
1590
2519
7662
5498
5035
6444
4118
3660
8852
4005
8010
1752
4714
195
109
4146
7254
3362
8057
1202
8320
8489
9804
2474
5531
8196
1184
196
4022
8133
4212
7545
6665
3571
7643
7396
2496
8356
5856
5611
7945
2201
239
7210
4486
4274
9583
4229
7075
9537
6214
3715
5335
9856
8834
3084
7231
4682
5298
6628
4402
1825
7196
9256
5619
9485
6378
8580
5306
8510
9483
8313
6434
1420
4359
7858
9377
5094
6723
9703
7894
6702
4531
7599
3237
5481
7912
4495
9267
7325
6067
5597
4472
7455
3805
4829
748
1113
8161
8085
8270
9839
6811
8465
7023
7329
1392
7251
9265
4179
376
1644
7198
5318
8000
3393
7302
3282
6841
8789
1149
3542
1757
1671
1053
7939
8298
8769
7673
8499
1443
2066
7194
9060
9610
2889
9063
8142
840
371
7801
2306
9189
6255
9452
3147
495
5396
1290
8426
1039
4927
622
6383
1981
9571
9127
1903
6508
1308
3010
7343
4414
4880
3562
7433
1867
5849
3246
9386
3697
1749
748
7071
2650
941
6902
1374
3839
3902
3524
6624
8641
7712
1373
4581
6335
9811
2394
1168
8674
7148
6129
9683
1685
1088
9710
1713
4522
1115
7408
3701
2923
7019
8937
6916
2430
1202
8852
6560
9838
3304
1361
9225
320
2744
3601
7784
2714
8356
6136
5622
9653
8748
319
9148
1750
2079
3396
4466
2169
5618
9197
901
6430
8209
5367
8874
6705
8771
1907
41
5507
3505
1785
5740
3299
7097
6383
969
1680
4122
1241
7292
2245
3972
355
8144
8197
7158
8850
855
921
919
926
1876
9593
7730
1347
3272
4389
6962
8066
3269
5970
4926
6474
9975
7781
8857
2633
6098
313
2277
3662
8507
3148
7321
4836
3824
6154
6388
7531
8460
8912
108
8513
2713
4521
2174
5720
1863
7410
3225
3688
4406
4173
2996
9949
2473
8395
7101
8637
5299
2858
7057
8780
9061
531
9693
6259
4830
3851
6033
7036
1136
5871
9034
9344
446
5765
4486
1575
9920
8547
2090
8582
824
4410
5867
4231
5766
4947
8990
1803
4223
7631
9004
2789
9746
1705
7602
9693
6946
3067
7529
932
2897
3516
2030
1985
3985
1109
5069
5817
5500
2849
2056
2370
8111
7877
5746
3796
3547
3239
6720
7424
3331
522
9907
3601
4532
8819
8403
6499
1331
7612
5824
51
7895
7050
7367
4022
3525
8302
2609
4432
7418
2472
4812
350
9251
5237
6751
5679
9902
670
8056
4752
4464
1235
5929
4215
1958
9424
9158
2849
6674
3069
2068
7628
1255
9365
968
5519
4679
4718
9851
883
2277
5649
9843
9350
1937
3358
9964
1979
3702
9204
5743
1916
4795
3487
9526
5946
3388
9164
2468
4971
2347
5649
2310
4932
4062
9890
5838
8504
5544
5971
7388
8136
6067
5367
1593
341
3713
7440
1827
296
9695
878
8752
5341
4772
5764
7015
2171
3989
6900
4420
4331
3016
6392
3363
3351
8298
3582
1126
9168
7843
9414
3894
5353
6971
9333
9418
1153
2103
378
2871
8159
2411
7764
9980
7685
5305
3712
4219
9539
5061
9615
5199
5183
6185
3472
3932
6952
3595
3884
5638
2861
4441
2345
9574
9229
1388
5359
3113
1681
5766
1496
4811
8171
9721
5109
6503
6039
1510
8635
9107
6815
606
4526
7927
7224
6551
2506
6602
4473
1363
3289
2748
5811
9397
7355
7935
7270
8050
8876
1766
5696
1773
152
1585
2410
8254
7014
9585
6163
467
6767
6353
4013
5483
2125
7506
2620
7200
6660
4582
6854
8504
2779
8310
7886
7810
4789
5982
2780
3889
5259
6429
7161
2079
9940
3156
721
3025
638
3670
3801
3699
1270
9185
6863
2194
3745
4045
2509
775
6725
3411
8963
2624
7851
2266
2981
9927
4036
8686
9114
5741
5241
9378
2896
8118
31
3224
2096
5188
6568
5491
8251
5654
2420
1473
3768
7377
5836
7023
7233
7708
8462
3664
6423
1198
5559
36
3388
6100
8588
187
1758
2344
4185
6793
2251
9049
7188
6562
4566
6874
8295
8035
431
1177
6277
8062
1392
6527
7233
2814
4265
5589
7954
7374
3156
7762
5770
1146
2957
3903
1394
2763
8699
9516
3382
2417
8351
5945
7146
9244
1060
691
2644
9078
8612
7786
6103
4496
2406
7249
9015
2769
2744
2237
5478
277 579583110
91 26
947 644089219
716 787
950 378456766
504 258331247
889 39227237
332 823
935 20
344 796389758
609 517333501
911 393349729
441 30
957 482120013
824 236419087
602 261037832
223 472
762 778
90 146374666
671 72610357
20 877516841
549 831821761
402 11
307 1512
22 85371662
474 384944936
84 241415722
710 913
147 52
207 1477
495 1743
44 1790
430 961769506
624 765510068
656 1830
391 445
462 19
465 13
613 605080419
567 33
108 45
878 10
803 212091007
578 704840900
446 7
172 211091408
386 531971189
348 40
573 1323
444 1213
178 45
944 459681904
398 27
649 1557
487 45
592 928
726 94
695 42
421 1375
40 816
841 1214
81 1129
85 10
529 248932660
241 83441091
34 1971
231 49
564 85
880 18
67 818392800
821 234003337
742 23
234 461809534
713 214827148
589 54457378
912 35
798 38
66 1590
545 376
301 31
501 171400514
431 358
175 1321
964 1860
633 379510743
766 1361
283 753
37 18
709 481
150 38
879 316047393
913 608
260 6
74 19
335 29942418
133 688340602
36 1636
627 318980548
232 372652315
16 868945162
729 570551417
684 297833849
929 1525
858 269244060
467 91082361
346 3
230 30
494 50
397 994563174
553 49
388 43393033
769 1458
249 37
289 153500365
986 339955741
712 20
523 116
515 984416077
466 547
212 7395206
254 40
374 1953
407 399558781
779 8
352 921
151 616211591
455 752637236
164 236176728
200 979
318 24
543 425534459
670 557
674 39
383 13
663 282236042
882 810569063
489 724354209
484 159
780 126102903
840 208553717
547 1917
351 448732474
815 350646839
492 1552
612 1725
642 789248007
782 889292927
326 925659344
190 19022069
568 622738275
167 1439
805 94513853
527 383707260
973 941
987 867
364 696415739
89 529605797
822 1959
872 1383
865 1351
213 41
502 795159164
689 426
210 16
263 31
933 1404
75 224261530
425 535444714
675 77
117 396352902
921 885459982
6 21
653 248052094
442 16
146 1240
103 43
939 722516745
154 45
960 937
895 769885785
50 934931702
650 68254861
888 300483408
558 5
746 993371497
569 785
530 1732
197 43
350 27
517 745
907 1947
623 434
509 878206469
116 415907599
657 705267331
767 31819829
481 25
795 408615583
969 907125814
389 276999619
218 641014116
851 423277933
968 845
736 1284
733 128181230
537 248471047
605 4
3 44
953 1495
596 530342172
892 424977416
954 47757801
325 426
211 534
807 413825143
199 22
825 624525643
999 286
965 509
367 1763
984 212086469
956 23
581 943
204 966022592
447 403716876
788 323
5 864
493 230554017
23 926894471
625 67602811
458 1418
405 1077
366 1741
214 10121134
450 128464751
409 173
943 707900142
606 933
479 710465254
902 174740955
35 1820
2 430429297
225 331
406 1224
205 1276
648 772
243 877536853
808 1233
339 854
457 851
239 119626176
294 479494934
994 816
424 575868972
185 408813358
54 333085822
136 3472175
188 892659926
747 325135930
45 551315547
312 835142260
856 31
521 156307581
354 566912171
673 948600563
49 41
677 42958259
881 489
763 1049
885 901553809
69 1973
614 2
760 1303
399 768900187
575 26
429 917687313
82 294
454 427288589
635 1982
359 92697850
58 528966246
799 579
86 1294
363 49
666 545
460 693
420 777908175
875 415854979
330 1553
593 47
864 639688599
817 25
390 695446266
440 1283
281 42
842 634578097
1 853912923
321 22
681 89120012
818 814766575
869 635573388
415 158015671
860 767
683 44
376 270281527
299 1713
284 698686931
536 365
761 601449605
423 870215786
724 602612148
173 252405047
697 744
883 889584726
768 290783396
355 1239
790 1308
271 266
512 946543549
668 969724397
833 837619392
718 305
202 687183873
395 955646342
834 379560010
468 541778135
636 168585704
615 38
686 586
228 856816102
507 576523927
88 178156780
257 792605594
941 899470576
629 29
855 472
276 880678030
272 761
248 1924
438 394
368 597777037
356 422
432 806515470
219 936158293
483 1341
503 651975132
511 280277674
916 367
831 145257128
463 3
772 21
96 411509962
554 1891
370 873
193 331
551 40
285 879
192 29
215 844221967
30 328031208
123 401
976 1529
520 205616064
247 576276443
919 1295
641 164808595
224 1862
756 756662527
802 924084939
434 145843727
835 14
975 961071361
727 25
958 447562188
328 1770
186 12275790
209 374059146
138 1197
208 267228792
981 32
316 532
392 1439
541 18693991
704 452831095
995 39
678 630
196 399680926
715 407548666
899 172
591 888434011
714 946426616
660 304741309
137 902515559
157 309604101
76 1171
490 334
101 640399452
233 104403624
522 650098093
203 24
130 250323942
324 636254997
369 3
791 638146066
258 673
909 87930215
32 475574075
654 695
617 786681254
198 168531633
194 948
482 1239
286 18
80 872931737
300 23
977 389
525 382864430
183 116260793
114 939
206 49
24 44
659 352993300
282 1562
156 806004014
759 1836
404 1580
99 807731504
560 302856170
870 1015
556 361528495
867 1187
600 668672329
962 1217
928 22
303 320208204
793 529440212
963 914513377
47 1708
754 834703717
703 128
923 591986575
152 930493326
308 40
163 932849614
331 3
251 545204720
342 181938298
751 585294189
322 1804
696 1227
125 626655268
98 24
478 960236819
105 752659854
735 28
669 602
949 158084132
79 724056171
967 543090332
776 473
189 60688796
336 1363
991 70979268
428 960798509
810 50519587
826 204913764
259 278508762
687 185322222
816 22
707 397505924
708 248232012
451 231
827 1258
922 46
832 843423057
61 695860571
519 1852
315 40463206
121 614
8 37
179 541278386
508 49
262 1545
647 111
997 746036677
436 28
550 491
53 716440416
764 493415798
985 532
989 611392268
819 808477243
693 126661526
131 236004830
785 83370228
295 6
672 899127519
244 5991521
118 908256505
269 1028
