2000 1000
9343
4828
6913
9275
9018
1958
838
2089
9387
3519
8865
6249
7603
7623
3163
6295
6470
803
6431
9109
8597
9275
6748
9151
3672
5637
2323
6543
8532
176
5893
6255
5993
6811
8638
5257
1397
4209
8222
2453
7685
1873
9956
3696
9683
6029
1712
4719
6252
5667
5710
8117
2085
165
2454
6073
4894
7043
5098
8138
1393
6588
5882
8371
2129
6947
9501
1253
7645
5419
5466
4224
7226
4312
5633
3213
7206
6549
3737
5598
6509
409
4258
3674
3588
7962
3840
1235
5520
6852
3368
167
2269
5530
6453
6397
9531
4816
4726
7077
3535
8920
3966
2560
4511
8252
6761
243
2472
5744
381
3230
737
4618
457
8038
4131
1808
7269
3398
1220
3675
6097
9515
7975
5802
3474
5021
4838
3414
8344
8613
3107
5585
4539
2766
3708
9309
3566
6740
8831
5124
9020
4061
5817
4998
8830
604
6792
9307
8676
629
6183
259
7727
9302
365
9175
4891
9069
4295
4953
7688
4148
9527
217
6538
516
9172
2667
7610
40
4034
2894
2906
8336
285
884
1906
6588
5381
4756
3567
4634
6275
2459
5600
57
8775
6380
4173
9948
7676
3479
615
9293
4011
2337
4890
3807
5485
7342
2609
7663
1165
4172
7409
3791
5247
1001
7766
5627
8788
125
2606
3229
6923
9461
6133
5707
7635
9846
8591
5836
1895
3800
6506
1612
333
1652
9277
7474
6239
9055
5959
1116
7411
9387
8024
562
8580
1079
6524
7257
1646
6472
3851
9079
1380
678
4655
6412
2624
1449
8366
5197
5979
7288
6614
2916
8596
630
4961
1587
8972
725
2203
1653
3099
8006
2559
4021
4452
9945
105
942
8212
5332
1534
8278
5487
133
9278
2596
7067
1119
5731
963
1800
2240
8609
6726
938
318
8934
2781
3035
2420
9557
9185
5391
1690
1538
3599
2974
5136
2011
3421
4302
6691
3302
3328
1289
4309
5294
6201
7720
3909
8639
5189
5582
698
3662
8435
4114
8426
5889
8399
8144
7494
5148
5606
6779
2575
8099
5463
924
6869
1432
8544
3375
2360
2027
1781
5874
4069
839
3889
6367
8633
8606
5431
6270
3423
509
9739
5375
393
3751
9064
1607
8573
3842
2877
1157
9092
44
4302
3653
8634
6460
1611
5719
1701
8379
1526
6472
1454
8649
8458
9988
3962
4830
1266
3038
8927
1171
1500
1822
9765
5168
1463
1347
4495
3092
9122
4798
1124
1678
6033
8319
9006
5484
3071
1409
6579
3187
9195
3904
4469
5180
8049
438
8295
3064
4933
9591
2250
4341
1003
465
9046
7168
5558
6655
6434
3241
4442
5598
9940
6663
4262
9883
1882
7058
2026
1870
8104
5317
401
6695
6613
5880
2033
5522
9402
7545
3037
2112
6128
6013
472
3165
9347
6900
2169
4998
124
7502
621
3705
7061
1214
3332
7514
6872
9833
6174
6471
2532
9682
6616
9165
1528
9463
6522
4245
4640
6721
9522
1721
9206
7780
3090
6344
4575
8233
7079
9537
373
5129
4288
3654
7410
9064
5051
3993
5155
6267
454
681
3664
9401
1262
5733
3661
1039
8533
5399
6944
26
951
6584
8609
4538
5521
6953
5803
3716
1938
9376
8087
2820
9122
3469
3162
2023
5079
8655
1743
279
2612
6104
7756
1951
6297
9888
8845
4578
3596
9956
6320
8881
6182
5853
5168
5272
119
6378
6698
561
5311
6098
8159
5852
1270
2150
9347
6702
2998
8685
6094
8476
2683
7851
2541
1173
5477
6180
656
4802
1623
5655
5772
5635
6480
3214
6412
4882
7632
2390
279
9775
2391
4490
9751
5850
8018
5457
6460
5259
3968
9590
5535
3566
7931
213
7159
2453
1947
5465
9588
9647
437
7193
239
7310
4913
5495
2481
9998
9928
1831
2391
7726
4410
2504
2887
3874
5692
1356
6505
807
7087
2882
4168
5880
9041
7524
7442
9356
8555
2807
3372
6502
9810
4869
9012
6775
8182
6996
9220
4592
5143
9131
1888
6086
3844
3102
9777
648
1081
1834
5998
3684
1628
3261
1449
3161
3108
4742
9824
7753
5959
5436
1482
6966
3406
425
9240
8869
8644
4130
9173
3396
2157
4956
8488
2262
9839
207
909
7650
318
2788
8544
4148
1224
6967
6688
1085
1550
4630
4646
3692
5398
7734
9865
9727
6468
5992
5727
2788
7877
8910
5716
45
801
3533
8329
4822
8486
4276
352
1673
1033
7071
2609
7107
1500
3262
1070
4086
1846
8993
9063
8634
1711
7312
9942
778
2766
5136
4072
7326
5620
2513
3421
6796
1178
6002
8059
1795
289
775
7101
9002
8748
6555
1737
7853
615
8402
8244
2218
5333
9765
5730
1785
7139
9982
7011
6482
5203
9936
97
7652
7538
3309
2441
9028
6587
2278
9334
6917
4798
3835
9261
6273
7498
171
2668
5731
2022
6803
7533
8831
2159
2178
6041
4712
7848
3266
4581
274
9885
8780
9074
3845
7953
9141
5605
5010
2053
2050
2203
6127
9901
4427
6231
9485
6323
3394
8518
6762
5254
6785
6248
2484
8792
5873
305
9455
4828
1221
1102
8687
1581
9793
615
3954
1248
5609
4578
6891
8189
574
2495
495
6548
8002
2168
9469
7827
137
6782
6205
8254
3062
996
1687
3851
8131
3013
1824
7717
1111
8923
3825
799
9484
6374
1397
2909
1009
1833
7684
8125
9133
2376
5123
9717
9158
3869
4739
481
3140
4942
9021
7252
1401
9195
6169
1305
9090
9581
9309
1109
9081
3514
381
1572
1089
3021
8636
7025
6073
7846
3198
8797
6602
560
9247
3057
3967
4808
1269
5485
1002
4205
5045
7168
5366
3530
5989
4355
8118
6247
2547
7063
7382
1689
4903
2063
7457
9973
3010
6290
3889
7065
807
2678
5585
4976
7313
9213
263
640
563
1098
9378
9780
6113
5902
9463
7078
8361
4924
5557
7359
2610
4528
7418
8977
4886
9733
2381
7167
4239
6267
2790
4162
9628
6359
7375
8136
8413
6600
1049
4977
789
2801
9462
7184
9950
6099
720
8267
7229
3834
5541
2785
7115
5514
6642
4232
4983
5141
6504
2346
1183
1051
2482
3654
4506
8261
7027
94
4091
4098
3055
5685
5791
5859
1747
6436
1443
1147
5227
7692
5504
4593
1211
3479
3539
5615
8603
9110
7001
1143
3762
4977
4966
5893
3519
5982
7861
6865
274
5454
9486
1175
8134
3353
4629
1619
5910
8941
5024
9490
9856
2760
4198
2457
3037
9405
7965
3446
8631
6736
1046
8170
734
8477
956
6825
7127
8292
1244
2686
2629
1565
8238
8699
7244
5329
9724
193
8864
9247
9714
936
4658
8943
2677
4946
3501
6636
2109
5186
1886
5997
428
8276
6071
2130
3790
9546
114
5027
9046
3256
3939
3309
6967
5932
9825
6549
8204
3479
5261
5060
6231
9981
7003
910
4426
6120
8478
9709
3421
6636
9438
2880
301
5413
997
8239
2107
8508
2401
5751
9649
1237
6531
8808
4497
7370
6994
7969
8768
6406
2600
3952
7751
4017
6300
5540
5117
3330
8620
1381
2961
510
911
7273
7173
2392
3952
4667
4476
2804
236
6239
3282
5833
9614
1021
2745
2542
7940
5763
4725
4058
3509
6479
9265
112
4629
4555
3606
374
2624
7231
3183
4642
1408
1936
1928
3813
6592
3965
3806
9064
3156
1700
1684
6948
5287
6297
2684
7875
8933
6324
2124
8949
4511
35
7295
4475
3403
5661
2219
4740
92
4030
5878
9757
8540
271
2104
502
5329
1469
7398
9386
4597
3868
3116
7306
4404
286
7126
3924
4365
2938
7313
5476
3302
2950
2990
5258
6336
8028
1365
5289
2251
2180
4544
3229
1937
102
7299
4796
1054
5471
8367
4117
1267
6296
6607
6225
5948
2082
9223
9818
5381
8488
3834
7201
1289
9339
5256
2652
3552
3388
9107
2030
8055
55
2464
6240
4319
871
9450
1207
4084
1196
6274
2081
1075
8223
1687
4284
2418
5746
8993
12
9254
6833
4422
1269
4252
7191
252
8174
9989
8104
4641
6409
1160
2085
1816
8141
6324
4275
9319
2625
5182
9093
2787
392
3853
1399
6809
8747
6609
8564
6392
4945
7565
5372
8049
5010
5591
5961
3371
6541
5420
944
3057
9630
8759
2750
8107
1908
8973
8876
6739
1260
6705
1112
7160
1019
74
4949
4096
5107
9025
8059
7949
2154
5239
6418
5130
2243
7000
4107
69
2186
5292
6561
3222
2560
7387
3337
4926
6050
6569
3746
1646
7740
5785
5998
8958
7843
415
294
961
8875
1940
10
3580
8553
7699
6771
3894
5530
2572
6426
1910
6661
5976
6316
6376
6986
2852
6839
2755
902
3825
3079
9634
1208
2573
240
1819
1983
9873
1610
7238
2659
5184
9648
1159
6712
7968
5014
5028
7035
5977
6290
4252
4725
680
8453
9632
7076
9244
485
843
3287
8931
1702
3666
2571
4138
9329
2375
7580
7317
1212
8665
2733
3136
1627
8078
8780
1562
5300
6461
8767
9389
6507
7796
1237
1968
2751
3025
7313
4906
4548
6554
9645
5943
3418
9063
3172
8230
5110
3241
967
2389
8803
7375
9371
9176
3678
857
6220
9201
1746
2940
3646
3052
8889
7898
9032
7237
308
1390
6182
332
7006
5091
9198
9963
6480
5234
7245
2121
40
2998
467
4061
5195
102
1812
487
1939
1502
375
4504
2235
7965
1611
9970
5723
8342
9101
8779
2439
5450
5321
8902
9195
9203
8554
9856
8026
8273
9813
4865
9866
2363
4244
1127
3490
873
3760
5971
1180
7027
2634
408
4039
8228
3125
8366
2075
9244
9781
1437
7993
8791
8511
6364
3991
1745
2674
1373
1046
5934
7716
8653
1808
8930
5017
6043
489
2205
7673
2083
3938
2114
771
4748
3202
7661
8628
7595
6791
4991
8008
6643
9230
8469
9384
2900
6710
628
4967
9319
8399
6743
7007
6642
7378
872
4814
9656
5444
8075
7053
1340
6213
3927
100
3827
1618
9226
2875
9383
3905
5583
5585
9647
8731
5260
4820
8088
3606
6331
8550
4806
5307
5047
529
376
6060
1079
3400
4204
3443
607
6010
5076
4520
1245
7859
5784
3734
7846
2821
6656
8326
564
7856
1802
293
8136
5702
4702
5236
7213
4823
8702
877
977
6053
5561
7578
1298
1180
6147
6860
7861
3016
7926
2601
577
6876
4994
2526
2669
8741
4546
7709
8013
3062
3259
9920
8846
4440
3229
7075
3504
2029
4437
9785
6454
8335
2778
9435
6432
4116
6899
9598
4078
1711
706
6439
2656
8694
6396
6969
776
8472
1408
5883
88
3678
6126
2723
1393
6407
3212
4732
4823
3483
5183
1523
6315
1874
9519
2343
3884
5083
4219
551
3800
7732
2669
895
3101
4015
995
752
4804
4236
2542
8110
9871
3820
2513
2817
8885
3051
4220
5729
3094
1715
6894
8523
1222
8566
6538
2628
1192
4804
8617
2912
3785
2946
518
1707
6004
6533
5639
8392
5892
8397
4134
7314
4394
2071
8304
7996
3164
5456
5871
738
2861
2808
7761
7646
7913
2282
5827
8690
3835
5247
5610
6605
7
2115
7910
7008
8242
762
9756
269
3900
4734
3213
7833
7464
4038
7775
1220
7118
6879
2373
4840
678
5954
808
3551
5320
1427
3354
9439
8413
311
2866
3848
4973
5724
7861
3537
6331
6599
2090
4178
3479
3458
5147
2011
5666
6416
9815
3703
4812
1064
6786
1987
8210
4573
9334
6954
402
9755
2606
8879
5819
6388
3423
4085
3918
7857
5950
3109
137
1862
3319
6915
9339
348
2192
2327
3365
4347
1609
6098
9772
7195
9787
3461
845
6130
6417
5080
4289
324
5690
3620
9896
9733
8030
5093
1379
831
9786
4513
3678
3629
2568
9026
2008
8602
6231
1994
9892
7624
9573
4106
5966
6566
3628
4808
1715
1175
1785
9268
4192
3313
4823
9254
4102
8346
9533
5605
9814
2852
1339
2573
7980
8400
7797
5110
5256
9192
9805
9582
2898
1604
4604
4999
9045
2522
36
8669
3169
3707
6394
2517
9628
6363
6742
7818
9581
2307
6362
4425
2623
1847
9442
506
4859
7061
2413
7092
1657
2008
5798
3228
6393
9220
6799
5291
3302
6284
1936
6232
7251
5604
2550
1832
1479
5336
3235
9237
1411
4546
5553
5823
3164
9377
6781
2940
2617
1485
3728
3006
323
5929
4768
7969
3853
729 336
192 373
250 104
38 204
768 477
517 994
165 920
48 73
388 690
75 546
491 110
635 989
133 451
743 921
220 906
11 597
735 225
22 482
959 934
889 302
540 239
18 243
658 825
799 202
278 544
403 278
975 359
302 837
960 138
216 65
464 569
606 655
817 207
986 447
316 676
51 329
364 247
986 903
428 948
583 41
619 40
54 916
984 86
860 57
123 559
198 267
36 493
873 157
141 982
16 764
921 994
970 979
927 452
101 400
891 28
808 741
882 219
766 631
96 707
131 162
310 746
225 330
809 894
180 372
824 732
129 669
793 719
423 29
288 115
497 193
261 117
524 544
144 360
36 633
792 357
501 519
126 202
833 52
710 207
541 620
299 872
63 191
764 257
21 717
419 563
854 8
617 483
848 412
599 919
818 198
825 569
220 425
652 932
997 741
876 864
804 964
728 474
606 881
870 802
734 408
775 396
54 295
454 509
844 109
894 273
813 834
925 437
241 907
759 854
23 421
182 88
810 82
367 651
387 26
170 48
900 850
797 413
953 407
528 192
392 290
922 285
742 124
307 192
648 897
312 253
476 927
352 944
172 600
791 962
347 767
935 430
909 523
894 509
940 46
187 444
20 994
639 473
185 326
696 691
586 798
935 374
466 23
691 834
555 303
276 288
463 766
936 460
648 129
445 877
421 283
644 278
899 610
810 547
40 777
334 538
812 498
926 732
782 214
288 633
169 139
972 208
280 869
996 795
589 858
29 437
940 848
303 944
17 110
267 230
732 85
812 65
645 661
762 713
417 711
313 396
231 890
650 735
627 892
780 459
409 709
763 258
7 607
996 675
873 179
567 144
17 471
830 108
341 452
512 274
950 354
249 385
540 202
187 292
279 362
915 283
463 117
164 107
164 787
606 976
666 930
613 348
559 535
256 120
152 420
510 419
881 592
799 82
570 657
227 504
24 491
154 734
630 434
589 424
967 566
294 42
513 888
94 714
821 565
940 195
833 454
952 605
714 149
422 573
618 371
186 298
52 491
78 465
102 316
965 896
690 304
334 646
133 303
584 565
205 376
836 990
712 514
688 118
254 596
902 626
257 614
594 576
647 95
588 740
987 525
452 708
93 164
205 963
938 527
106 600
94 215
422 595
512 148
301 696
272 586
534 350
63 674
461 539
329 394
789 687
728 690
367 118
916 870
254 614
402 415
744 58
65 18
620 180
527 248
279 281
503 128
108 844
343 985
98 897
965 547
22 419
57 660
897 829
496 393
247 884
415 940
116 121
568 345
729 782
932 337
760 640
987 73
866 893
251 35
919 541
925 355
139 713
743 609
99 426
219 739
266 275
414 414
507 330
964 764
298 784
815 123
339 694
724 193
501 166
258 702
530 19
60 739
729 292
295 487
120 931
700 533
66 222
733 820
944 152
284 426
306 672
203 675
410 634
895 488
614 53
716 38
28 892
237 524
296 841
992 709
752 272
511 736
438 151
259 930
795 247
806 603
831 2
727 243
658 224
477 150
731 765
204 623
925 330
17 953
965 656
115 306
667 719
852 911
579 396
665 390
506 986
415 274
795 542
557 303
879 860
484 147
974 582
515 545
610 723
437 564
265 110
705 808
884 811
719 603
253 488
95 942
273 831
771 104
155 99
914 573
355 116
756 413
556 159
954 951
439 74
965 885
949 766
315 244
626 48
187 947
277 714
1000 955
789 622
527 67
118 425
637 586
81 736
478 680
734 217
671 350
406 405
353 840
88 111
52 278
855 981
425 131
697 160
174 732
923 272
13 913
549 194
749 740
733 984
298 496
54 843
503 287
152 849
848 133
127 191
978 475
237 686
593 27
462 847
45 894
922 193
419 575
370 545
767 309
250 440
215 799
15 163
836 169
577 721
458 540
786 51
106 306
123 312
535 816
258 949
727 188
549 676
713 993
692 378
117 602
817 348
564 319
29 424
687 366
792 559
398 147
751 156
563 371
867 141
983 677
185 967
486 348
651 602
306 791
466 473
117 265
568 824
546 108
585 608
73 317
579 868
577 481
202 724
28 160
382 829
607 885
616 479
518 884
745 463
953 831
662 936
479 193
842 529
907 454
799 657
347 287
106 254
830 367
111 135
598 405
45 163
673 505
880 294
32 466
632 178
725 371
370 774
279 797
683 255
728 351
115 678
12 16
690 650
376 944
258 889
668 349
773 873
592 602
24 605
727 493
396 510
224 37
83 396
529 33
465 57
983 879
569 867
433 739
320 549
597 748
550 445
426 429
234 384
154 91
525 26
585 618
140 727
76 184
278 170
499 92
737 28
526 410
849 100
7 532
982 785
971 364
750 928
635 348
805 644
562 330
637 873
677 636
350 65
340 882
432 999
423 421
224 481
62 835
530 876
127 199
580 619
524 610
821 891
552 633
643 655
767 600
536 805
553 533
631 880
536 751
734 405
21 999
205 315
183 402
10 971
680 571
726 619
64 419
711 73
641 308
713 704
288 797
333 865
178 668
163 113
22 896
261 81
620 763
784 385
835 461
766 712
717 959
898 378
93 343
452 327
355 359
700 796
698 322
960 358
328 190
593 713
954 632
78 778
522 721
70 915
80 318
188 549
15 348
829 328
153 168
947 657
535 248
825 269
237 562
161 94
687 258
137 911
900 5
477 712
209 244
492 434
38 539
532 240
338 28
667 894
425 70
7 481
875 56
684 416
177 589
590 664
680 146
81 646
590 532
307 870
962 418
934 96
477 141
137 3
155 541
743 110
727 80
965 735
229 627
457 574
172 346
700 775
856 585
815 10
673 273
762 974
483 699
967 217
945 492
325 740
575 818
171 905
896 272
281 774
406 548
91 530
595 164
534 968
286 814
608 368
443 866
413 408
112 341
573 582
89 590
808 180
166 291
616 482
252 204
430 423
571 811
832 455
228 519
974 236
163 185
147 478
966 900
970 734
847 407
459 631
52 926
619 510
422 469
569 873
635 401
588 506
611 771
640 630
995 951
601 228
134 698
899 755
509 682
53 534
602 482
933 451
13 698
350 610
243 659
127 832
851 645
977 20
256 522
60 739
474 645
785 506
3 169
205 347
902 401
955 224
406 276
641 451
641 287
369 915
291 834
49 305
232 346
502 22
497 738
391 637
163 795
781 956
623 488
561 873
488 951
52 149
943 797
226 855
36 850
977 531
998 828
614 940
727 315
381 644
743 326
471 741
808 538
359 39
580 440
312 654
548 540
464 976
464 76
993 557
532 357
688 844
573 932
510 640
237 587
899 168
922 470
213 206
437 577
52 68
120 467
631 436
947 841
968 749
501 637
116 738
765 72
856 998
794 851
596 552
656 799
917 248
603 300
316 31
594 486
399 981
101 8
939 22
983 176
559 555
592 178
951 522
931 126
133 798
787 619
920 631
408 21
226 72
413 597
563 650
912 4
68 189
789 748
973 571
507 237
876 245
853 911
104 571
675 121
520 196
590 452
280 783
880 967
818 823
315 930
48 13
506 558
972 423
906 785
724 993
604 641
305 1000
454 967
549 696
184 579
947 268
884 727
714 743
139 782
909 503
560 353
628 704
939 98
880 6
532 121
258 177
458 643
39 603
384 74
88 511
510 748
163 830
522 956
752 145
327 33
133 176
565 300
507 298
225 737
566 610
477 458
578 325
887 399
192 199
633 226
633 103
771 356
649 511
494 788
244 359
891 933
367 227
106 288
180 284
48 664
41 153
923 137
729 875
934 549
999 376
783 217
402 404
656 875
363 238
555 324
284 116
366 977
146 812
511 95
951 11
125 808
793 981
386 180
137 837
951 652
533 846
140 455
814 139
10 843
510 286
386 40
343 829
572 124
978 484
349 487
929 727
795 371
948 197
51 281
312 492
740 44
719 477
51 6
892 582
980 670
110 650
213 272
860 653
857 497
687 286
770 884
446 945
152 264
136 272
222 833
640 136
513 978
934 162
933 847
804 193
375 68
413 582
445 242
565 376
397 738
360 68
184 872
750 646
579 72
86 23
282 685
449 110
794 624
390 373
740 332
604 198
821 589
859 585
309 752
638 279
332 603
131 651
983 426
243 403
185 576
134 785
512 644
958 741
498 209
866 927
92 650
585 451
767 969
745 638
182 2
486 648
402 756
187 866
666 43
660 824
463 722
917 405
685 780
42 88
860 975
934 275
749 83
198 194
636 155
791 12
545 469
221 416
133 901
553 54
203 660
95 973
595 359
612 402
473 758
501 158
559 949
842 613
848 646
96 752
42 864
107 355
605 103
338 754
538 395
494 690
580 757
412 680
693 839
795 805
15 526
650 261
435 723
568 738
297 28
220 218
596 571
515 768
311 817
584 351
782 776
290 867
304 194
83 611
981 402
311 945
217 318
656 639
61 135
949 263
719 226
842 596
825 93
913 998
533 357
536 889
125 178
808 279
511 991
303 97
545 809
912 45
107 480
734 823
501 607
437 366
948 430
491 243
27 443
187 738
942 870
64 916
864 612
184 828
563 285
183 955
715 294
635 511
140 843
