800 800 727
9070
8599
1358
4771
2647
77
4187
272
4700
4983
2260
7689
6688
6745
693
4959
5090
1812
8064
8514
8348
8661
7473
5816
979
395
3910
3984
237
5703
4773
9929
3725
4639
3521
1104
348
6090
31
8040
2179
6683
8408
3825
1647
9961
79
6233
7149
5647
2820
3606
9275
8926
2463
1296
9125
8543
7549
1769
88
7031
4882
4468
3077
3482
6009
4619
3376
1062
472
4679
225
2262
4912
2488
4777
5242
6288
6076
2188
5972
246
2151
7156
691
9418
8730
4817
6875
4400
999
4221
4227
6261
8680
3837
2616
3708
7991
8421
9664
4911
8504
7016
6883
8063
9245
603
6954
5240
3838
3358
4178
4590
5066
8121
3352
3035
3061
6095
5133
4128
8267
7261
7049
8966
4040
1832
3277
4044
660
2485
353
5965
7655
3774
61
8555
8978
3849
9231
4314
7037
7991
6047
6443
4295
7938
4868
1784
5208
2831
1558
4276
4311
5338
5846
3146
7068
7548
1940
4947
6236
524
5135
6425
8608
9857
3147
8568
7895
7825
3658
4915
2736
6696
3531
2233
9527
8999
7957
218
7553
6726
2100
4677
4790
3108
7655
3616
9024
3628
9870
2361
753
9464
350
205
2504
526
3344
5767
9955
7766
9988
7910
5217
6920
5521
8946
1584
7221
5361
9753
7128
5224
7515
9288
991
509
9802
8762
7164
9671
847
4049
7107
2678
818
6015
892
9326
6054
6262
6143
5387
288
3584
3491
1679
162
7272
5120
9080
8323
1488
2481
775
648
4595
1634
8505
9406
4349
2881
3212
8796
2310
5783
3915
3239
6909
2624
8502
6403
1593
4131
7720
110
7038
1539
8135
3905
8507
2561
6462
7893
4259
4252
9458
7644
6447
7297
114
2705
5593
7839
6832
9252
5374
7132
5831
9379
1577
2334
4960
1982
8080
3869
9583
8704
9603
9506
4224
4468
1149
6718
7634
3579
7250
9223
5041
6572
5525
5436
4974
3269
628
5551
7761
1631
3366
8442
3540
6261
8174
4811
6438
5963
4925
9927
1580
9850
6662
3420
2378
4736
9480
807
4177
385
2974
9007
7196
1748
578
6942
4147
7536
3539
4404
8872
4913
6697
1335
1358
9020
7988
570
3928
2419
7990
1970
9008
8850
2080
3714
1423
6050
1221
7957
5740
9419
3205
2068
9258
2882
1259
736
7146
9683
6496
8956
5588
8842
8466
1694
6736
9143
7731
4721
1174
2629
9729
9335
8541
8659
5542
3868
1650
4099
7149
8053
1006
7625
6324
4413
5854
1289
4481
1378
1446
8348
8286
8478
9229
116
3470
462
325
4163
8481
1349
8318
9414
2870
4636
4409
4856
6149
4769
4655
4973
677
2749
398
3671
4932
6469
4586
3460
4914
9313
7774
7062
4416
4076
2523
972
2177
8472
6100
1423
3900
2217
1074
7305
5670
1478
6864
753
8115
8363
304
227
4222
7508
48
5389
3011
4814
9532
3804
2354
6107
6453
5757
2933
3903
5597
9166
4468
311
5313
6183
6595
9893
2496
5981
6530
5272
2033
5549
3663
739
218
2508
7239
4786
749
8246
121
2
190
2572
417
6010
7452
6599
6695
2947
4906
9710
6010
5131
1192
3059
1715
2573
3832
6101
2359
8942
1324
5545
6579
6290
8959
7150
7632
1314
117
2773
9278
7773
9873
9857
5956
2105
6133
9544
276
121
2875
8225
5258
8213
3358
7974
6976
3572
8840
6303
6685
7299
2479
8445
8117
5024
4367
9153
193
7207
4627
4419
8987
8965
9766
9040
7835
9523
7098
9161
8182
6455
138
7923
1223
997
343
9027
5582
6673
780
4565
1487
4860
8325
6350
6125
6235
9171
1154
9547
3471
4575
2358
8643
9171
8829
7889
8732
1208
7315
2515
8652
8636
3603
6037
2319
9766
8086
852
1565
319
6408
9162
5985
37
6354
5315
7013
7442
7081
5877
2258
273
7590
9947
4628
481
1368
6225
5021
4825
5945
5932
3808
340
3816
7496
985
8882
7296
4617
1106
815
6248
4827
7901
400
6012
8804
7559
5232
9808
9519
2905
3584
2586
9768
8500
3611
7315
5801
8563
2035
7440
1556
6767
63
7683
7207
9403
560
3222
4894
7263
1144
8252
5043
63
4575
4756
2367
3036
1123
8814
245
8373
8255
9908
7426
8316
1370
8180
3076
6492
4298
4089
1997
7038
8192
629
4710
1340
2574
1863
349
2901
1847
231
916
990
8294
6226
2305
9701
9071
7959
2002
2688
5725
5162
1393
6169
8652
7742
696
5121
1261
7712
971
8828
3406
4942
8616
9893
9047
9497
1393
6376
3227
4344
5523
9779
8380
7756
79
3963
3499
1509
9434
8612
8646
8557
133
9259
6709
4834
6289
624
6608
8931
7558
9581
2889
8862
9147
6542
4050
1677
957
4397
1010
6462
6070
5790
1748
2005
8487
2041
6180
3229
9037
3810
2931
3893
7307
1248
7711
7108
6346
6237
3668
9845
1859
2893
380 472
308 575
47 90
23 554
81 89
387 460
181 11
394 190
61 11
396 910
281 136
275 115
254 800
148 54
288 147
1 461
179 689
157 710
77 809
121 589
226 735
27 665
141 117
283 188
27 154
121 447
67 165
393 573
392 4
379 720
365 214
263 506
320 170
227 611
83 963
242 595
74 107
137 634
260 565
379 477
134 945
66 235
72 940
381 697
391 182
356 625
94 195
16 457
39 576
32 456
269 459
140 613
13 928
29 410
59 490
21 540
136 979
375 732
10 206
78 670
240 943
332 641
386 669
380 810
398 945
390 253
203 998
214 968
177 154
178 316
82 375
255 908
251 640
170 401
341 60
204 445
242 550
172 964
383 745
168 643
311 501
4 751
180 18
187 639
227 723
13 557
37 924
97 203
37 346
1 541
264 773
177 797
180 562
193 886
245 788
172 193
205 383
251 711
166 104
32 182
243 747
75 559
230 596
365 713
127 547
333 841
16 888
25 155
29 844
377 664
320 360
229 275
164 488
39 767
311 743
20 428
6 92
34 910
215 677
183 662
163 583
395 917
243 490
98 170
147 362
41 143
165 782
87 637
226 972
73 551
25 989
49 727
30 910
188 897
304 960
35 852
34 392
359 77
183 986
227 179
56 621
230 295
386 278
204 48
136 66
19 631
200 688
349 274
114 58
199 495
98 391
48 421
318 129
255 140
172 507
303 105
147 259
248 133
358 706
70 775
28 54
24 533
220 90
392 218
359 809
109 432
4 340
136 522
367 141
6 760
218 22
369 440
122 15
68 639
165 178
57 823
368 663
175 728
351 314
173 290
151 983
335 873
21 290
303 430
206 369
273 749
46 531
144 444
67 939
372 923
219 117
99 718
212 492
174 488
22 553
329 255
62 121
265 179
304 600
131 913
273 972
205 55
156 31
318 492
230 231
159 969
367 674
174 688
342 587
180 990
72 398
332 798
273 743
155 725
122 855
292 899
146 237
328 607
11 244
196 28
94 681
235 467
267 212
385 70
398 98
67 475
378 12
346 362
360 947
63 629
136 832
35 212
178 502
335 153
387 259
246 611
26 708
249 914
306 977
114 170
88 445
208 326
64 460
346 155
21 822
348 710
181 757
353 464
125 230
344 135
304 82
153 155
220 471
151 389
300 691
315 765
66 766
257 733
400 398
34 316
150 632
249 924
62 217
302 52
363 90
58 686
80 915
218 462
145 769
146 734
138 111
268 120
9 287
244 422
196 661
114 114
189 529
218 331
184 529
297 209
117 1000
210 622
254 333
395 997
165 383
279 565
24 655
261 395
370 272
57 820
389 893
203 720
309 338
249 61
299 512
54 358
291 581
28 420
160 774
355 651
60 615
354 451
31 733
264 583
332 428
252 848
193 122
30 863
46 550
132 120
386 40
178 282
390 657
203 554
358 104
48 754
336 455
257 685
1 867
266 820
35 462
127 131
90 89
134 475
383 245
379 139
68 666
2 376
52 996
260 822
388 847
168 860
82 347
91 101
173 202
376 907
259 892
333 300
19 759
195 851
41 191
93 524
218 363
398 347
374 326
216 698
367 488
223 251
362 318
120 806
376 508
398 941
191 37
65 792
60 118
239 632
353 596
49 258
34 260
210 207
174 571
165 987
350 492
263 574
274 646
36 126
205 702
123 125
25 207
1 740
61 289
90 363
322 234
237 246
163 38
335 262
99 276
248 629
204 558
390 108
151 315
124 787
396 190
277 441
357 885
357 643
82 826
270 290
65 698
232 398
125 489
25 887
345 200
342 872
324 999
15 502
122 303
380 774
239 811
61 879
3 642
46 942
250 307
89 563
141 903
220 108
263 763
379 790
95 243
317 153
273 227
93 483
164 736
378 535
119 922
63 519
131 473
238 228
131 421
119 814
53 756
284 949
377 363
318 878
111 189
192 878
247 544
24 645
234 748
66 18
239 551
198 44
79 180
328 78
138 583
370 871
258 740
349 955
174 207
327 219
212 904
373 324
53 649
140 702
195 622
227 18
291 797
373 945
216 339
111 379
30 3
335 657
108 358
358 151
355 799
218 169
176 156
89 708
341 127
293 82
127 76
236 208
340 247
258 906
383 929
173 279
51 595
118 187
304 610
60 778
304 564
352 883
81 432
317 318
326 495
345 771
19 495
109 878
196 870
137 164
170 616
103 924
250 587
107 770
135 28
319 530
93 571
94 324
18 265
266 81
145 651
224 830
38 538
78 291
242 786
2 7
211 38
64 922
30 966
106 599
202 335
231 865
308 105
86 87
28 183
45 36
268 606
333 978
297 735
292 57
360 22
138 567
22 737
117 89
165 358
29 960
344 857
209 620
14 503
154 361
199 699
290 420
347 784
354 701
95 701
113 82
235 739
159 606
357 288
148 178
279 33
59 74
232 814
290 390
271 307
169 87
134 287
217 649
301 668
182 388
358 984
215 522
219 893
21 838
128 784
360 304
212 847
53 436
313 609
169 572
400 800
38 990
143 589
102 344
350 78
278 659
201 957
353 906
117 261
235 586
73 583
325 962
307 126
40 922
387 564
248 343
316 458
114 355
341 109
363 473
133 42
145 176
111 156
148 467
207 749
74 486
16 543
207 820
163 414
135 688
372 709
69 626
84 788
40 553
12 487
308 218
49 608
101 854
320 173
129 633
141 8
93 283
370 398
245 901
183 316
184 525
40 295
113 868
304 716
78 411
306 491
291 907
265 262
124 137
18 988
175 692
148 573
151 43
101 449
324 603
359 347
116 431
64 929
155 700
230 55
300 994
307 785
156 18
249 817
315 110
22 865
87 675
57 528
118 990
212 650
110 852
42 736
132 474
260 64
17 950
204 266
12 752
69 495
195 8
240 721
347 459
292 45
157 394
248 530
276 138
212 850
9 537
326 575
228 716
305 12
14 115
248 420
118 877
157 192
12 750
17 388
85 741
12 669
207 202
108 425
188 846
144 913
397 476
115 230
349 66
114 580
3 82
149 403
161 177
259 782
5 690
117 333
6 417
191 715
117 998
157 297
251 836
354 170
198 916
8 816
244 764
255 690
213 585
396 384
241 166
66 439
55 659
232 649
21 398
25 320
374 763
329 78
105 279
57 843
59 567
71 143
173 741
243 362
156 764
135 884
298 760
76 788
226 437
383 482
316 912
246 865
177 945
112 530
164 884
70 32
134 997
337 748
130 389
181 945
74 910
111 442
153 452
110 511
41 400
204 63
128 724
44 870
63 319
234 905
170 133
198 67
55 822
230 344
114 5
313 140
264 596
150 345
251 353
345 738
278 146
318 685
371 290
290 627
314 161
180 28
274 514
293 551
317 921
62 173
317 874
18 661
259 859
15 485
127 426
171 399
85 400
370 942
125 842
227 309
316 168
182 199
293 152
75 972
288 817
31 63
273 877
321 796
345 920
196 315
356 881
11 929
74 659
378 174
239 136
271 676
143 369
107 958
257 773
98 583
221 749
383 276
69 648
198 411
159 531
97 66
365 892
376 386
87 543
172 643
239 207
292 295
169 174
296 131
291 710
308 299
322 97
279 521
103 949
164 802
208 367
231 533
97 915
370 357
321 584
115 353
16 974
212 99
133 698
49 561
179 468
