1000 100
7379
223
1252
7974
3432
7612
7086
1590
3873
7307
5531
6558
1879
4275
1974
47
9309
4337
2680
6536
4039
518
1036
7853
2646
7411
695
1884
6624
5089
452
5219
25
8179
8980
5744
4365
6214
1223
7779
1864
5727
7324
9988
3722
7713
3065
5317
3644
496
2575
9779
3497
7482
2548
8752
3877
3458
2897
4701
9978
5542
5946
9694
6200
1896
1191
2159
7804
65
1778
6706
3188
1781
7975
3843
6711
3673
2238
8451
5574
2112
8601
1635
2132
3623
7653
677
7769
8975
2663
7161
4534
5107
7910
3471
5866
3472
3883
3834
7758
7804
9028
9587
5498
1100
9115
1259
4326
3995
5261
3627
7094
864
5250
9644
759
4109
1691
9433
1461
2097
9712
532
6859
7972
7138
367
718
603
5930
6827
8519
1573
7232
7132
9766
9827
2977
7894
3526
5103
1239
9310
7685
9026
9661
3156
6304
7969
3336
9080
268
4483
4996
5644
2283
1883
7882
4012
38
5797
267
791
5292
8829
1032
7877
2577
2188
1114
9493
8837
5047
9939
766
7606
3554
4532
2785
5281
2836
1471
9291
4024
1170
9756
6747
9295
6516
5136
1919
3553
3043
9385
6350
6263
5405
5530
4164
5740
2699
2855
1252
9876
7384
832
4910
5471
7433
1710
3612
6527
1834
2010
9229
9046
4053
332
7075
6107
7237
5417
6238
6096
8912
416
899
6110
5413
2560
8022
2818
9580
3050
5119
422
5387
978
1538
583
7094
6400
254
2109
7669
7852
6577
309
8535
3189
6043
5528
7281
8459
7056
4951
1410
294
534
1397
3478
6297
7306
7546
554
4676
1720
2774
3715
6579
932
296
8409
5145
1023
4313
4013
2513
9605
201
6323
4394
1159
3115
7429
3722
4120
7239
6153
6483
4677
4750
1054
3298
6678
4189
6834
1233
4650
8097
282
2100
9393
4829
5827
1556
6844
8260
3289
215
4710
1770
2213
921
7974
617
3518
2996
4344
7494
2912
5462
4383
316
8548
1495
6925
6130
8935
5549
2438
5745
6171
2034
7652
3740
8516
9186
8530
1384
7360
7208
8860
6218
793
9847
7969
988
803
4601
3683
691
4544
3284
459
7860
4838
1983
7301
2022
178
2102
1766
7675
4559
2605
8218
1528
5672
5849
2695
9593
3277
8695
8345
8126
6912
85
9067
5981
5134
1929
2300
8354
5041
8743
9717
4365
8654
9018
9608
8652
1406
4122
9280
2349
5348
43
167
4286
5081
1619
6797
4744
120
3264
677
665
7457
5702
6080
5069
6858
3328
8217
9032
6896
5568
7400
5709
9727
8984
5901
6350
1706
6896
2837
3976
6123
1967
6697
3677
5451
8786
2403
7872
9520
3716
4378
7420
1512
9186
6319
2811
3250
6959
7347
1037
3983
458
9706
4460
1559
2827
1152
2174
2744
6656
747
6449
608
9315
3798
1680
1281
9277
7662
5438
1394
9553
6974
5453
4053
6397
1971
3176
2879
9705
1750
3108
5141
8452
5086
6371
8675
3430
2476
5300
3248
2088
7388
9980
1386
2639
1649
6031
518
1118
6076
1822
5910
1474
3173
3500
3559
6478
4831
4337
94
3232
4544
9639
6943
9092
921
3850
4085
4659
40
6531
8291
6120
4222
836
3580
3217
4002
4367
784
1170
1328
5160
9937
3305
2397
903
737
1666
5517
9774
7583
3951
2148
3334
7770
3205
5122
2116
3006
6020
2756
7933
2528
5865
2358
8826
6067
5847
7682
8827
1822
4458
6081
2682
4352
3574
5087
198
6606
3534
6300
5142
1579
328
7044
6576
7535
2011
6152
6738
5172
4673
820
2283
4880
195
5725
745
2145
5939
7903
376
8668
153
5717
2522
4007
1965
1158
4184
7919
7502
6584
5685
3912
786
6359
5385
4590
5495
9108
7504
2921
2290
7335
4286
5845
9844
9170
2559
6346
5790
5181
3929
8941
7839
4244
2385
477
9353
5739
9779
1648
1964
8723
1408
8119
9547
3919
2700
1835
3709
8905
78
6289
1516
7058
8625
1128
3811
2992
151
8716
5703
4634
1346
1518
165
8215
161
1801
3515
6396
160
1900
1734
2610
1172
1327
3049
7363
5989
6865
5826
5996
6702
7479
432
3845
6544
1056
5246
1908
3532
6449
2137
6150
8034
3695
9491
6951
842
434
5235
8395
6789
6293
6800
7829
3575
5202
978
2211
2415
3115
6477
8163
4051
9175
326
9680
6120
8550
918
9491
8189
2850
7090
9481
7268
8426
3726
6292
4524
1429
7556
8724
1108
479
3388
4259
2672
2050
8916
2740
4780
568
283
2095
1580
6423
5560
5785
8831
1590
1759
8084
8788
5807
4534
8323
9921
4168
85
6505
1318
1713
1577
994
9261
7104
4477
5084
5171
1675
6953
6758
6417
1223
8690
3493
5055
619
6026
2822
9186
752
1679
532
4583
4755
4936
4268
2908
3853
3293
8999
5959
9805
8130
4618
5102
6168
8462
4250
1907
1722
4569
8078
6168
2904
2076
7620
2180
9378
1239
4919
1805
6703
22
6511
7885
2772
9058
9428
7215
3486
839
6114
929
6395
1712
3683
3105
441
9973
1519
3653
6963
5898
933
9099
9353
4190
3445
4791
9614
6695
1930
9506
8894
9739
6695
8196
1183
5857
4309
1738
6811
6953
107
41
3022
3698
8922
4390
6831
8368
4509
2844
2321
1305
9216
8425
848
7919
1878
3610
990
7241
863
9331
5376
9671
7565
7333
1506
5545
8103
6529
7612
6376
4797
9429
8979
8360
2451
3153
9683
5637
9248
2542
6158
776
6274
9762
4019
1012
9136
2977
5499
7586
4217
5105
181
9708
8264
2703
6418
6144
1788
2185
5307
7310
3444
8626
8883
9470
1949
5801
6983
7056
3776
1678
1408
407
5373
7059
4569
1689
2250
8809
9545
7525
6842
2091
8663
5971
7315
532
384
6146
4087
9931
6561
2005
6727
3491
8378
9349
8016
8485
4596
2415
3767
1910
336
2184
6672
6945
9590
8792
913
4165
331
1379
4674
5162
6272
2848
6995
9517
3227
912
2813
9906
3244
5107
9837
6421
1606
3897
4282
1603
4093
8632
4893
6093
6371
8762
7432
6810
6065
9626
2628
5262
4801
3134
73 266
47 614
88 872
52 395
21 808
16 540
18 456
48 632
23 822
33 556
52 905
90 882
69 950
64 754
4 942
39 402
44 536
11 435
98 667
65 566
92 376
30 391
62 313
98 37
40 689
76 698
34 107
49 386
98 475
28 875
48 526
82 327
39 793
68 743
86 512
4 68
12 28
94 12
97 955
3 738
52 676
85 376
73 920
20 784
97 147
59 267
44 925
20 516
95 960
88 272
84 812
93 694
72 467
34 227
96 995
73 173
69 721
67 874
19 324
62 952
52 252
57 87
48 775
45 476
54 628
8 37
79 642
67 542
85 311
50 331
24 229
89 865
18 793
45 897
58 552
64 751
49 192
78 89
63 135
52 470
80 890
44 358
83 226
78 148
37 522
81 438
82 616
29 495
96 172
66 242
13 809
45 238
76 243
17 775
85 972
36 329
84 563
68 184
63 969
94 741
