1000 1000 521
8412
1203
8397
5706
9955
1004
3979
7104
4342
7858
8974
376
4550
1934
2624
8667
9155
1356
9787
6687
3421
9252
6318
8945
9315
1828
4507
6737
5584
2849
6161
1186
2251
926
3231
8264
1479
1956
6881
1974
5146
1584
7306
1650
7787
1945
4626
5569
5267
2912
1907
3903
3083
3203
5346
7425
1968
2831
8985
7574
8401
1840
5170
5156
9505
4813
6818
8549
5662
1973
5717
7068
2999
9672
2180
2122
569
6471
9743
3064
6625
7010
4371
217
5859
900
2501
1656
5992
6121
7182
7828
3845
33
3965
5415
4838
3066
3494
409
9011
5424
5270
4853
9446
5109
3375
3154
5438
6998
3009
7899
3026
4507
9386
2289
209
2172
5192
7240
1409
7083
4382
8190
5212
9306
67
5485
7702
3970
1574
5846
6089
4696
3751
8621
9223
8848
5809
3150
9468
4262
4532
6936
8854
5263
4327
1900
2592
2753
1930
2180
1669
2182
5139
6583
1983
2978
9025
4677
1863
9332
7322
6676
818
2366
717
286
5664
5397
3970
4082
5558
2441
4449
766
4719
692
2899
6074
3257
6205
1857
7645
531
3006
7215
5594
4159
9516
2184
4696
6958
6096
1540
7497
9976
1478
2820
7522
338
2995
5476
6371
7821
9253
6119
64
2799
4692
1193
3826
8008
9209
4142
5799
9887
5465
3934
2345
4974
1192
6467
6809
5020
6498
7614
8222
6593
3367
9577
9361
1631
5875
6980
3424
6182
9709
5096
5263
4426
114
1538
9344
2050
4438
9258
7394
9905
7724
6657
3952
4093
9728
7890
3719
1009
3085
2972
7944
9177
4550
7984
6739
5731
8336
3246
5736
6798
1136
3670
9949
760
5564
1560
1173
5260
9412
1658
4234
6703
2133
3655
4392
440
3595
9171
9766
1848
2044
6164
4993
8589
4481
3035
7184
4477
2275
1433
3082
9961
2634
5629
4187
6962
2183
3985
7940
5196
527
4876
3137
2067
2360
7402
8042
8423
2992
9221
6851
9167
4076
7794
8523
4143
7040
7462
1245
4492
2065
8662
9668
6787
1042
3066
3600
7575
7604
8722
801
6060
55
9832
7443
3041
7654
6127
4514
6591
955
9678
6445
3790
140
4798
946
2127
9808
4610
8009
5050
8017
3413
6561
2739
1693
7287
3489
6844
6268
6551
3301
4201
963
2794
5570
5337
3759
9432
5748
9984
4866
2706
7369
7620
7121
7391
6453
6253
4918
1973
457
2003
1950
1319
2386
4217
6093
7470
6810
3247
2633
4907
4587
204
6193
329
7326
5945
129
3751
4748
9387
5201
618
2595
7829
3630
9383
6903
5857
7205
3476
271
5043
8455
6129
4546
7341
9855
5579
572
4011
1181
4987
5541
6422
7800
4963
7997
1040
2296
3613
5813
7531
99
4632
7068
5288
1691
1445
4588
5023
4508
1189
4460
1939
4838
6308
7097
3918
8168
1179
1223
518
4354
5124
324
4877
8217
7284
2299
5318
4779
2523
604
5787
2592
3853
5648
6748
7431
8334
3027
9546
8768
1005
421
3609
310
3810
7645
2696
3186
886
9953
6222
3926
8917
1320
9404
8704
2569
2145
4247
7086
7905
3271
3497
3383
8863
8691
8295
8776
119
615
3570
1431
4339
4556
148
5720
8690
1514
3819
3177
2971
1312
7181
1047
7540
2516
2224
213
2700
6326
3472
925
2308
28
9683
400
6514
257
5048
8687
4682
6893
9285
4192
8878
670
3401
8082
55
274
2568
750
4147
751
182
1696
9956
4020
4524
5495
2074
8128
5426
9036
8739
7297
2886
6743
6082
7669
6623
410
2930
6681
7654
3893
594
1986
909
4883
1644
9138
6776
7510
6790
5366
380
6999
8723
1563
8282
4012
8840
3328
6529
89
8233
4256
5430
575
4622
5577
7081
5630
1501
7298
1970
3346
309
7756
8092
762
7853
8248
5951
2028
2263
4284
4170
3797
2000
9307
4709
3467
3235
8834
8686
5017
9980
4950
5468
6003
2522
2097
6036
5867
9466
3110
6036
3130
5927
2855
3202
3132
4718
172
2717
9706
8086
2637
6597
8333
1699
5313
8344
1181
9337
4722
5545
5530
2670
9721
55
6515
8022
1106
4073
5457
7634
7219
5204
4613
7745
3037
7472
1003
6209
1185
6122
5474
6905
4067
3031
1558
6183
3907
609
853
9981
3841
9714
1061
1836
6237
3644
9535
3283
9084
8082
8019
9351
1625
8536
4673
4234
4365
7410
5510
9161
2709
3814
6635
3964
4047
5906
4864
4288
6071
4677
1201
9059
2451
3090
8362
5
7735
508
7301
9559
1600
7686
2001
7757
7125
2941
8132
4564
1066
8266
8195
991
7578
8335
9213
9359
238
1795
8485
8484
7008
118
3314
2060
3511
9945
9055
1300
2384
7654
5208
322
1207
7940
1245
9762
8926
2132
296
4806
5296
3052
4715
6266
3625
9317
8522
3999
7050
9245
7899
533
2404
6141
1959
7251
1459
605
5330
8164
6192
4052
6427
9767
1464
8059
2943
7677
9193
7720
2428
2651
2708
95
9953
5723
3004
2673
3582
9330
8078
105
9518
1318
2760
4439
250
4055
4811
4378
5436
9264
5742
1017
5438
6655
8599
5393
6489
7830
905
9529
8977
3199
1731
665
1531
2811
8921
3717
3916
5703
3336
9066
6518
2947
9611
9794
7238
9239
6012
7546
3038
4578
1695
3385
9515
2983
3963
4255
2802
4541
4107
3351
5831
8624
7082
5232
6451
452
2378
2031
2881
7350
2676
202
178
1320
2076
6452
7972
6389
2953
7690
4460
9836
5257
736
2243
8195
6782
9044
9434
2251
6380
4164
4446
6472
5830
3685
4747
6313
3897
7370
6165
3841
3239
6176
586
2894
7045
4183
3848
1627
9619
7748
5784
2216
5227
8611
1401
4035
1378
6170
2336
8123
5895
8608
8084
1709
6692
8000
1473
7388
4568
5406
2936
6679
6300
3022
5182
2432
5237
4579
2490
3727
7734
9770
2863
2335
9852
324
4359
4749
2483
2543
4858
10
9396
6325
2718
4456
1235
8517
5852
3873
3899
5098
8350
4596
8988
9797
4188
8670
8584
542
5054
3524
4561
9980
3448
9348
679
3090
117
3915
5250
906
5172
3776
9604
388
8789
1716
108 327
403 79
320 732
3 38
404 225
498 915
228 321
458 8
213 113
131 396
450 200
156 470
231 842
231 741
142 252
372 983
190 20
348 65
143 102
469 627
304 828
289 618
167 84
3 937
272 420
420 469
330 983
11 972
11 871
489 446
34 639
424 843
94 520
153 602
73 265
2 476
300 480
230 275
336 181
9 667
51 109
182 686
163 552
101 788
105 383
464 631
495 983
223 529
423 597
442 359
258 598
219 592
191 775
357 484
279 316
443 492
378 352
440 676
384 250
273 931
134 151
395 796
104 23
374 203
118 225
99 872
307 31
409 367
440 629
449 588
413 648
66 383
297 135
119 387
250 259
189 940
301 559
457 47
22 173
141 49
488 579
175 352
497 897
54 680
134 427
37 990
321 236
70 279
242 829
120 146
323 8
17 162
334 799
305 615
47 742
194 350
453 894
396 567
323 523
150 169
137 364
263 586
380 785
122 602
329 34
64 807
147 369
471 45
149 706
233 488
193 825
92 648
211 425
462 827
348 113
411 188
233 410
110 426
40 360
218 755
427 471
350 867
342 49
330 24
193 329
99 343
350 32
314 618
100 150
203 275
40 639
113 321
102 321
165 669
43 953
87 666
418 340
125 427
329 886
351 352
90 56
185 745
79 450
306 982
267 348
102 308
365 131
230 936
123 715
447 96
430 922
313 480
479 211
100 132
164 893
165 362
67 135
467 515
374 256
277 939
118 121
326 908
265 968
353 71
147 948
46 409
500 17
430 60
266 881
464 748
320 529
441 706
12 383
94 690
209 969
484 118
59 246
217 933
197 729
87 914
360 338
8 665
4 998
217 990
275 481
420 1
459 1
192 886
3 136
482 339
303 231
96 57
84 528
187 172
411 780
170 46
4 604
399 398
33 16
230 547
122 394
418 115
178 330
477 196
316 690
178 325
249 587
481 800
18 541
180 154
368 354
63 387
377 448
111 568
132 151
245 550
355 28
412 462
428 561
424 674
341 582
335 891
25 301
440 19
233 677
204 164
94 377
472 374
179 430
38 31
423 182
367 58
208 595
147 410
407 639
55 783
40 279
326 163
268 938
132 197
338 329
109 266
168 705
244 991
212 504
188 744
458 368
59 87
89 444
424 516
23 964
453 319
73 485
29 971
473 865
373 740
433 163
342 441
153 737
209 648
144 714
8 471
145 259
415 788
491 229
252 572
402 699
106 406
268 933
153 153
228 342
188 872
240 145
216 961
316 49
169 714
314 689
400 787
204 43
405 86
375 469
385 952
322 19
252 628
496 560
286 644
263 386
89 291
165 506
333 871
426 971
259 337
12 243
317 96
144 350
23 643
290 71
444 85
151 76
404 218
193 502
88 741
319 199
211 873
339 282
452 71
191 495
52 84
115 617
9 771
274 538
70 1
266 136
76 79
307 808
310 340
191 261
391 217
488 66
100 928
216 97
179 625
281 526
408 954
137 481
268 31
260 499
42 255
353 192
339 590
60 387
382 128
256 356
182 985
111 262
340 441
26 231
134 856
25 533
346 485
98 219
426 915
443 498
59 10
499 312
129 110
249 101
164 367
187 210
392 872
282 803
470 118
295 727
178 510
180 622
360 505
375 833
405 704
42 931
13 891
10 225
471 50
156 919
323 988
176 781
70 861
371 459
130 307
198 147
252 499
479 928
197 122
275 294
418 657
377 985
56 885
243 398
117 813
191 937
155 362
185 308
283 83
482 496
277 680
207 72
393 326
283 790
109 249
468 90
16 718
42 331
394 646
422 238
389 722
275 421
95 40
422 151
333 756
428 75
96 544
150 846
496 600
4 803
323 7
429 343
475 713
484 659
399 812
214 553
362 554
427 401
121 412
72 78
59 844
34 190
345 773
258 341
277 163
428 764
422 346
100 762
427 742
481 688
142 998
257 440
461 976
421 233
85 671
497 109
355 359
246 410
349 921
384 780
487 207
302 333
151 574
176 461
111 709
476 217
370 769
269 271
480 788
127 159
259 144
127 697
40 823
16 567
245 765
129 191
201 784
46 939
159 740
63 934
103 895
122 762
185 815
60 363
316 718
242 971
8 849
336 303
327 605
371 434
491 544
206 323
149 196
401 758
35 740
156 719
167 247
189 49
461 103
359 191
238 719
272 95
467 780
141 729
359 259
172 868
419 475
96 675
397 884
396 347
441 523
189 312
12 820
370 507
478 614
120 443
439 186
395 227
239 183
84 529
386 266
181 451
335 175
310 177
258 973
90 958
205 733
372 147
368 196
83 276
168 463
64 792
245 820
81 980
133 802
291 760
234 119
480 180
432 654
19 393
230 53
179 691
461 535
158 987
235 694
468 352
413 946
243 558
90 233
239 574
456 970
340 319
105 517
271 447
430 199
5 653
9 12
463 657
37 216
488 869
352 297
20 431
23 819
134 511
276 710
22 635
245 552
227 770
395 383
287 791
197 710
401 2
132 72
233 534
56 127
250 84
70 419
63 742
193 627
126 994
39 955
414 210
113 642
468 772
67 544
189 387
198 485
289 190
110 634
190 28
102 429
240 455
51 489
431 366
79 980
490 240
106 323
27 672
239 496
17 616
264 444
400 485
198 187
267 744
460 719
66 273
20 964
359 396
364 824
348 660
414 561
381 22
132 635
498 427
408 598
493 558
422 272
489 176
9 539
58 347
478 975
187 611
130 91
56 946
83 300
450 498
366 75
86 395
278 794
271 475
334 85
167 34
250 327
394 640
224 901
484 580
183 27
452 285
459 639
150 188
152 172
408 330
354 336
304 673
325 680
493 252
160 591
499 705
151 946
275 46
281 97
120 282
239 465
315 426
386 710
360 577
371 140
107 741
1 99
488 301
232 270
430 85
450 367
85 622
15 316
133 116
156 816
193 633
458 158
171 872
466 806
171 831
356 901
338 395
77 351
200 962
416 1
406 608
338 946
14 31
96 640
325 631
265 198
46 627
431 415
124 259
458 922
469 149
302 582
233 636
375 935
256 492
254 332
173 740
420 289
147 19
235 335
10 560
226 25
126 947
28 372
168 868
164 464
166 698
458 646
474 762
460 931
482 121
156 599
164 596
293 630
409 472
114 794
348 664
446 776
448 285
64 936
124 62
292 92
34 843
11 167
414 703
174 809
408 312
190 627
132 958
218 915
207 597
237 193
142 931
149 942
136 839
373 476
15 42
38 134
217 124
302 483
81 485
78 147
256 783
112 286
433 838
48 860
229 718
373 724
131 978
15 625
124 207
420 828
191 703
322 59
388 564
335 268
319 906
75 994
208 199
329 438
79 977
491 132
222 79
43 629
92 176
21 601
97 553
395 411
54 291
60 358
403 996
265 174
74 400
44 547
439 693
233 882
417 624
255 515
442 936
250 667
482 545
417 79
11 873
201 261
393 690
280 336
177 528
375 802
357 789
163 625
61 685
218 207
4 664
85 639
33 64
225 121
362 91
461 715
89 535
132 570
276 437
450 260
387 665
125 606
418 287
163 172
76 372
299 99
272 650
98 405
92 646
396 392
280 773
46 567
432 73
439 167
282 942
242 647
195 45
2 215
337 774
249 541
110 261
494 644
151 327
310 300
245 998
479 231
497 388
280 342
498 141
137 883
240 998
265 996
207 150
437 201
417 341
71 71
236 935
115 489
386 927
478 257
476 353
442 861
44 440
448 664
236 698
339 246
266 183
488 294
14 753
350 22
219 332
326 851
275 306
38 267
125 532
340 53
472 930
245 790
277 496
69 373
365 289
212 856
438 533
490 406
345 828
266 788
9 833
78 31
271 154
353 141
25 325
451 617
119 593
59 304
264 241
375 742
206 977
346 352
271 729
242 621
350 950
184 216
494 876
128 162
19 65
51 739
348 861
87 327
138 224
76 881
324 910
126 946
41 958
309 166
378 17
53 20
136 460
130 800
145 380
72 783
405 786
97 231
491 935
365 516
10 521
275 52
41 668
169 938
498 144
216 436
157 34
131 152
195 523
257 545
69 863
210 317
317 448
336 986
164 230
233 500
167 905
290 68
232 891
260 132
493 373
97 477
147 858
405 138
343 853
3 407
436 34
498 733
51 3
131 988
223 876
120 195
178 577
480 567
293 898
109 927
117 417
457 785
401 597
434 171
206 418
172 946
283 214
225 367
358 649
204 796
461 983
376 60
341 537
159 287
2 905
423 37
332 602
55 199
323 611
165 974
140 827
103 39
250 225
41 954
206 43
51 304
298 413
10 918
158 714
401 749
86 749
7 382
449 686
430 935
190 704
33 418
77 700
444 723
21 104
320 107
298 285
265 102
206 640
60 890
271 759
419 326
209 722
377 691
387 826
54 50
352 28
418 351
418 383
158 304
360 294
421 40
321 850
76 217
369 616
82 199
358 907
309 746
115 321
171 666
487 83
269 739
24 272
459 382
13 454
336 856
230 858
498 370
51 53
106 518
205 21
225 413
118 627
94 355
270 986
6 906
458 654
131 613
25 981
90 349
293 631
465 299
493 418
243 202
