1000 500 780
4052
5813
4284
3556
3137
3004
147
4572
9368
5654
2144
9311
188
2425
4919
43
9726
7376
2028
180
5011
1214
7164
6647
1306
2055
4093
7283
1808
2567
4295
9525
7091
915
3518
203
1534
7545
3009
442
6600
7404
9944
8055
1000
4
4601
7089
5132
692
2458
8306
6709
4030
9739
2446
347
4752
3111
8363
50
1347
4581
5909
8633
3372
8878
3948
222
3848
8726
9358
8908
1457
4889
6035
3413
8724
3391
5446
5632
3997
2094
672
5345
6044
6125
739
344
2451
7554
3475
8829
9310
4378
1996
4784
838
600
9041
7101
2800
5715
3033
6805
5181
9806
4597
8558
3264
3642
685
8007
7681
7501
7092
7368
4851
4811
9672
2271
5298
7415
5341
2840
3203
1377
7849
5872
9973
9156
3902
6934
4396
5530
564
639
4260
7749
4273
3760
806
628
4683
1487
5114
4662
9632
8520
5688
254
5560
2817
7630
6625
1905
4187
7440
3795
4549
138
3147
9018
9187
3795
5503
7337
311
241
1782
5850
1405
5801
4247
4217
399
301
6302
7470
2933
3121
9085
6418
6944
8395
3332
7683
4871
9060
5650
5639
7097
3829
9966
4581
8665
2816
8311
6449
9812
2547
4164
3751
1206
4148
7262
1367
4012
7013
4231
4077
4367
7317
3
1455
5792
4464
1043
1546
3500
4104
7085
8594
7500
7250
3259
8115
8598
870
7888
269
8645
204
7006
4214
2888
4740
783
3161
3456
8802
2733
3545
6301
2920
5761
7618
2054
2262
7626
4604
5306
6878
4454
4763
3909
9206
2846
3289
8509
1551
3732
9812
9914
9122
7257
3514
9868
7984
436
6366
6779
848
3792
9601
4239
3876
4856
2789
7811
4465
6964
6023
4018
5274
5858
9636
9096
2232
9144
3473
8697
2793
7915
7200
2157
5477
4501
6456
1588
8689
460
6349
2002
9840
8844
8705
3608
2420
767
5489
4408
2719
4866
2363
3599
304
2822
8048
2008
7383
5108
850
1401
8211
7673
5949
4899
6636
3573
8500
9826
1152
3050
715
4697
7880
6665
8783
7635
3396
5977
5422
3692
3553
6170
2998
3750
4359
6433
4215
7349
7639
5363
4883
9725
3098
1482
515
3479
5152
8495
3953
880
8557
2571
1327
6937
9674
5293
7313
3292
5201
8471
5348
4212
1673
3061
1341
3093
2711
3356
1532
3400
5237
662
2627
9500
4149
6924
9427
2444
1491
4489
626
730
3356
9066
2061
8593
8356
6215
2975
2582
6634
1904
1016
5598
1481
6291
8099
6647
6205
4612
6741
420
7442
5231
4167
8172
8331
1898
2083
857
6702
320
5914
653
4249
9703
3885
7200
9859
5573
4916
3960
4463
8143
1577
9117
7462
4567
4011
9488
2377
7342
8590
978
7520
2400
7853
427
8630
8190
6996
625
4762
6317
8299
7965
8031
8220
7781
1898
4428
9585
4141
6800
9603
7106
9461
5168
8180
8019
794
9434
3578
4197
2236
4431
9060
8680
288
9788
3235
7620
2091
9921
2620
310
655
9071
3332
3883
2978
4264
22
9403
1361
4942
4901
7571
6618
9656
8089
8155
8019
328
2209
3270
4372
1116
4657
3063
9198
755
2909
1299
3403
2929
9785
7251
8256
4170
6983
6005
5879
5361
7548
161
3807
853
2554
8831
6597
8144
9886
300
1828
3788
6994
5281
7052
8202
1116
4262
7538
3190
6199
7468
3318
5311
5671
609
1390
3661
8343
1955
7482
9910
5631
891
3938
4714
2745
9018
2355
9214
3623
4633
8758
8049
4924
7076
1039
6444
4070
710
5219
4061
8418
7845
9192
5559
6690
6472
5141
4644
1564
6270
5919
5326
2210
765
5063
1781
5446
1601
7235
623
9477
7083
8269
638
6929
5837
2997
1328
4810
9328
4317
9019
624
2210
4690
7135
1193
963
4507
518
6571
8541
6278
2345
7259
7499
2595
6004
6541
9077
9895
7395
4580
1239
3302
1714
4684
5727
7415
2392
2746
2520
3574
967
3439
6316
8541
590
3710
8948
9963
2055
8570
4038
7402
873
6594
7759
3853
3903
7741
5183
9914
9550
9769
6670
6770
437
302
4433
43
9236
4552
464
2122
7456
9642
4665
1652
8795
6543
5911
8686
2768
8421
5177
8803
6256
2302
5804
3815
6870
5180
2578
9078
7106
5397
8869
5243
3067
1244
5297
7729
8680
9001
457
6221
7437
5894
4364
5494
1985
6843
9905
8257
2958
2589
9124
9040
3280
9402
3619
3631
5232
3241
8875
8621
5333
6857
928
2426
7469
3040
3811
853
165
3356
6222
3261
4371
9325
753
9900
1680
536
7987
1972
1577
1391
2884
5121
2005
3543
479
6775
6042
76
7954
1175
7832
4284
2916
9006
8155
1896
6178
6864
6405
5573
3682
336
7786
2185
5318
7994
5537
321
434
1220
579
7532
1743
9997
8028
5341
6499
7658
9691
4913
595
7737
7897
158
3743
6263
6883
5027
2263
682
8699
4303
6196
1855
1687
5950
4468
5866
7934
5306
8734
9898
5087
7753
2069
2228
4393
5232
781
8993
7589
5916
9544
5396
8466
7370
3635
5641
7059
7325
8482
6901
3398
3168
4580
1006
400
3031
9518
774
2668
1562
5847
6438
1067
5557
3802
6776
7277
9103
1004
2333
9833
2275
3532
4045
7221
4733
3281
6286
3583
3344
2666
1687
6030
187
9311
4368
2285
9249
1385
8139
3710
3706
765
8649
1455
5537
9388
5624
5912
1678
7412
6124
2746
6193
3191
8283
6104
9505
7341
6643
3221
4080
9715
114
5991
7491
1574
127
3968
3891
5469
7816
65
7163
7628
6765
4481
580
8635
8576
5441
6385
2498
1016
4290
3890
6838
8427
9471
7009
8282
7338
9423
2616
6790
1856
6932
1813
8115
2019
565
4714
8638
9689
3593
8753
997
2931
9633
6492
2152
3271
4426
1872
6132
4909
165
3363
7622
4267
5519
4644
9139
5114
7970
1403
7401
1841
1897
5926
9355
7481
1722
9629
9026
8021
389
5731
3840
4203
1615
4013
7641
2040
904
8048
2085
8428
8334
3507
7745
4314
3342
6748
3291
9365
6031
7501
475
421
1571
4222
7300
933
3191
3436
7910
7957
164 592
267 202
160 441
452 479
443 791
301 230
333 71
158 771
354 817
442 81
348 363
28 86
481 344
474 660
250 749
387 110
23 172
71 159
13 988
376 546
368 165
219 103
305 672
37 1
79 774
492 688
265 103
16 548
325 929
228 133
490 810
160 985
30 509
8 171
198 837
180 522
368 155
361 87
363 68
438 294
402 322
151 806
63 474
465 159
171 636
60 992
165 205
132 880
21 423
80 827
425 611
453 871
448 807
492 47
149 955
17 64
393 519
55 850
435 458
137 826
156 919
160 483
55 982
273 257
155 304
428 667
344 729
199 82
147 229
381 641
21 880
38 370
379 3
439 693
70 16
171 694
389 943
114 66
232 49
87 421
131 593
412 841
363 608
300 160
357 513
273 859
470 621
256 135
458 876
274 556
305 909
288 182
246 973
448 44
187 606
43 676
442 918
461 261
115 314
355 653
258 536
490 927
457 871
208 587
263 53
4 156
132 410
325 69
106 359
213 165
180 793
409 914
71 948
160 515
365 964
488 201
325 528
114 668
111 480
23 533
445 221
498 737
194 692
470 674
171 532
275 869
312 999
167 275
377 652
421 415
174 238
144 864
420 30
150 735
403 201
292 880
121 229
214 619
91 626
433 440
173 605
187 184
138 495
92 520
408 51
159 2
232 574
223 279
419 404
269 508
134 877
225 327
274 125
379 555
377 767
485 323
159 727
364 142
321 459
23 340
214 478
335 469
173 542
216 451
466 87
487 179
414 839
250 916
286 756
370 478
59 685
376 459
16 368
468 147
264 615
71 469
98 943
11 822
266 58
356 372
124 833
339 108
419 492
202 880
231 589
415 928
168 268
121 35
450 184
392 516
164 218
315 439
73 677
266 456
59 696
151 384
146 499
266 603
475 209
31 16
321 584
89 495
49 689
8 691
30 994
283 374
410 822
183 477
467 921
231 110
323 50
2 860
295 227
389 924
331 289
500 197
43 99
192 985
212 400
384 624
382 460
207 823
467 758
425 60
339 847
455 864
208 170
295 48
211 299
372 128
384 149
43 769
165 987
479 35
99 853
431 220
181 410
304 346
257 493
452 97
294 209
306 312
154 806
206 228
330 832
216 929
404 577
363 592
306 805
23 137
489 804
172 388
313 954
131 583
342 682
26 892
366 19
449 117
454 501
439 861
282 93
135 12
79 930
201 167
174 699
226 844
273 489
92 708
205 83
86 165
294 810
313 186
292 974
413 246
256 236
85 101
158 761
311 75
440 782
209 523
403 206
141 754
310 275
54 204
281 851
223 746
356 589
71 810
202 676
179 106
468 559
110 557
235 143
500 448
119 334
418 536
123 927
491 93
218 448
257 797
186 715
488 320
331 465
329 934
165 401
193 836
215 108
139 422
402 915
349 701
215 952
360 193
97 390
92 14
129 797
409 690
43 14
116 3
183 973
129 656
43 975
399 782
129 585
149 810
454 239
199 615
365 515
114 478
109 678
342 570
90 879
120 141
79 550
238 687
459 519
287 945
478 872
247 478
399 194
467 486
24 248
350 657
423 169
71 902
198 149
308 892
254 147
309 326
323 869
289 243
473 218
112 290
223 128
448 767
53 622
425 197
494 668
432 569
202 112
303 120
209 827
236 895
173 119
157 927
412 670
467 641
154 929
462 644
92 17
281 687
396 984
344 685
425 661
72 342
281 57
192 282
69 382
467 650
333 531
196 819
424 198
6 48
489 975
152 877
332 719
246 893
152 165
59 318
429 849
74 895
44 399
336 231
489 889
151 141
378 49
394 975
13 780
165 750
419 630
184 985
195 842
326 36
302 319
92 756
141 79
379 830
114 904
364 139
147 627
23 65
495 281
70 196
145 85
221 662
409 581
55 22
453 85
220 504
126 386
100 379
190 816
419 382
67 576
70 287
429 862
172 684
202 163
87 643
112 679
156 40
301 494
321 384
485 929
8 556
332 663
354 299
224 675
65 535
197 227
173 740
180 647
294 824
478 706
218 557
450 331
408 632
65 510
84 639
482 678
36 368
450 958
409 662
64 387
104 126
469 331
211 765
452 338
207 666
105 770
288 831
11 84
211 964
365 406
178 342
398 696
330 962
273 409
311 76
451 244
385 691
1 98
278 16
71 449
167 212
133 784
11 68
414 153
297 275
75 812
311 905
437 693
470 674
69 758
161 9
112 821
26 939
95 38
102 766
138 427
457 773
197 663
176 851
175 857
268 77
189 583
486 783
91 282
181 809
445 589
162 589
