1000 1000 702
1848
9145
3629
4650
5028
6540
1626
2732
5533
4789
1147
5427
6322
2629
8314
6584
9487
7659
5725
1088
463
5990
7552
9379
5520
4546
6945
8428
1159
8273
5508
7038
8939
9674
64
1369
5250
4266
7967
716
1685
2528
1983
4928
4004
8171
8335
244
8500
9017
3333
612
4379
7382
1096
638
9408
8165
6689
8814
1776
1981
7799
5815
6660
1461
5772
764
405
1443
480
6368
4614
2423
6070
3645
9522
6006
9889
260
3079
2665
2858
2472
3407
1624
448
3011
8440
4375
6964
6258
5797
3865
4347
8833
3271
8082
840
8877
1818
5942
2450
6217
9096
7501
9238
4139
2641
4512
7259
4042
4142
5344
6475
9838
4996
8021
362
4400
9247
20
4020
8380
2304
7686
9642
2270
608
9761
2070
4957
8430
6720
4745
8063
2510
3032
7996
7517
6790
4848
5005
4231
8407
7316
319
9783
2158
5252
625
8484
2684
2668
9224
3890
5492
5746
6250
324
8616
595
6026
2207
5261
8924
966
4342
7414
2908
6949
322
3680
2128
4170
570
40
3688
3849
3521
8987
7433
9386
4865
8334
5819
2586
9181
3665
7804
9577
8945
125
1992
3357
4390
704
4169
4987
541
7117
7161
6041
3903
9147
9428
6566
6798
7535
5297
8970
3532
9257
6225
8517
9959
4154
885
6890
9049
2589
7538
4132
8472
8652
6371
1071
5119
4691
7908
8435
4452
9389
2572
768
9345
2877
2572
7986
375
8350
7990
606
3249
9015
157
7098
121
8127
596
3874
8342
7107
2957
7767
5979
3622
7316
3791
7998
3668
9485
638
8219
2271
5954
9821
3797
8562
8386
2436
3448
1497
2658
521
4713
1760
5905
3949
8236
2257
379
1899
8524
6454
4404
8988
2408
8435
4913
4922
3904
6170
5622
2476
2936
1749
100
8358
2732
3548
3067
8653
4330
8569
3554
3796
1065
4744
3623
9578
8320
8183
8799
79
1158
585
4071
5344
7894
4659
3149
4243
4883
639
8302
1872
3641
3004
659
3437
1805
1506
8804
9616
8876
2071
3349
5598
4942
2796
8197
9888
5713
8568
5449
5685
866
246
2523
4653
4134
928
7435
2047
7528
9565
8623
8441
9423
1541
839
5299
5898
3769
3853
421
6012
1585
8230
7070
1066
8699
4537
3600
1340
4272
4270
384
6041
2678
6383
309
2056
3319
6139
1362
822
8951
3437
1756
6934
6838
9086
854
5062
4562
4236
9508
2362
7546
5551
4150
4381
8144
8555
7669
7999
1975
6969
9273
6879
3706
4799
6737
2355
1905
9561
8740
3974
6664
418
3618
3178
1147
4518
9549
2059
5755
7380
5985
5076
919
2735
2539
3132
4837
3001
4241
9446
1602
4135
2537
4603
536
2779
421
4199
149
5126
1725
7678
1465
6227
1002
9589
5524
4027
2211
1174
3281
6925
214
295
7452
2195
6010
9920
3881
4522
1570
8910
3070
4259
6348
1420
4250
6810
2721
5790
8431
7416
8785
4129
5525
1304
3937
3031
5413
2117
682
8944
9629
374
5122
9642
7360
6929
5804
6713
9813
4208
9148
7502
8285
4080
8507
3296
836
9756
6319
7772
5010
1685
5031
3828
6546
8065
8896
536
1597
6399
640
1067
6460
1091
7101
451
825
7017
7936
488
2714
3064
5649
6169
9938
6631
1538
2986
733
9900
4840
2075
3576
8941
8465
4905
3673
4930
3912
4256
6621
1821
4321
3575
353
5464
6780
1888
4154
4312
5178
1238
2650
2271
9088
7906
5360
8136
6649
7109
8138
9545
1840
7411
1754
5939
1341
8843
6908
3044
8879
1718
1976
3108
4806
2969
352
5765
681
3389
667
1163
1750
1201
5533
2828
5057
4754
7285
1615
6048
4938
3951
2368
1409
9410
652
3199
5764
3797
2529
7337
7358
8531
7495
360
7155
5761
8408
1645
6724
1713
6906
5581
9610
1698
1232
7112
7871
3712
1093
370
283
2848
541
3477
7502
8908
4080
120
567
7396
1256
9609
8508
5288
9124
940
4139
1567
8647
8017
6214
604
731
4215
1982
4726
6039
9479
6000
8350
8104
1087
885
6724
4004
9000
3861
1577
5267
2685
3270
6724
8237
6807
1730
8376
1823
8589
8498
2712
8638
1210
4677
3058
889
5496
4401
8994
4756
823
3375
7114
2671
3818
2477
2347
7723
6262
2387
1136
5739
4698
1485
6723
5407
6973
2937
2906
78
1818
9687
5906
8409
2296
2223
570
5137
8195
960
9381
8143
5372
5987
2747
372
8506
7458
2441
7810
3094
5317
1030
1283
8559
2980
1961
1466
5446
2186
7644
9752
7808
8924
5181
5855
1840
999
8042
8542
2970
3621
2587
9547
608
9198
9374
9822
9295
3506
1708
524
5786
1098
5542
3811
5291
528
1053
8683
6697
25
930
4909
3293
6009
8395
1126
2325
37
4529
4834
3269
5503
2676
720
7383
9410
7536
9242
3552
3798
2395
7892
8284
2906
1650
24
794
727
8308
9429
70
835
9429
1901
6342
6108
7647
3194
8389
2600
2432
3694
252
256
5991
8121
4799
6302
859
3665
8148
5319
1230
575
1540
4625
8329
712
7310
8892
927
2922
3220
2580
4742
2229
2514
9879
7868
8592
8444
4757
5035
20
5039
4651
9656
4293
4111
5469
2172
2408
5297
1190
3884
181
6309
4738
9773
4488
7539
6269
6586
3838
9504
7990
702
9807
8942
1609
4940
5121
3815
7654
3943
4367
5352
3651
5872
9734
7881
2504
2121
5042
1523
7394
7039
2819
9844
4710
8899
7560
2186
8875
6329
7585
5427
9039
6117
1824
1950
3467
3179
1970
7565
7776
5073
387
6225
9978
3509
7771
1529
9896
2005
7264
7362
1491
1563
2677
9968
5054
2533
6941
3756
981
3363
6155
383
8164
4478
404
5209
4314
7051
4371
4891
4833
2724
8619
5151
4379
5257
6823
81
2898
8994
4788
560
1081
8470
1323
7905
9433
8266
8078
9441
5122
9433
4733
1400
2881
6178
5905
8528
6143
3794
1941
1180
9287
3185
5256
6092
8725
549
2124
4399
3762
8204
4694
4009
9165
3516
5384
2774
2619
7353
9670
2927
9362
8352
7289
6294
608
93 205
427 579
126 811
36 245
258 819
459 169
52 310
466 665
266 155
476 736
181 613
488 774
432 15
20 479
14 555
408 925
420 955
272 823
83 658
386 393
29 258
172 925
243 994
336 255
446 353
234 707
122 514
152 965
172 424
380 268
233 412
51 188
171 415
56 209
93 597
277 401
215 786
412 631
447 740
78 30
479 35
170 316
36 139
177 736
144 869
257 155
380 935
484 479
215 169
490 71
89 468
247 317
54 72
433 876
184 243
441 699
129 484
494 132
401 397
113 989
241 137
9 731
54 122
286 339
310 843
321 912
92 926
318 551
284 524
428 411
437 232
477 374
13 397
12 522
348 456
314 793
402 597
301 551
293 632
280 111
78 598
69 404
156 561
472 620
248 306
403 900
457 499
175 707
9 326
233 202
298 474
474 648
397 554
497 856
9 458
441 4
93 174
62 612
89 843
122 913
291 800
276 116
442 74
221 423
183 78
98 861
152 901
286 125
32 458
267 334
195 844
454 235
427 981
222 841
387 139
341 50
272 648
117 225
384 646
46 85
7 622
96 611
498 62
471 853
256 862
301 785
73 762
65 518
5 966
8 184
101 543
478 503
493 962
81 703
59 407
332 122
167 765
47 535
463 29
219 328
123 171
236 170
387 168
63 625
226 289
401 464
48 503
197 478
219 913
349 19
66 560
36 832
145 390
33 7
322 675
293 558
402 402
431 953
423 348
101 138
159 131
247 148
15 702
229 384
442 500
117 745
161 778
498 371
117 617
233 477
370 768
229 647
43 268
249 715
263 933
483 320
185 770
82 733
3 760
421 707
32 353
342 772
214 893
16 356
270 806
199 261
92 893
270 340
126 297
384 852
170 627
211 150
254 248
471 319
283 583
155 823
365 258
280 578
356 113
490 638
250 160
170 2
248 386
451 509
201 500
344 241
311 833
222 942
338 14
164 643
479 135
102 375
104 796
325 778
20 501
88 256
247 513
314 105
238 37
1 40
253 355
391 44
357 488
284 709
192 325
148 176
199 695
286 643
234 207
308 992
476 221
267 15
435 978
372 37
324 398
417 90
120 525
344 625
49 382
135 211
147 351
478 670
308 8
490 476
104 990
434 56
78 242
82 386
202 73
497 373
325 560
117 545
441 303
8 35
302 299
413 353
409 222
411 1000
26 870
51 955
298 158
320 74
402 84
83 2
63 339
129 454
476 162
199 357
423 725
380 912
326 988
218 124
300 503
62 514
136 453
357 480
362 980
435 671
87 56
342 92
122 991
101 330
87 391
212 576
336 61
140 425
26 71
387 812
355 99
367 620
174 987
55 493
350 325
49 722
6 675
82 545
321 524
423 58
463 939
315 43
132 333
220 852
6 488
500 400
186 883
466 418
97 699
228 821
290 867
287 798
154 445
488 997
270 427
15 836
40 91
42 987
311 834
479 413
305 528
77 754
82 957
91 416
131 423
434 509
106 312
315 584
219 877
435 344
120 224
484 152
20 150
41 452
287 120
292 226
356 407
448 842
188 165
410 9
227 30
396 324
131 323
155 626
44 647
418 265
144 208
158 131
308 55
151 555
119 667
432 917
235 767
152 996
497 671
66 771
81 379
156 679
308 884
236 557
381 34
327 27
197 12
297 988
329 300
31 266
275 319
201 882
151 178
353 590
385 587
363 287
475 163
102 309
454 598
170 553
5 983
397 375
290 143
133 785
380 347
384 890
466 291
335 196
89 460
168 907
245 524
495 9
84 673
168 570
421 718
133 963
478 813
230 512
240 423
130 756
220 723
48 867
85 966
74 683
84 570
278 907
444 462
223 303
326 878
437 467
327 612
46 268
50 821
497 163
383 352
468 52
274 340
261 418
247 870
231 329
270 454
133 955
296 582
145 691
452 117
414 189
364 371
111 264
487 703
155 353
405 291
471 670
74 423
305 425
417 497
25 559
64 876
146 948
426 95
249 666
371 24
31 199
90 64
337 698
488 324
189 581
389 937
459 279
113 38
43 139
259 719
164 295
69 342
498 980
196 894
281 67
185 34
169 508
115 409
250 873
214 627
78 197
317 705
429 8
431 442
315 160
255 260
267 654
490 47
117 225
292 185
32 862
240 571
429 402
72 981
46 14
60 837
75 313
148 327
246 248
373 68
48 204
220 642
278 82
238 60
262 1
188 823
132 304
104 127
263 734
418 730
428 919
484 642
467 870
141 945
274 145
488 186
199 217
104 249
490 475
437 956
12 219
395 510
446 240
65 952
393 720
421 16
423 276
467 129
51 914
311 91
51 404
179 849
301 988
357 468
25 260
299 783
2 496
18 388
144 649
222 857
439 192
321 123
275 322
262 704
8 94
111 630
402 866
21 712
261 739
336 711
397 873
325 646
179 315
136 515
210 793
176 151
15 254
422 769
310 606
229 719
85 53
462 488
118 557
115 896
124 696
72 263
282 535
109 760
43 739
323 83
427 398
184 477
387 104
202 744
278 587
356 616
49 418
318 544
432 400
416 10
381 640
75 905
51 8
330 335
74 986
263 940
106 542
120 797
205 437
116 497
356 621
461 110
73 792
286 421
487 434
482 569
360 936
262 422
468 332
324 280
265 963
438 691
118 196
127 610
165 795
102 274
443 143
172 290
277 583
470 887
263 409
195 148
227 986
433 708
141 909
450 301
264 706
313 134
162 61
151 249
39 580
178 929
51 643
353 395
436 811
455 327
77 565
405 116
483 36
47 67
121 88
26 322
219 414
370 684
265 154
57 533
166 938
397 741
244 136
18 761
397 178
139 622
82 411
374 329
436 923
364 111
292 646
87 295
396 364
500 243
75 916
336 160
312 404
242 789
281 662
352 135
70 840
35 645
272 360
27 375
106 212
421 467
8 236
49 490
247 755
232 283
352 921
232 374
239 810
339 325
145 345
441 129
252 648
149 501
144 248
486 346
356 465
25 940
462 603
188 889
269 352
254 921
154 827
90 921
322 431
230 230
328 959
6 444
309 81
53 734
257 18
63 808
61 937
190 216
435 307
89 334
98 584
136 340
437 1
16 879
335 348
218 219
347 390
407 809
373 163
218 884
32 754
268 438
190 291
4 378
111 380
204 687
467 727
189 805
390 696
19 930
323 342
370 277
49 96
176 469
76 182
325 867
149 172
252 121
454 337
201 27
383 759
231 658
177 612
213 303
221 271
320 584
93 595
409 896
382 164
298 32
85 982
228 695
18 530
499 576
186 709
498 213
387 160
336 518
338 142
325 141
16 950
213 102
453 761
72 886
36 784
248 45
21 953
333 854
265 941
113 274
276 60
434 352
67 665
425 484
335 245
145 365
278 502
242 361
137 226
42 47
437 251
345 692
321 248
320 952
482 690
192 115
424 787
19 671
135 981
284 323
68 985
422 301
133 924
182 123
453 653
418 292
364 198
88 369
283 574
200 965
360 428
383 326
245 243
446 156
21 863
128 979
500 70
473 506
296 645
55 509
390 541
258 753
219 409
33 440
55 810
355 587
207 493
386 916
228 145
140 128
490 159
231 634
209 419
65 183
34 384
346 693
407 741
58 795
58 739
492 186
101 275
156 970
200 288
208 945
96 357
208 118
116 987
337 416
422 801
494 765
14 801
330 768
297 155
483 170
374 824
314 344
377 958
392 691
79 752
54 679
249 188
325 473
78 1
397 410
462 913
136 552
280 969
86 837
126 905
328 419
120 902
405 648
169 620
351 563
15 547
124 919
361 1
301 661
30 703
205 933
447 811
186 742
41 350
447 909
112 384
288 691
285 557
79 562
27 225
240 973
474 222
94 284
13 611
337 356
311 463
399 918
181 589
213 600
35 658
21 802
78 651
32 434
32 417
12 979
112 290
59 923
104 399
417 15
332 168
164 726
175 916
362 870
14 975
357 845
204 938
124 192
248 791
499 765
114 879
36 812
125 522
370 363
347 442
266 217
416 449
438 399
495 904
449 717
124 772
286 94
72 743
313 336
100 666
349 726
267 894
320 672
148 961
70 294
5 863
177 281
143 945
458 133
154 553
312 700
367 372
306 442
402 901
359 903
387 614
303 461
463 395
216 404
463 905
186 555
2 717
71 818
243 950
305 206
408 4
148 793
30 196
336 400
384 945
200 931
101 830
477 874
356 85
247 269
28 62
256 811
323 362
272 827
439 156
372 373
164 35
486 957
428 592
357 79
468 498
197 362
240 407
301 808
348 516
91 764
486 102
305 249
445 578
47 370
443 440
268 46
346 98
348 984
80 826
486 1000
271 52
309 452
97 684
153 65
380 228
43 291
55 854
129 448
89 21
460 767
40 803
213 469
363 397
475 593
229 633
237 783
325 382
337 643
375 47
13 237
152 446
253 686
432 409
179 696
217 220
189 760
62 339
482 704
402 405
463 903
87 249
17 314
174 888
76 968
243 992
10 177
244 124
205 309
293 913
239 871
422 385
224 833
211 32
264 483
451 31
318 458
196 988
429 248
331 887
259 782
44 393
178 446
167 563
356 170
119 548
