1000 500 546
7
8197
5302
9242
1858
4114
4833
9804
28
1844
4379
8398
5049
1244
859
5590
5948
5828
438
7725
251
2866
9790
6502
5993
9951
8441
8498
9409
6508
683
7220
8830
237
4186
5744
9034
7463
9769
352
9522
5348
4287
6300
5855
7234
643
1887
4741
6379
6750
7806
7131
1366
8308
2149
3208
2820
8803
784
8618
4645
2394
2948
3812
9136
5518
4423
402
3593
667
1076
4040
8365
5125
5602
5256
6916
14
8450
2438
8889
1495
65
3350
570
7554
5549
8132
6740
7512
6352
4587
9490
5935
388
7759
2027
4775
3665
2487
6061
5854
4863
2242
3815
3586
9787
1845
6035
5096
3517
6775
3999
3047
2709
6440
4029
7693
3976
9243
7535
5779
2555
6049
5242
3794
31
3158
2775
2793
9744
5645
176
5762
6340
8101
2825
5946
6292
9116
2308
1141
690
8002
5259
3411
7471
438
6972
9566
4392
9652
9967
220
2348
4924
5011
2301
6027
5122
3474
4401
4761
8880
4433
650
9236
7607
2653
6480
1254
6875
211
8024
463
2831
877
4092
1381
5693
1502
4343
2573
2150
5730
478
7225
3325
5979
8371
5028
61
9637
4039
4429
4569
784
2506
2970
9918
548
3823
2761
40
1858
7560
6821
3727
4464
8581
1458
9708
1335
251
2442
7618
6067
2249
6418
910
2145
3116
2430
4089
1849
1358
6417
7835
8689
5819
2696
9241
1048
4834
955
6666
6805
906
6898
2034
7308
7045
6280
9596
5369
8431
7977
2186
1213
5186
5315
3182
3072
6390
689
3226
2664
7002
5980
1670
3693
2361
735
2794
9913
8351
7171
5705
8686
1766
6155
3025
8521
3064
4431
784
1018
7630
5611
8433
7401
7066
3549
5392
5334
6162
6957
1815
631
2216
1017
1590
2519
7662
5498
5035
6444
4118
3660
8852
4005
8010
1752
4714
195
109
4146
7254
3362
8057
1202
8320
8489
9804
2474
5531
8196
1184
196
4022
8133
4212
7545
6665
3571
7643
7396
2496
8356
5856
5611
7945
2201
239
7210
4486
4274
9583
4229
7075
9537
6214
3715
5335
9856
8834
3084
7231
4682
5298
6628
4402
1825
7196
9256
5619
9485
6378
8580
5306
8510
9483
8313
6434
1420
4359
7858
9377
5094
6723
9703
7894
6702
4531
7599
3237
5481
7912
4495
9267
7325
6067
5597
4472
7455
3805
4829
748
1113
8161
8085
8270
9839
6811
8465
7023
7329
1392
7251
9265
4179
376
1644
7198
5318
8000
3393
7302
3282
6841
8789
1149
3542
1757
1671
1053
7939
8298
8769
7673
8499
1443
2066
7194
9060
9610
2889
9063
8142
840
371
7801
2306
9189
6255
9452
3147
495
5396
1290
8426
1039
4927
622
6383
1981
9571
9127
1903
6508
1308
3010
7343
4414
4880
3562
7433
1867
5849
3246
9386
3697
1749
748
7071
2650
941
6902
1374
3839
3902
3524
6624
8641
7712
1373
4581
6335
9811
2394
1168
8674
7148
6129
9683
1685
1088
9710
1713
4522
1115
7408
3701
2923
7019
8937
6916
2430
1202
8852
6560
9838
3304
1361
9225
320
2744
3601
7784
2714
8356
6136
5622
9653
8748
319
9148
1750
2079
3396
4466
2169
5618
9197
901
6430
8209
5367
8874
6705
8771
1907
41
5507
3505
1785
5740
3299
7097
6383
969
1680
4122
1241
7292
2245
3972
355
8144
8197
7158
8850
855
921
919
926
1876
9593
7730
1347
3272
4389
6962
8066
3269
5970
4926
6474
9975
7781
8857
2633
6098
313
2277
3662
8507
3148
7321
4836
3824
6154
6388
7531
8460
8912
108
8513
2713
4521
2174
5720
1863
7410
3225
3688
4406
4173
2996
9949
2473
8395
7101
8637
5299
2858
7057
8780
9061
531
9693
6259
4830
3851
6033
7036
1136
5871
9034
9344
446
5765
4486
1575
9920
8547
2090
8582
824
4410
5867
4231
5766
4947
8990
1803
4223
7631
9004
2789
9746
1705
7602
9693
6946
3067
7529
932
2897
3516
2030
1985
3985
1109
5069
5817
5500
2849
2056
2370
8111
7877
5746
3796
3547
3239
6720
7424
3331
522
9907
3601
4532
8819
8403
6499
1331
7612
5824
51
7895
7050
7367
4022
3525
8302
2609
4432
7418
2472
4812
350
9251
5237
6751
5679
9902
670
8056
4752
4464
1235
5929
4215
1958
9424
9158
2849
6674
3069
2068
7628
1255
9365
968
5519
4679
4718
9851
883
2277
5649
9843
9350
1937
3358
9964
1979
3702
9204
5743
1916
4795
3487
9526
5946
3388
9164
2468
4971
2347
5649
2310
4932
4062
9890
5838
8504
5544
5971
7388
8136
6067
5367
1593
341
3713
7440
1827
296
9695
878
8752
5341
4772
5764
7015
2171
3989
6900
4420
4331
3016
6392
3363
3351
8298
3582
1126
9168
7843
9414
3894
5353
6971
9333
9418
1153
2103
378
2871
8159
2411
7764
9980
7685
5305
3712
4219
9539
5061
9615
5199
5183
6185
3472
3932
6952
3595
3884
5638
2861
4441
2345
9574
9229
1388
5359
3113
1681
5766
1496
4811
8171
9721
5109
6503
6039
1510
8635
9107
6815
606
4526
7927
7224
6551
2506
6602
4473
1363
3289
2748
5811
9397
7355
7935
7270
8050
8876
1766
5696
1773
152
1585
2410
8254
7014
9585
6163
467
6767
6353
4013
5483
2125
7506
2620
7200
6660
4582
6854
8504
2779
8310
7886
7810
4789
5982
2780
3889
5259
6429
7161
2079
9940
3156
721
3025
638
3670
3801
3699
1270
9185
6863
2194
3745
4045
2509
775
6725
3411
8963
2624
7851
2266
2981
9927
4036
8686
9114
5741
5241
9378
2896
8118
31
3224
2096
5188
6568
5491
8251
5654
2420
1473
3768
7377
5836
7023
7233
7708
8462
3664
6423
1198
5559
36
3388
6100
8588
187
1758
2344
4185
6793
2251
9049
7188
6562
4566
6874
8295
8035
431
1177
6277
8062
1392
6527
7233
2814
4265
5589
7954
7374
3156
7762
5770
1146
2957
3903
1394
2763
8699
9516
3382
2417
8351
5945
7146
9244
1060
691
2644
9078
8612
7786
6103
4496
2406
7249
9015
2769
2744
2237
5478
277 154324
91 1223012
947 50320
716 1614962
950 9577
504 103817
889 1555449
332 2203075
935 2195691
344 923513
609 551645
911 1408845
441 285889
957 238848
824 460031
602 2238996
223 83371
762 1175810
90 1868571
671 87709
20 1066462
549 322579
402 1704546
307 12
22 12
474 3636072
84 263208
710 45
147 10
207 877338
495 188400
44 40
430 32
624 40
656 1535521
391 13
462 448909
465 27
613 279475
567 23
108 783677
878 42
803 1124841
578 1242534
446 152257
172 778453
386 1834017
348 21
573 592621
444 26
178 1598424
944 104950
398 225493
649 981291
487 13
592 769820
726 1388122
695 769019
421 31
40 417107
841 758098
81 221356
85 1482464
529 1771705
241 16
34 22
231 251572
564 1244990
880 6
67 19
821 147019
742 837224
234 1265063
713 3032959
589 2228717
912 496848
798 615464
66 177896
545 3
301 30
501 50
431 791642
175 63393
964 257249
633 74952
766 939256
283 117799
37 559917
709 10678
150 1384114
879 1560777
913 8
260 121788
74 2939990
335 858426
133 259831
36 1662244
627 208328
232 4
16 551243
729 2442863
684 149530
929 29
858 13
467 3330570
346 1369715
230 1135128
494 564872
397 3096679
553 776790
388 2945780
769 187358
249 1122544
289 44
986 888983
712 1083287
523 1
515 1911409
466 4
212 103994
254 490780
374 54752
407 1417538
779 2281141
352 443915
151 291754
455 1055891
164 693551
200 259019
318 1991787
543 3007367
670 174271
674 18
383 323325
663 321615
882 55220
489 340405
484 381196
780 1018926
840 1624640
547 309120
351 25
815 774769
492 1082030
612 2493339
642 54024
782 1256632
326 1
190 259545
568 44
167 2676728
805 207509
527 115983
973 28
987 1273868
364 1413433
89 1074806
822 1581900
872 828463
865 23
213 2139423
502 961833
689 27
210 480808
263 264074
933 1150270
75 1794580
425 39357
675 332547
117 44
921 119344
6 3212649
653 1681365
442 321886
146 1135995
103 1580274
939 1262212
154 1250185
960 467290
895 1721082
50 2249489
650 1661036
888 13564
558 158758
746 2277455
569 653898
530 305289
197 2565272
350 656691
517 67974
907 13
623 1458191
509 219581
116 1075766
657 831137
767 300981
481 940355
795 362101
969 1344793
389 2234003
218 3168288
851 670142
968 3043429
736 82678
733 2498784
537 25
605 1799705
3 277487
953 87376
596 308136
892 19397
954 392245
325 2
211 2333172
807 1135763
199 5832
825 1530239
999 985958
965 1675650
367 441734
984 364054
956 272115
581 1955334
204 40
447 2888112
788 2116321
5 111386
493 1632716
23 3666908
625 2252047
458 670201
405 879849
366 465003
214 1114740
450 188156
409 805540
943 1558098
606 969080
479 719759
902 273709
35 886866
2 189563
225 1
406 1607461
205 680070
648 84623
243 40
808 186874
339 384637
457 819597
239 2384867
294 30
994 2340915
424 42
185 876215
54 569703
136 14
188 106772
747 1828812
45 302360
312 995102
856 2706625
521 127331
354 544086
673 2834071
49 3938928
677 637580
881 1144001
763 865537
885 48
69 297599
614 3037642
760 2398025
399 605024
575 245200
429 39
82 24
454 239474
635 177052
359 1326850
58 2649858
799 20
86 494208
363 164582
666 1698771
460 6
420 1518851
875 729879
330 216319
593 14192
864 532453
817 134076
390 504155
440 1289467
281 14
842 295758
1 253773
321 2428987
681 1733503
818 471132
869 1250814
415 2206653
860 22
683 733348
376 2312448
299 40806
284 42717
536 1725961
761 48
423 826858
724 1223937
173 24
697 1083587
883 1796852
768 1333494
355 18
790 2121447
271 1091703
512 138632
668 917810
833 10
718 50
202 361958
395 22
834 1567934
468 1318487
636 8
615 295247
686 1737442
228 158060
507 119797
88 17147
257 1581970
941 9401
629 360968
855 1399298
276 2041290
272 3
248 497435
438 230474
368 82322
356 292628
432 47
219 3551924
483 262987
503 161842
511 38
916 2531620
831 444051
463 667592
772 235992
96 64092
554 1234341
370 624600
193 44587
551 616369
285 32809
192 127067
215 799841
30 558968
123 2033649
976 580977
520 1780311
247 13847
919 1556123
641 2602063
224 156024
756 746441
802 34
434 214891
835 153135
975 13
727 369580
958 48
328 41
186 1058307
209 927057
138 303415
208 644691
981 146105
316 36728
392 695442
541 338994
704 468829
995 2937464
678 29
196 1014395
715 2739087
899 1666702
591 1511770
714 20
660 18
137 1301203
157 1159030
76 171031
490 874439
101 209475
233 1510983
522 6
203 239415
130 1165539
324 1809693
369 2876292
791 1462062
258 514335
909 190826
32 41794
654 914908
617 1149985
198 454563
194 539050
482 32
286 61960
80 31
300 1343500
977 50608
525 32070
183 2297923
114 734048
206 274764
24 26
659 213646
282 34
156 17
759 1892951
404 175804
99 54583
560 980657
870 771883
556 32788
867 168672
600 1452817
962 15
928 1650608
303 1558669
793 3
963 22710
47 1248837
754 2702316
703 26
923 85466
152 16786
308 298715
163 969317
331 643563
251 3879660
342 1357458
751 2639668
322 3081649
696 1081337
125 36
98 696077
478 756228
105 1174235
735 14447
669 1798148
949 1765942
79 297719
967 933125
776 415801
189 598877
336 691683
991 226970
428 169634
810 851076
826 340941
259 235778
687 1457891
816 118991
707 2
708 1624100
451 1395545
827 13957
922 2607176
832 2032262
61 26
519 956842
315 28
121 1869142
8 201992
179 1129791
508 687112
262 1395667
647 2099563
997 191999
436 59618
550 968164
53 833320
764 489076
985 2609284
989 385050
819 354217
693 35908
131 365476
785 1359753
295 385671
672 1044010
244 520085
118 452209
269 154478
